0.0	-1
0.0	-1
0.000993967056274	1
0.0743370056152	1
0.108227968216	-1
0.109002828598	1
0.14287686348	-1
0.142892837524	1
0.177670955658	-1
0.178571939468	-1
0.178571939468	-1
0.178571939468	-1
0.178571939468	-1
0.178571939468	-1
0.178571939468	-1
0.178571939468	-1
0.178571939468	-1
0.178817987442	-1
0.178817987442	-1
0.178817987442	-1
0.178817987442	-1
0.178817987442	-1
0.178817987442	-1
0.178817987442	-1
0.178817987442	-1
0.17918586731	-1
0.17918586731	-1
0.17918586731	-1
0.17918586731	-1
0.17918586731	-1
0.17918586731	-1
0.17918586731	-1
0.17918586731	-1
0.212218999863	-1
0.212218999863	-1
0.212218999863	-1
0.212218999863	-1
0.212218999863	-1
0.212218999863	-1
0.212218999863	-1
0.212218999863	-1
0.212689876556	-1
0.212689876556	-1
0.212689876556	-1
0.212689876556	-1
0.212689876556	-1
0.212689876556	-1
0.212689876556	-1
0.21293592453	-1
0.21293592453	-1
0.21293592453	-1
0.21293592453	-1
0.21293592453	-1
0.21293592453	-1
0.21293592453	-1
0.21293592453	-1
0.213303804398	-1
0.213303804398	-1
0.213303804398	-1
0.213303804398	-1
0.213303804398	-1
0.213303804398	-1
0.213303804398	-1
0.213303804398	-1
0.213671922684	-1
0.213671922684	-1
0.213671922684	-1
0.213671922684	-1
0.213671922684	-1
0.213671922684	-1
0.213671922684	-1
0.213671922684	-1
0.214990854263	1
0.246085882187	-1
0.246085882187	-1
0.246085882187	-1
0.246085882187	-1
0.246085882187	-1
0.246085882187	-1
0.246085882187	-1
0.246085882187	-1
0.246724843979	-1
0.246724843979	-1
0.246724843979	-1
0.246724843979	-1
0.246724843979	-1
0.246724843979	-1
0.246724843979	-1
0.246724843979	-1
0.247092962265	-1
0.247092962265	-1
0.247092962265	-1
0.247092962265	-1
0.247092962265	-1
0.247092962265	-1
0.247092962265	-1
0.247092962265	-1
0.247461795807	-1
0.247461795807	-1
0.247461795807	-1
0.247461795807	-1
0.247461795807	-1
0.247461795807	-1
0.247461795807	-1
0.247461795807	-1
0.247830867767	-1
0.247830867767	-1
0.247830867767	-1
0.247830867767	-1
0.247830867767	-1
0.247830867767	-1
0.247830867767	-1
0.248772859573	-1
0.248772859573	-1
0.248772859573	-1
0.248772859573	-1
0.248772859573	-1
0.248772859573	-1
0.248772859573	-1
0.248772859573	-1
0.249140977859	-1
0.249140977859	-1
0.249140977859	-1
0.249140977859	-1
0.249140977859	-1
0.249140977859	-1
0.249140977859	-1
0.249140977859	-1
0.250025987625	1
0.280637025833	-1
0.280637025833	-1
0.280637025833	-1
0.280637025833	-1
0.280637025833	-1
0.280637025833	-1
0.280637025833	-1
0.280637025833	-1
0.281005859375	-1
0.281005859375	-1
0.281005859375	-1
0.281005859375	-1
0.281005859375	-1
0.281005859375	-1
0.281005859375	-1
0.281005859375	-1
0.281374931335	-1
0.281374931335	-1
0.281374931335	-1
0.281374931335	-1
0.281374931335	-1
0.281374931335	-1
0.281374931335	-1
0.281374931335	-1
0.281685829163	-1
0.281685829163	-1
0.281685829163	-1
0.281685829163	-1
0.281685829163	-1
0.281685829163	-1
0.281685829163	-1
0.281685829163	-1
0.282111883163	-1
0.282111883163	-1
0.282111883163	-1
0.282111883163	-1
0.282111883163	-1
0.282111883163	-1
0.282111883163	-1
0.282111883163	-1
0.282480955124	-1
0.282480955124	-1
0.282480955124	-1
0.282480955124	-1
0.282480955124	-1
0.282480955124	-1
0.282480955124	-1
0.282770872116	-1
0.282770872116	-1
0.282770872116	-1
0.282770872116	-1
0.282770872116	-1
0.282770872116	-1
0.282770872116	-1
0.282770872116	-1
0.283238887787	-1
0.283238887787	-1
0.283238887787	-1
0.283238887787	-1
0.283238887787	-1
0.283238887787	-1
0.283238887787	-1
0.283238887787	-1
0.314385890961	-1
0.314385890961	-1
0.314385890961	-1
0.314385890961	-1
0.314385890961	-1
0.314385890961	-1
0.314385890961	-1
0.314385890961	-1
0.314399003983	1
0.314399003983	1
0.314754962921	-1
0.314754962921	-1
0.314754962921	-1
0.314754962921	-1
0.314754962921	-1
0.314754962921	-1
0.314754962921	-1
0.314754962921	-1
0.315123796463	-1
0.315123796463	-1
0.315123796463	-1
0.315123796463	-1
0.315123796463	-1
0.315123796463	-1
0.315123796463	-1
0.315123796463	-1
0.315659999847	-1
0.315659999847	-1
0.315659999847	-1
0.315659999847	-1
0.315659999847	-1
0.315659999847	-1
0.315659999847	-1
0.315659999847	-1
0.31610584259	-1
0.31610584259	-1
0.31610584259	-1
0.31610584259	-1
0.31610584259	-1
0.31610584259	-1
0.31610584259	-1
0.31610584259	-1
0.316414833069	-1
0.316414833069	-1
0.316414833069	-1
0.316414833069	-1
0.316414833069	-1
0.316414833069	-1
0.316414833069	-1
0.318993806839	-1
0.318993806839	-1
0.318993806839	-1
0.318993806839	-1
0.318993806839	-1
0.318993806839	-1
0.318993806839	-1
0.318993806839	-1
0.319362878799	-1
0.319362878799	-1
0.319362878799	-1
0.319362878799	-1
0.319362878799	-1
0.319362878799	-1
0.319362878799	-1
0.319362878799	-1
0.319730997086	-1
0.319730997086	-1
0.319730997086	-1
0.319730997086	-1
0.319730997086	-1
0.319730997086	-1
0.319730997086	-1
0.319730997086	-1
0.321202993393	1
0.321202993393	1
0.321202993393	1
0.348318815231	-1
0.348318815231	-1
0.348318815231	-1
0.348318815231	-1
0.348318815231	-1
0.348318815231	-1
0.348318815231	-1
0.348318815231	-1
0.348564863205	-1
0.348564863205	-1
0.348564863205	-1
0.348564863205	-1
0.348564863205	-1
0.348564863205	-1
0.348564863205	-1
0.348564863205	-1
0.348933935165	-1
0.348933935165	-1
0.348933935165	-1
0.348933935165	-1
0.348933935165	-1
0.348933935165	-1
0.348933935165	-1
0.348933935165	-1
0.349670886993	-1
0.349670886993	-1
0.349670886993	-1
0.349670886993	-1
0.349670886993	-1
0.349670886993	-1
0.349670886993	-1
0.349670886993	-1
0.35003900528	-1
0.35003900528	-1
0.35003900528	-1
0.35003900528	-1
0.35003900528	-1
0.35003900528	-1
0.35003900528	-1
0.350407838821	-1
0.350407838821	-1
0.350407838821	-1
0.350407838821	-1
0.350407838821	-1
0.350407838821	-1
0.350407838821	-1
0.350407838821	-1
0.350776910782	-1
0.350776910782	-1
0.350776910782	-1
0.350776910782	-1
0.350776910782	-1
0.350776910782	-1
0.350776910782	-1
0.350776910782	-1
0.352393865585	-1
0.352393865585	-1
0.352393865585	-1
0.352393865585	-1
0.352393865585	-1
0.352393865585	-1
0.352393865585	-1
0.352393865585	-1
0.352762937546	-1
0.352762937546	-1
0.352762937546	-1
0.352762937546	-1
0.352762937546	-1
0.352762937546	-1
0.352762937546	-1
0.352762937546	-1
0.353132009506	-1
0.353132009506	-1
0.353132009506	-1
0.353132009506	-1
0.353132009506	-1
0.353132009506	-1
0.353132009506	-1
0.353132009506	-1
0.353377819061	-1
0.353377819061	-1
0.353377819061	-1
0.353377819061	-1
0.353377819061	-1
0.353377819061	-1
0.353377819061	-1
0.353377819061	-1
0.353747844696	-1
0.353747844696	-1
0.353747844696	-1
0.353747844696	-1
0.353747844696	-1
0.353747844696	-1
0.353747844696	-1
0.353747844696	-1
0.356473922729	1
0.356473922729	1
0.356473922729	1
0.37219786644	-1
0.37219786644	-1
0.37219786644	-1
0.37219786644	-1
0.37219786644	-1
0.37219786644	-1
0.37219786644	-1
0.372442960739	-1
0.372442960739	-1
0.372442960739	-1
0.372442960739	-1
0.372442960739	-1
0.372442960739	-1
0.372442960739	-1
0.372442960739	-1
0.372811794281	-1
0.372811794281	-1
0.372811794281	-1
0.372811794281	-1
0.372811794281	-1
0.372811794281	-1
0.372811794281	-1
0.372811794281	-1
0.373180866241	-1
0.373180866241	-1
0.373180866241	-1
0.373180866241	-1
0.373180866241	-1
0.373180866241	-1
0.373180866241	-1
0.373180866241	-1
0.373548984528	-1
0.373548984528	-1
0.373548984528	-1
0.373548984528	-1
0.373548984528	-1
0.373548984528	-1
0.373548984528	-1
0.373548984528	-1
0.373917818069	-1
0.373917818069	-1
0.373917818069	-1
0.373917818069	-1
0.373917818069	-1
0.373917818069	-1
0.373917818069	-1
0.373917818069	-1
0.382968902588	-1
0.382968902588	-1
0.382968902588	-1
0.382968902588	-1
0.382968902588	-1
0.382968902588	-1
0.382968902588	-1
0.382968902588	-1
0.383337974548	-1
0.383337974548	-1
0.383337974548	-1
0.383337974548	-1
0.383337974548	-1
0.383337974548	-1
0.383337974548	-1
0.383337974548	-1
0.388518810272	-1
0.388518810272	-1
0.388518810272	-1
0.388518810272	-1
0.388518810272	-1
0.388518810272	-1
0.388518810272	-1
0.388764858246	-1
0.388764858246	-1
0.388764858246	-1
0.388764858246	-1
0.388764858246	-1
0.388764858246	-1
0.388764858246	-1
0.388764858246	-1
0.389073848724	-1
0.389073848724	-1
0.389073848724	-1
0.389073848724	-1
0.389073848724	-1
0.389073848724	-1
0.389073848724	-1
0.389073848724	-1
0.389501810074	-1
0.389501810074	-1
0.389501810074	-1
0.389501810074	-1
0.389501810074	-1
0.389501810074	-1
0.389501810074	-1
0.389501810074	-1
0.389870882034	-1
0.389870882034	-1
0.389870882034	-1
0.389870882034	-1
0.389870882034	-1
0.389870882034	-1
0.389870882034	-1
0.389870882034	-1
0.39023900032	-1
0.39023900032	-1
0.39023900032	-1
0.39023900032	-1
0.39023900032	-1
0.39023900032	-1
0.39023900032	-1
0.39023900032	-1
0.390607833862	-1
0.390607833862	-1
0.390607833862	-1
0.390607833862	-1
0.390607833862	-1
0.390607833862	-1
0.390607833862	-1
0.390607833862	-1
0.390976905823	-1
0.390976905823	-1
0.390976905823	-1
0.390976905823	-1
0.390976905823	-1
0.390976905823	-1
0.390976905823	-1
0.390976905823	-1
0.392313957214	1
0.392313957214	1
0.392313957214	1
0.406252861023	-1
0.406252861023	-1
0.406252861023	-1
0.406252861023	-1
0.406252861023	-1
0.406252861023	-1
0.406252861023	-1
0.406621932983	-1
0.406621932983	-1
0.406621932983	-1
0.406621932983	-1
0.406621932983	-1
0.406621932983	-1
0.406621932983	-1
0.406621932983	-1
0.406991004944	-1
0.406991004944	-1
0.406991004944	-1
0.406991004944	-1
0.406991004944	-1
0.406991004944	-1
0.406991004944	-1
0.406991004944	-1
0.407235860825	-1
0.407235860825	-1
0.407235860825	-1
0.407235860825	-1
0.407235860825	-1
0.407235860825	-1
0.407235860825	-1
0.407235860825	-1
0.408710002899	1
0.408710002899	1
0.41579580307	-1
0.41579580307	-1
0.41579580307	-1
0.41579580307	-1
0.41579580307	-1
0.41579580307	-1
0.41579580307	-1
0.41579580307	-1
0.416164875031	-1
0.416164875031	-1
0.416164875031	-1
0.416164875031	-1
0.416164875031	-1
0.416164875031	-1
0.416164875031	-1
0.416164875031	-1
0.416533946991	-1
0.416533946991	-1
0.416533946991	-1
0.416533946991	-1
0.416533946991	-1
0.416533946991	-1
0.416533946991	-1
0.416533946991	-1
0.416903018951	-1
0.416903018951	-1
0.416903018951	-1
0.416903018951	-1
0.416903018951	-1
0.416903018951	-1
0.416903018951	-1
0.416903018951	-1
0.417270898819	-1
0.417270898819	-1
0.417270898819	-1
0.417270898819	-1
0.417270898819	-1
0.417270898819	-1
0.417270898819	-1
0.417639970779	-1
0.417639970779	-1
0.417639970779	-1
0.417639970779	-1
0.417639970779	-1
0.417639970779	-1
0.417639970779	-1
0.417639970779	-1
0.417956829071	-1
0.417956829071	-1
0.417956829071	-1
0.417956829071	-1
0.417956829071	-1
0.417956829071	-1
0.417956829071	-1
0.417956829071	-1
0.422738790512	-1
0.422738790512	-1
0.422738790512	-1
0.422738790512	-1
0.422738790512	-1
0.422738790512	-1
0.422738790512	-1
0.422738790512	-1
0.423106908798	-1
0.423106908798	-1
0.423106908798	-1
0.423106908798	-1
0.423106908798	-1
0.423106908798	-1
0.423106908798	-1
0.423106908798	-1
0.423352956772	-1
0.423352956772	-1
0.423352956772	-1
0.423352956772	-1
0.423352956772	-1
0.423352956772	-1
0.423352956772	-1
0.423352956772	-1
0.423643827438	-1
0.423643827438	-1
0.423643827438	-1
0.423643827438	-1
0.423643827438	-1
0.423643827438	-1
0.423643827438	-1
0.423643827438	-1
0.4240899086	-1
0.4240899086	-1
0.4240899086	-1
0.4240899086	-1
0.4240899086	-1
0.4240899086	-1
0.4240899086	-1
0.4240899086	-1
0.424643993378	-1
0.424643993378	-1
0.424643993378	-1
0.424643993378	-1
0.424643993378	-1
0.424643993378	-1
0.424643993378	-1
0.425011873245	-1
0.425011873245	-1
0.425011873245	-1
0.425011873245	-1
0.425011873245	-1
0.425011873245	-1
0.425011873245	-1
0.425011873245	-1
0.425308942795	-1
0.425308942795	-1
0.425308942795	-1
0.425308942795	-1
0.425308942795	-1
0.425308942795	-1
0.425308942795	-1
0.425308942795	-1
0.425748825073	-1
0.425748825073	-1
0.425748825073	-1
0.425748825073	-1
0.425748825073	-1
0.425748825073	-1
0.425748825073	-1
0.425748825073	-1
0.426046848297	1
0.426046848297	1
0.426046848297	1
0.426077842712	-1
0.426077842712	-1
0.426077842712	-1
0.426077842712	-1
0.426077842712	-1
0.426077842712	-1
0.426077842712	-1
0.426077842712	-1
0.426486968994	-1
0.426486968994	-1
0.426486968994	-1
0.426486968994	-1
0.426486968994	-1
0.426486968994	-1
0.426486968994	-1
0.426486968994	-1
0.426731824875	-1
0.426731824875	-1
0.426731824875	-1
0.426731824875	-1
0.426731824875	-1
0.426731824875	-1
0.426731824875	-1
0.426731824875	-1
0.427033901215	-1
0.427033901215	-1
0.427033901215	-1
0.427033901215	-1
0.427033901215	-1
0.4596118927	1
