0.0	1
0.249763011932	1
0.837265014648	-1
0.838397026062	1
1.20573616028	-1
1.20716619492	1
1.21202421188	1
1.21202421188	1
1.21202421188	1
1.21202421188	1
1.21202421188	1
1.21202421188	1
1.73840403557	-1
1.73990011215	1
1.85504698753	-1
1.85504698753	-1
1.85643219948	1
1.97161507607	-1
1.97164916992	1
2.10552120209	-1
2.10556101799	1
2.14816117287	-1
2.14816117287	-1
2.14816117287	-1
2.31201601028	-1
2.31201601028	-1
2.31201601028	-1
2.31201601028	-1
2.31201601028	-1
2.34752607346	1
2.45134806633	-1
2.45134806633	-1
2.48872208595	-1
2.48872208595	-1
2.48872208595	-1
2.48872208595	-1
2.48872208595	-1
2.48872208595	-1
2.48872208595	-1
2.5965950489	1
2.60382914543	-1
2.71909809113	-1
2.71913218498	1
2.83431911469	-1
2.95841598511	-1
2.95841598511	-1
2.95841598511	-1
2.95841598511	-1
2.95841598511	-1
2.95841598511	-1
2.95841598511	-1
2.95841598511	-1
3.13803315163	-1
3.13934111595	1
3.25319004059	-1
3.28852319717	-1
3.28852319717	-1
3.28852319717	-1
3.28852319717	-1
3.28852319717	-1
3.28852319717	-1
3.40350008011	-1
3.51918506622	-1
3.51918506622	-1
3.6350941658	-1
3.66474914551	-1
3.66474914551	-1
3.66474914551	-1
3.70185017586	1
3.70892214775	-1
3.70892214775	-1
3.70892214775	-1
3.70892214775	-1
3.70892214775	-1
3.73401403427	1
3.73401403427	1
3.73401403427	1
3.75160598755	1
3.75160598755	1
3.7857670784	1
3.7857670784	1
3.7857670784	1
4.01679205894	1
4.0216050148	-1
4.19803214073	-1
4.22038006783	1
4.22252821922	1
4.22252821922	1
4.22252821922	1
4.26077914238	-1
4.26077914238	-1
4.26077914238	-1
4.26335811615	1
4.26335811615	1
4.28963303566	-1
4.28963303566	-1
4.28963303566	-1
4.32678413391	-1
4.32678413391	-1
4.32934403419	1
4.32934403419	1
4.32934403419	1
4.32934403419	1
4.32934403419	1
4.32934403419	1
4.32934403419	1
4.32934403419	1
4.32934403419	1
4.37623620033	-1
4.37623620033	-1
4.37623620033	-1
4.39790320396	-1
4.39790320396	-1
4.39790320396	-1
4.39790320396	-1
4.39790320396	-1
4.42831707001	-1
4.42831707001	-1
4.42831707001	-1
4.42831707001	-1
4.42831707001	-1
4.4509871006	1
4.4509871006	1
4.48924517632	-1
4.48924517632	-1
4.48924517632	-1
4.48924517632	-1
4.48924517632	-1
4.48924517632	-1
4.56625699997	1
4.68161511421	-1
4.68161511421	-1
4.68164920807	1
4.78777909279	-1
4.78777909279	-1
4.78777909279	-1
4.79676103592	1
4.79676103592	1
4.84030604362	-1
4.84030604362	-1
4.84030604362	-1
4.90808606148	-1
4.90808606148	-1
4.93962717056	-1
4.93962717056	-1
4.93962717056	-1
4.99266505241	-1
4.99266505241	-1
4.99266505241	-1
4.99266505241	-1
4.99266505241	-1
4.99266505241	-1
4.99266505241	-1
4.99266505241	-1
5.00819706917	1
5.02711200714	-1
5.07649302483	-1
5.07649302483	-1
5.07649302483	-1
5.13779807091	-1
5.13779807091	-1
5.13779807091	-1
5.13779807091	-1
5.13779807091	-1
5.13779807091	-1
5.13779807091	-1
5.13779807091	-1
5.13784003258	1
5.17914319038	-1
5.17914319038	-1
5.17914319038	-1
5.17914319038	-1
5.17914319038	-1
5.17914319038	-1
5.28209519386	-1
5.28209519386	-1
5.28209519386	-1
5.28209519386	-1
5.28209519386	-1
5.28209519386	-1
5.31159710884	-1
5.31159710884	-1
5.32433605194	-1
5.32433605194	-1
5.32433605194	-1
5.32433605194	-1
5.32433605194	-1
5.33820009232	-1
5.35820817947	-1
5.35902619362	-1
5.35902619362	-1
5.35902619362	-1
5.35902619362	-1
5.35902619362	-1
5.36891818047	-1
5.39744615555	-1
5.39744615555	-1
5.39744615555	-1
5.39744615555	-1
5.39744615555	-1
5.39744615555	-1
5.42189717293	-1
5.42189717293	-1
5.42189717293	-1
5.42189717293	-1
5.42189717293	-1
5.42189717293	-1
5.42189717293	-1
5.42189717293	-1
5.43944907188	-1
5.43944907188	-1
5.43944907188	-1
5.46584415436	-1
5.46584415436	-1
5.46584415436	-1
5.46584415436	-1
5.46584415436	-1
5.46584415436	-1
5.46584415436	-1
5.46584415436	-1
5.48220300674	-1
5.48220300674	-1
5.48232603073	-1
5.48232603073	-1
5.48232603073	-1
5.48232603073	-1
5.48232603073	-1
5.48232603073	-1
5.48359203339	1
5.49217605591	-1
5.51761412621	-1
5.51761412621	-1
5.51761412621	-1
5.51761412621	-1
5.51761412621	-1
5.51773405075	-1
5.51773405075	-1
5.51773405075	-1
5.51773405075	-1
5.51773405075	-1
5.55454516411	-1
5.55456805229	-1
5.55456805229	-1
5.55456805229	-1
5.56861305237	-1
5.56861305237	-1
5.56861305237	-1
5.56861305237	-1
5.56861305237	-1
5.60242319107	-1
5.60242319107	-1
5.60242319107	-1
5.60242319107	-1
5.60242319107	-1
5.60242319107	-1
5.60242319107	-1
5.60242319107	-1
5.60242319107	-1
5.60244011879	1
5.63291501999	-1
5.63291501999	-1
5.63291501999	-1
5.63291501999	-1
5.63291501999	-1
5.63291501999	-1
5.63291501999	-1
5.63291501999	-1
5.63374710083	-1
5.63374710083	-1
5.63374710083	-1
5.63374710083	-1
5.63374710083	-1
5.63374710083	-1
5.63374710083	-1
5.73207712173	-1
5.73207712173	-1
5.73963499069	-1
5.73963499069	-1
5.74671006203	-1
5.74671006203	-1
5.74671006203	-1
5.74671006203	-1
5.74671006203	-1
5.74671006203	-1
5.74671006203	-1
5.74904417992	1
5.75221419334	-1
5.75221419334	-1
5.75221419334	-1
5.75221419334	-1
5.75221419334	-1
5.75221419334	-1
5.76523804665	-1
5.76523804665	-1
5.76523804665	-1
5.76523804665	-1
5.76523804665	-1
5.76523804665	-1
5.76523804665	-1
5.76523804665	-1
5.84769916534	-1
5.84769916534	-1
5.84769916534	-1
5.84769916534	-1
5.84769916534	-1
5.84769916534	-1
5.84769916534	-1
5.84769916534	-1
5.89917421341	-1
5.89917421341	-1
5.89917421341	-1
5.89917421341	-1
5.89917421341	-1
5.89917421341	-1
5.89917421341	-1
5.89917421341	-1
5.91533112526	-1
5.91533112526	-1
5.91533112526	-1
5.91533112526	-1
5.91533112526	-1
5.91533112526	-1
5.91533112526	-1
5.91533112526	-1
5.92333912849	-1
5.92333912849	-1
5.92333912849	-1
5.92333912849	-1
5.92333912849	-1
5.92333912849	-1
5.9245121479	1
5.97897815704	-1
5.99166512489	-1
5.99166512489	-1
5.99166512489	-1
5.99166512489	-1
5.99166512489	-1
5.99166512489	-1
5.99166512489	-1
5.99166512489	-1
5.99971914291	-1
5.99971914291	-1
5.99971914291	-1
5.99971914291	-1
6.04312515259	-1
6.04312515259	-1
6.04314517975	1
6.05522108078	-1
6.05522108078	-1
6.05522108078	-1
6.05522108078	-1
6.05522108078	-1
6.05522108078	-1
6.05522108078	-1
6.06443309784	-1
6.06443309784	-1
6.06443309784	-1
6.06443309784	-1
6.06443309784	-1
6.06443309784	-1
6.06443309784	-1
6.08477711678	-1
6.08477711678	-1
6.10670018196	-1
6.19702911377	1
6.2315530777	-1
6.2315530777	-1
6.2315530777	-1
6.2315530777	-1
6.24776601791	-1
6.24776601791	-1
6.24776601791	-1
6.24776601791	-1
6.24776601791	-1
6.24776601791	-1
6.27955508232	-1
6.27955508232	-1
6.27955508232	-1
6.27955508232	-1
6.27955508232	-1
6.27955508232	-1
6.27955508232	-1
6.27955508232	-1
6.30028605461	-1
6.30028605461	-1
6.30028605461	-1
6.30028605461	-1
6.30028605461	-1
6.30028605461	-1
6.30028605461	-1
6.32881307602	-1
6.32881307602	-1
6.36168217659	-1
6.36168217659	-1
6.37886214256	-1
6.37886214256	-1
6.37886214256	-1
6.43935799599	-1
6.43935799599	-1
6.43935799599	-1
6.45454120636	-1
6.45454120636	-1
6.45454120636	-1
6.45454120636	-1
6.45454120636	-1
6.45454120636	-1
6.48346805573	-1
6.48346805573	-1
6.48346805573	-1
6.48346805573	-1
6.48346805573	-1
6.48346805573	-1
6.48346805573	-1
6.48346805573	-1
6.49722099304	-1
6.49722099304	-1
6.49722099304	-1
6.49722099304	-1
6.49722099304	-1
6.49722099304	-1
6.49722099304	-1
6.49722099304	-1
6.51132202148	-1
6.51132202148	-1
6.51258516312	1
6.52370905876	-1
6.54769706726	-1
6.54769706726	-1
6.54769706726	-1
6.55576515198	-1
6.55576515198	-1
6.57677602768	-1
6.57677602768	-1
6.57677602768	-1
6.60324907303	-1
6.60324907303	-1
6.61277103424	-1
6.61277103424	-1
6.61277103424	-1
6.61277103424	-1
6.61277103424	-1
6.61277103424	-1
6.61277103424	-1
6.62579607964	-1
6.62579607964	-1
6.62579607964	-1
6.62579607964	-1
6.62579607964	-1
6.62579607964	-1
6.62579607964	-1
6.64195799828	-1
6.64195799828	-1
6.64195799828	-1
6.64195799828	-1
6.64195799828	-1
6.64195799828	-1
6.64315414429	1
6.79680609703	1
6.81598114967	1
6.81598114967	1
6.81598114967	1
6.81649208069	1
6.81649208069	1
6.81649208069	1
6.86809015274	1
6.86809015274	1
6.86809015274	1
7.06386399269	1
7.37555909157	-1
7.37728214264	1
7.49054813385	-1
7.52713704109	-1
7.52713704109	-1
7.52713704109	-1
7.52713704109	-1
7.52713704109	-1
7.52713704109	-1
7.52713704109	-1
7.52713704109	-1
7.52718114853	1
7.55411314964	-1
7.58038711548	-1
7.58038711548	-1
7.58038711548	-1
7.58038711548	-1
7.60842299461	-1
7.64381313324	-1
7.64381313324	-1
7.64381313324	-1
7.64381313324	-1
7.64381313324	-1
7.64381313324	-1
7.73491311073	-1
7.73491311073	-1
7.73491311073	-1
7.73491311073	-1
7.73491311073	-1
7.75792121887	1
7.80688405037	-1
7.80688405037	-1
7.80688405037	-1
7.87357807159	-1
7.87362003326	1
7.90675616264	-1
7.90675616264	-1
7.90675616264	-1
7.90675616264	-1
7.90675616264	-1
7.90675616264	-1
7.90675616264	-1
7.98883199692	-1
7.98916506767	-1
7.98916506767	-1
7.98916506767	-1
7.98916506767	-1
7.98916506767	-1
7.98916506767	-1
7.98916506767	-1
8.04988121986	-1
8.04988121986	-1
8.04988121986	-1
8.04988121986	-1
8.04988121986	-1
8.04988121986	-1
8.04988121986	-1
8.04988121986	-1
8.09612011909	-1
8.09612011909	-1
8.09612011909	-1
8.09612011909	-1
8.09612011909	-1
8.09612011909	-1
8.09612011909	-1
8.09612011909	-1
8.14225912094	-1
8.14225912094	-1
8.14225912094	-1
8.14225912094	-1
8.14225912094	-1
8.15950322151	-1
8.16039919853	1
8.30289912224	-1
8.30289912224	-1
8.30289912224	-1
8.30289912224	-1
8.30289912224	-1
8.30289912224	-1
8.30289912224	-1
8.38307499886	1
8.49717402458	-1
8.49717402458	-1
8.49717402458	-1
8.49717402458	-1
8.49717402458	-1
8.49717402458	-1
8.49717402458	-1
8.49717402458	-1
8.57825112343	-1
8.57825112343	-1
8.57825112343	-1
8.57825112343	-1
8.57825112343	-1
8.57825112343	-1
8.57825112343	-1
8.57825112343	-1
8.60135006905	-1
8.62434911728	-1
8.62434911728	-1
8.62434911728	-1
8.62434911728	-1
8.62434911728	-1
8.62434911728	-1
8.62434911728	-1
8.75659918785	-1
8.75659918785	-1
8.75659918785	-1
8.75659918785	-1
8.75659918785	-1
8.75659918785	-1
8.75659918785	-1
8.75659918785	-1
8.79702210426	-1
8.79702210426	-1
8.79702210426	-1
8.81531214714	-1
8.81531214714	-1
8.81531214714	-1
8.81531214714	-1
8.81531214714	-1
8.81531214714	-1
8.81531214714	-1
8.83624100685	-1
8.83624100685	-1
8.83624100685	-1
8.83624100685	-1
8.83624100685	-1
8.83624100685	-1
8.83624100685	-1
8.90445518494	-1
8.90445518494	-1
8.90445518494	-1
8.90445518494	-1
8.90445518494	-1
8.90445518494	-1
8.90445518494	-1
8.90445518494	-1
8.90512418747	1
8.93185806274	-1
8.93185806274	-1
8.93185806274	-1
8.93185806274	-1
8.93185806274	-1
8.93185806274	-1
8.93185806274	-1
8.93185806274	-1
8.95172214508	-1
8.99191713333	-1
8.99191713333	-1
8.99191713333	-1
8.99191713333	-1
8.99191713333	-1
8.99191713333	-1
8.99191713333	-1
9.02734613419	-1
9.02734613419	-1
9.02734613419	-1
9.02734613419	-1
9.02734613419	-1
9.02734613419	-1
9.02734613419	-1
9.02734613419	-1
9.02738404274	1
9.04682302475	-1
9.04682302475	-1
9.04682302475	-1
9.04682302475	-1
9.04682302475	-1
9.04682302475	-1
9.04682302475	-1
9.04682302475	-1
9.06031513214	-1
9.08063006401	-1
9.08063006401	-1
9.08063006401	-1
9.08063006401	-1
9.08063006401	-1
9.08063006401	-1
9.08063006401	-1
9.10645508766	-1
9.15103602409	-1
9.15103602409	-1
9.15103602409	-1
9.15103602409	-1
9.15103602409	-1
9.15103602409	-1
9.15103602409	-1
9.15103602409	-1
9.15107607841	1
9.17737412453	-1
9.17737412453	-1
9.17737412453	-1
9.17737412453	-1
9.17737412453	-1
9.17737412453	-1
9.26221418381	-1
9.26221418381	-1
9.26274704933	-1
9.26274704933	-1
9.26274704933	-1
9.26274704933	-1
9.30463409424	1
9.4565911293	1
9.4565911293	1
9.63730502129	-1
9.85462498665	1
9.9540271759	-1
10.1061871052	-1
10.1667840481	-1
10.1667840481	-1
10.1667840481	-1
10.5618350506	-1
10.6380159855	-1
10.6380159855	-1
10.6380159855	-1
10.6380159855	-1
10.6380159855	-1
10.6380159855	-1
10.6380159855	-1
10.6380159855	-1
10.6859321594	-1
10.6859321594	-1
10.6859321594	-1
10.6859321594	-1
10.6859321594	-1
10.6859321594	-1
10.6859321594	-1
10.717744112	-1
10.717744112	-1
10.717744112	-1
10.717744112	-1
10.717744112	-1
10.717744112	-1
10.717744112	-1
10.717744112	-1
10.792383194	-1
10.7937200069	-1
10.7937200069	-1
10.7937200069	-1
10.7937200069	-1
10.7937200069	-1
10.7937200069	-1
10.7937200069	-1
10.8246819973	-1
10.8246819973	-1
10.8535821438	1
10.8655610085	1
10.8655610085	1
10.8655610085	1
10.8655610085	1
10.8655610085	1
10.8655610085	1
11.0155360699	-1
11.0155360699	-1
11.0155360699	-1
11.2690010071	-1
11.5727851391	-1
11.8348071575	-1
11.849820137	1
11.9186830521	1
11.9186830521	1
11.9186830521	1
11.9188799858	1
11.9188799858	1
11.9188799858	1
11.9202501774	1
11.9202501774	1
11.9202501774	1
11.9202501774	1
11.9202501774	1
11.9202501774	1
11.9659090042	1
12.1321401596	-1
