0.0	1
0.249811887741	1
0.443359851837	-1
0.44472193718	1
0.740325927734	-1
0.741133928299	1
0.744292020798	1
0.744292020798	1
0.744292020798	1
0.854689836502	1
0.854689836502	1
0.969789028168	1
1.12641000748	-1
1.1281440258	1
1.21190690994	-1
1.21190690994	-1
1.21190690994	-1
1.24250888824	1
1.24250888824	1
1.35704088211	-1
1.35704088211	-1
1.35847091675	1
1.47371101379	-1
1.47374486923	1
1.53328585625	-1
1.53328585625	-1
1.53328585625	-1
1.53328585625	-1
1.53328585625	-1
1.53328585625	-1
1.53328585625	-1
1.53328585625	-1
1.60063791275	1
1.6443798542	-1
1.6443798542	-1
1.6443798542	-1
1.64853596687	-1
1.64853596687	-1
1.64853596687	-1
1.64853596687	-1
1.64853596687	-1
1.64853596687	-1
1.66195201874	-1
1.66195201874	-1
1.66195201874	-1
1.70598387718	-1
1.70598387718	-1
1.71500897408	1
1.71500897408	1
1.75018596649	-1
1.75018596649	-1
1.75018596649	-1
1.75018596649	-1
1.75018596649	-1
1.75018596649	-1
1.75018596649	-1
1.81236696243	-1
1.82954692841	-1
1.83458590508	-1
1.83458590508	-1
1.83458590508	-1
1.83458590508	-1
1.83458590508	-1
1.83458590508	-1
1.83458590508	-1
1.85461902618	1
1.94392895699	-1
2.00486087799	1
2.00486087799	1
2.09609985352	-1
2.15689897537	1
2.21029806137	-1
2.36844396591	-1
2.45371794701	-1
2.45371794701	-1
2.45371794701	-1
2.46260595322	1
2.56006383896	-1
2.65687394142	1
2.77121591568	-1
2.77182483673	1
2.88616585732	-1
2.88620495796	1
2.90341806412	1
2.90341806412	1
2.90341806412	1
3.00057888031	-1
3.00062084198	1
3.11476492882	1
3.12646102905	-1
3.36479401588	1
3.37633991241	-1
3.37633991241	-1
3.41459488869	-1
3.41459488869	-1
3.41459488869	-1
3.43000388145	-1
3.43000388145	-1
3.43000388145	-1
3.43000388145	-1
3.43000388145	-1
3.43000388145	-1
3.52823090553	-1
3.53595805168	1
3.6154718399	-1
3.6154718399	-1
3.6154718399	-1
3.64067983627	-1
3.64067983627	-1
3.64067983627	-1
3.64067983627	-1
3.64067983627	-1
3.77311205864	-1
3.77445197105	1
3.9785759449	-1
4.02743792534	-1
4.02743792534	-1
4.02743792534	-1
4.13761591911	1
4.25170397758	1
4.38919496536	-1
4.58011698723	-1
4.73202896118	-1
4.74441599846	1
4.961124897	-1
5.02917194366	-1
5.02917194366	-1
5.02917194366	-1
5.02917194366	-1
5.02917194366	-1
5.02917194366	-1
5.02917194366	-1
5.17764687538	1
5.25775885582	-1
5.29180598259	1
5.29180598259	1
5.46589803696	-1
5.49743890762	-1
5.49743890762	-1
5.49743890762	-1
5.49743890762	-1
5.49743890762	-1
5.49743890762	-1
5.49743890762	-1
5.49743890762	-1
5.51265192032	-1
5.51265192032	-1
5.51265192032	-1
5.51265192032	-1
5.51265192032	-1
5.51265192032	-1
5.55580401421	-1
5.55580401421	-1
5.55580401421	-1
5.55580401421	-1
5.55580401421	-1
5.55580401421	-1
5.55580401421	-1
5.55580401421	-1
5.55580401421	-1
5.58007097244	-1
5.58007097244	-1
5.58007097244	-1
5.61182999611	-1
5.66403388977	1
5.66903305054	1
5.66903305054	1
5.66903305054	1
5.77621793747	-1
5.77621793747	-1
5.77824497223	1
5.77905488014	1
5.77905488014	1
5.77905488014	1
5.77905488014	1
5.77905488014	1
5.77905488014	1
5.90311694145	-1
5.99605202675	-1
5.99605202675	-1
5.99605202675	-1
5.99840497971	1
5.99840497971	1
5.99840497971	1
5.99840497971	1
6.03584384918	-1
6.03584384918	-1
6.05609297752	-1
6.05753684044	1
6.05753684044	1
6.05753684044	1
6.15015101433	1
6.16766405106	-1
6.16766405106	-1
6.16766405106	-1
6.18875384331	-1
6.18875384331	-1
6.18875384331	-1
6.18875384331	-1
6.18875384331	-1
6.18875384331	-1
6.18875384331	-1
6.18875384331	-1
6.18875384331	-1
6.18875384331	-1
6.18910503387	-1
6.18910503387	-1
6.18910503387	-1
6.18910503387	-1
6.18910503387	-1
6.19997882843	-1
6.19997882843	-1
6.20083594322	-1
6.20083594322	-1
6.20083594322	-1
6.20083594322	-1
6.20083594322	-1
6.20083594322	-1
6.20083594322	-1
6.23148083687	-1
6.23148083687	-1
6.23148083687	-1
6.23170185089	-1
6.23170185089	-1
6.23170185089	-1
6.24378204346	1
6.24378204346	1
6.24378204346	1
6.29494786263	-1
6.29494786263	-1
6.29494786263	-1
6.29494786263	-1
6.29494786263	-1
6.29494786263	-1
6.29494786263	-1
6.29494786263	-1
6.29499697685	1
6.3036429882	-1
6.3036429882	-1
6.3036429882	-1
6.3036429882	-1
6.3036429882	-1
6.3036429882	-1
6.3036429882	-1
6.3036429882	-1
6.30398988724	-1
6.30398988724	-1
6.30398988724	-1
6.30398988724	-1
6.30398988724	-1
6.30398988724	-1
6.30398988724	-1
6.30398988724	-1
6.31534600258	-1
6.31534600258	-1
6.31534600258	-1
6.31534600258	-1
6.31534600258	-1
6.31534600258	-1
6.31534600258	-1
6.31534600258	-1
6.31570386887	-1
6.31570386887	-1
6.31570386887	-1
6.31570386887	-1
6.31570386887	-1
6.31570386887	-1
6.31594991684	-1
6.31594991684	-1
6.31594991684	-1
6.35843992233	-1
6.35843992233	-1
6.35843992233	-1
6.35843992233	-1
6.35843992233	-1
6.35843992233	-1
6.35843992233	-1
6.35843992233	-1
6.35879087448	-1
6.35879087448	-1
6.35879087448	-1
6.35879087448	-1
6.35879087448	-1
6.35879087448	-1
6.41810584068	-1
6.41810584068	-1
6.41810584068	-1
6.41810584068	-1
6.41813993454	1
6.41834402084	-1
6.41834402084	-1
6.41834402084	-1
6.41846704483	-1
6.41846704483	-1
6.4185898304	-1
6.4185898304	-1
6.4185898304	-1
6.4185898304	-1
6.41871285439	-1
6.41871285439	-1
6.42996406555	-1
6.42996406555	-1
6.43008184433	-1
6.43008184433	-1
6.43008184433	-1
6.43008184433	-1
6.43008184433	-1
6.43008184433	-1
6.43008184433	-1
6.43008184433	-1
6.43032288551	-1
6.43032288551	-1
6.43038988113	-1
6.43056797981	-1
6.43056797981	-1
6.43056797981	-1
6.43056797981	-1
6.43056797981	-1
6.43056797981	-1
6.43056797981	-1
6.43081903458	-1
6.43081903458	-1
6.43081903458	-1
6.43081903458	-1
6.43081903458	-1
6.43081903458	-1
6.43081903458	-1
6.44147801399	-1
6.44147801399	-1
6.44164800644	-1
6.44164800644	-1
6.44164800644	-1
6.44164800644	-1
6.44164800644	-1
6.44164800644	-1
6.44164800644	-1
6.44189405441	-1
6.44189405441	-1
6.44189405441	-1
6.44416189194	1
6.44416189194	1
6.44416189194	1
6.47316288948	-1
6.47328305244	-1
6.47328305244	-1
6.47328305244	-1
6.47328305244	-1
6.47328305244	-1
6.47328305244	-1
6.47328305244	-1
6.48246002197	-1
6.48246002197	-1
6.48246002197	-1
6.48246002197	-1
6.48246002197	-1
6.48246002197	-1
6.51783299446	-1
6.51783299446	-1
6.51783299446	-1
6.51794695854	-1
6.51794695854	-1
6.51794695854	-1
6.53795695305	-1
6.53795695305	-1
6.53795695305	-1
6.53798699379	-1
6.53819990158	-1
6.53819990158	-1
6.53819990158	-1
6.53832292557	-1
6.53832292557	-1
6.53832292557	-1
6.53832292557	-1
6.53832292557	-1
6.53856897354	-1
6.53856897354	-1
6.53856897354	-1
6.53869199753	-1
6.53869199753	-1
6.53869199753	-1
6.53869199753	-1
6.53869199753	-1
6.53869199753	-1
6.53869199753	-1
6.53869199753	-1
6.54493784904	-1
6.54493784904	-1
6.54493784904	-1
6.54493784904	-1
6.54493784904	-1
6.54493784904	-1
6.54493784904	-1
6.5490629673	-1
6.5490629673	-1
6.5490629673	-1
6.54917693138	-1
6.54917693138	-1
6.54917693138	-1
6.54917693138	-1
6.54917693138	-1
6.54917693138	-1
6.54917693138	-1
6.54942297935	-1
6.54954600334	-1
6.54954600334	-1
6.54954600334	-1
6.54966783524	-1
6.54966783524	-1
6.54966783524	-1
6.54966783524	-1
6.54966783524	-1
6.54966783524	-1
6.54966783524	-1
6.54966783524	-1
6.5620880127	-1
6.5620880127	-1
6.5620880127	-1
6.5620880127	-1
6.5620880127	-1
6.56220197678	-1
6.56232500076	-1
6.56232500076	-1
6.56244683266	-1
6.56244683266	-1
6.56244683266	-1
6.56256985664	-1
6.56256985664	-1
6.56269288063	-1
6.56269288063	-1
6.56269288063	-1
6.56281590462	-1
6.56281590462	-1
6.56281590462	-1
6.59695601463	-1
6.59695601463	-1
6.59695601463	-1
6.59700489044	-1
6.59700489044	-1
6.59700489044	-1
6.59700489044	-1
6.59700489044	-1
6.59700489044	-1
6.59700489044	-1
6.59730601311	-1
6.59738397598	-1
6.59738397598	-1
6.59738397598	-1
6.59738397598	-1
6.59738397598	-1
6.59755206108	-1
6.59755206108	-1
6.59755206108	-1
6.59877586365	1
6.59877586365	1
6.59877586365	1
6.64080691338	-1
6.64080691338	-1
6.64080691338	-1
6.64080691338	-1
6.64080691338	-1
6.64080691338	-1
6.65330600739	-1
6.65330600739	-1
6.65330600739	-1
6.65330600739	-1
6.65330600739	-1
6.65360188484	-1
6.65360188484	-1
6.65360188484	-1
6.65360188484	-1
6.65360188484	-1
6.65360188484	-1
6.65360188484	-1
6.65384888649	-1
6.6539618969	-1
6.6539618969	-1
6.6539618969	-1
6.6539618969	-1
6.6539618969	-1
6.6539618969	-1
6.65420103073	-1
6.65420103073	-1
6.66080498695	1
6.66080498695	1
6.66080498695	1
6.66478085518	-1
6.66478085518	-1
6.66478085518	-1
6.66478085518	-1
6.66478085518	-1
6.66488599777	-1
6.66494297981	-1
6.66494297981	-1
6.66494297981	-1
6.66494297981	-1
6.66494297981	-1
6.66494297981	-1
6.66494297981	-1
6.66525483131	-1
6.66525483131	-1
6.66525483131	-1
6.6653778553	-1
6.66548299789	-1
6.66548299789	-1
6.66548299789	-1
6.66548299789	-1
6.66548299789	-1
6.66548299789	-1
6.66568684578	-1
6.66568684578	-1
6.66568684578	-1
6.66587305069	-1
6.66593289375	-1
6.66593289375	-1
6.66593289375	-1
6.66593289375	-1
6.66611504555	-1
6.66614794731	-1
6.66614794731	-1
6.66614794731	-1
6.66614794731	-1
6.66614794731	-1
6.66614794731	-1
6.66614794731	-1
6.66614794731	-1
6.66648292542	-1
6.66737985611	1
6.66737985611	1
6.67663788795	-1
6.67663788795	-1
6.67663788795	-1
6.67663788795	-1
6.67663788795	-1
6.67663788795	-1
6.7112839222	1
6.7112839222	1
6.7112839222	1
6.71158099174	-1
6.71158099174	-1
6.71158099174	-1
6.71169996262	-1
6.71169996262	-1
6.71169996262	-1
6.71169996262	-1
6.71169996262	-1
6.71169996262	-1
6.71169996262	-1
6.71194386482	-1
6.71194386482	-1
6.71194386482	-1
6.71194386482	-1
6.71194386482	-1
6.71194386482	-1
6.71219205856	-1
6.71219205856	-1
6.71219205856	-1
6.71219205856	-1
6.71219205856	-1
6.71219205856	-1
6.71382403374	1
6.71382403374	1
6.75523900986	-1
6.75523900986	-1
6.75523900986	-1
6.75523900986	-1
6.75523900986	-1
6.75523900986	-1
6.75523900986	-1
6.75538897514	-1
6.75538897514	-1
6.75558686256	-1
6.75558686256	-1
6.75558686256	-1
6.75570893288	-1
6.75570893288	-1
6.75570893288	-1
6.75570893288	-1
6.75570893288	-1
6.75570893288	-1
6.75570893288	-1
6.75570893288	-1
6.75607705116	-1
6.75607705116	-1
6.76832389832	-1
6.76832389832	-1
6.76832389832	-1
6.76832389832	-1
6.76832389832	-1
6.76835989952	1
6.76854801178	-1
6.76854801178	-1
6.76854801178	-1
6.76854801178	-1
6.76854801178	-1
6.76854801178	-1
6.76854801178	-1
6.76854801178	-1
6.76879286766	-1
6.76879286766	-1
6.76879286766	-1
6.76879286766	-1
6.76879286766	-1
6.77539992332	-1
6.77539992332	-1
6.77539992332	-1
6.77539992332	-1
6.77539992332	-1
6.77539992332	-1
6.77539992332	-1
6.77555584908	-1
6.77555584908	-1
6.77555584908	-1
6.77555584908	-1
6.77555584908	-1
6.77578902245	-1
6.77578902245	-1
6.77578902245	-1
6.77578902245	-1
6.77578902245	-1
6.7808868885	-1
6.7808868885	-1
6.7808868885	-1
6.7808868885	-1
6.7808868885	-1
6.7808868885	-1
6.7808868885	-1
6.7808868885	-1
6.78130483627	-1
6.78130483627	-1
6.78130483627	-1
6.78130483627	-1
6.78130483627	-1
6.78130483627	-1
6.78130483627	-1
6.78153395653	-1
6.78153395653	-1
6.89009690285	1
6.92012786865	-1
7.00517702103	-1
7.00517702103	-1
7.00517702103	-1
7.01371884346	-1
7.01371884346	-1
7.01371884346	-1
7.02500486374	-1
7.02500486374	-1
7.02500486374	-1
7.04761385918	-1
7.04761385918	-1
7.04761385918	-1
7.04761385918	-1
7.04761385918	-1
7.04761385918	-1
7.04846596718	1
7.05727791786	-1
7.0720410347	-1
7.08189201355	-1
7.08189201355	-1
7.08189201355	-1
7.08189201355	-1
7.08189201355	-1
7.08189201355	-1
7.08189201355	-1
7.08189201355	-1
7.08678388596	-1
7.09497785568	-1
7.09497785568	-1
7.09497785568	-1
7.09497785568	-1
7.09497785568	-1
7.09497785568	-1
7.10043287277	-1
7.10043287277	-1
7.10043287277	-1
7.10043287277	-1
7.10043287277	-1
7.10043287277	-1
7.10043287277	-1
7.10043287277	-1
7.1061899662	-1
7.1061899662	-1
7.1061899662	-1
7.1061899662	-1
7.1061899662	-1
7.1061899662	-1
7.1061899662	-1
7.1061899662	-1
7.10854196548	-1
7.10854196548	-1
7.10854196548	-1
7.10854196548	-1
7.11168003082	-1
7.11871194839	-1
7.11871194839	-1
7.11871194839	-1
7.11871194839	-1
7.11871194839	-1
7.11871194839	-1
7.11871194839	-1
7.11871194839	-1
7.12227201462	-1
7.12227201462	-1
7.12227201462	-1
7.12227201462	-1
7.12227201462	-1
7.19804787636	1
7.29986000061	1
7.29986000061	1
7.29986000061	1
7.30513501167	1
7.30513501167	1
7.30534005165	1
7.30534005165	1
7.30534005165	1
7.30534005165	1
7.3077788353	1
7.3077788353	1
7.3077788353	1
7.3077788353	1
7.30802083015	1
7.30802083015	1
7.30802083015	1
7.30802083015	1
7.30802083015	1
7.30802083015	1
7.30802083015	1
7.30802083015	1
7.42106103897	-1
7.57215499878	-1
7.57215499878	-1
7.68685483932	-1
