0.0	-1
0.0	-1
0.00124883651733	1
0.117481946945	1
0.184654951096	-1
0.18545293808	1
0.258538007736	-1
0.258577823639	1
0.330870866776	-1
0.331120967865	-1
0.331120967865	-1
0.331120967865	-1
0.331120967865	-1
0.331120967865	-1
0.331120967865	-1
0.331120967865	-1
0.331120967865	-1
0.331365823746	-1
0.331365823746	-1
0.331365823746	-1
0.331365823746	-1
0.331365823746	-1
0.331365823746	-1
0.331365823746	-1
0.331365823746	-1
0.331675052643	-1
0.331675052643	-1
0.331675052643	-1
0.331675052643	-1
0.331675052643	-1
0.331675052643	-1
0.331675052643	-1
0.331675052643	-1
0.332125902176	-1
0.332125902176	-1
0.332125902176	-1
0.332125902176	-1
0.332125902176	-1
0.332125902176	-1
0.332125902176	-1
0.332125902176	-1
0.408391952515	-1
0.408391952515	-1
0.408391952515	-1
0.408391952515	-1
0.408391952515	-1
0.408391952515	-1
0.408391952515	-1
0.40886092186	-1
0.40886092186	-1
0.40886092186	-1
0.40886092186	-1
0.40886092186	-1
0.40886092186	-1
0.40886092186	-1
0.40886092186	-1
0.409880876541	-1
0.409880876541	-1
0.409880876541	-1
0.409880876541	-1
0.409880876541	-1
0.409880876541	-1
0.409880876541	-1
0.409880876541	-1
0.410248994827	-1
0.410248994827	-1
0.410248994827	-1
0.410248994827	-1
0.410248994827	-1
0.410248994827	-1
0.410248994827	-1
0.410248994827	-1
0.410678863525	-1
0.410678863525	-1
0.410678863525	-1
0.410678863525	-1
0.410678863525	-1
0.410678863525	-1
0.410678863525	-1
0.410678863525	-1
0.411555051804	1
0.474321842194	-1
0.474321842194	-1
0.474321842194	-1
0.474321842194	-1
0.474321842194	-1
0.474321842194	-1
0.474321842194	-1
0.474321842194	-1
0.474690914154	-1
0.474690914154	-1
0.474690914154	-1
0.474690914154	-1
0.474690914154	-1
0.474690914154	-1
0.474690914154	-1
0.474690914154	-1
0.47505903244	-1
0.47505903244	-1
0.47505903244	-1
0.47505903244	-1
0.47505903244	-1
0.47505903244	-1
0.47505903244	-1
0.47505903244	-1
0.476266860962	-1
0.476266860962	-1
0.476266860962	-1
0.476266860962	-1
0.476266860962	-1
0.476266860962	-1
0.476266860962	-1
0.476676940918	-1
0.476676940918	-1
0.476676940918	-1
0.476676940918	-1
0.476676940918	-1
0.476676940918	-1
0.476676940918	-1
0.476676940918	-1
0.477066040039	-1
0.477066040039	-1
0.477066040039	-1
0.477066040039	-1
0.477066040039	-1
0.477066040039	-1
0.477066040039	-1
0.477066040039	-1
0.477495908737	-1
0.477495908737	-1
0.477495908737	-1
0.477495908737	-1
0.477495908737	-1
0.477495908737	-1
0.477495908737	-1
0.477495908737	-1
0.520102977753	1
0.520102977753	1
0.552479982376	-1
0.552479982376	-1
0.552479982376	-1
0.552479982376	-1
0.552479982376	-1
0.552479982376	-1
0.552479982376	-1
0.552479982376	-1
0.552836894989	-1
0.552836894989	-1
0.552836894989	-1
0.552836894989	-1
0.552836894989	-1
0.552836894989	-1
0.552836894989	-1
0.552836894989	-1
0.554004907608	-1
0.554004907608	-1
0.554004907608	-1
0.554004907608	-1
0.554004907608	-1
0.554004907608	-1
0.554004907608	-1
0.554004907608	-1
0.554455041885	-1
0.554455041885	-1
0.554455041885	-1
0.554455041885	-1
0.554455041885	-1
0.554455041885	-1
0.554455041885	-1
0.554455041885	-1
0.554822921753	-1
0.554822921753	-1
0.554822921753	-1
0.554822921753	-1
0.554822921753	-1
0.554822921753	-1
0.554822921753	-1
0.556330919266	-1
0.556330919266	-1
0.556330919266	-1
0.556330919266	-1
0.556330919266	-1
0.556330919266	-1
0.556330919266	-1
0.556330919266	-1
0.556584835052	-1
0.556584835052	-1
0.556584835052	-1
0.556584835052	-1
0.556584835052	-1
0.556584835052	-1
0.556584835052	-1
0.556584835052	-1
0.557157993317	-1
0.557157993317	-1
0.557157993317	-1
0.557157993317	-1
0.557157993317	-1
0.557157993317	-1
0.557157993317	-1
0.557157993317	-1
0.557546854019	-1
0.557546854019	-1
0.557546854019	-1
0.557546854019	-1
0.557546854019	-1
0.557546854019	-1
0.557546854019	-1
0.557546854019	-1
0.558059930801	-1
0.558059930801	-1
0.558059930801	-1
0.558059930801	-1
0.558059930801	-1
0.558059930801	-1
0.558059930801	-1
0.558059930801	-1
0.559258937836	1
0.559258937836	1
0.559258937836	1
0.595268964767	-1
0.595268964767	-1
0.595268964767	-1
0.595268964767	-1
0.595268964767	-1
0.595268964767	-1
0.595268964767	-1
0.595268964767	-1
0.630427837372	-1
0.630427837372	-1
0.630427837372	-1
0.630427837372	-1
0.630427837372	-1
0.630427837372	-1
0.630427837372	-1
0.630427837372	-1
0.630764007568	-1
0.630764007568	-1
0.630764007568	-1
0.630764007568	-1
0.630764007568	-1
0.630764007568	-1
0.630764007568	-1
0.6311378479	-1
0.6311378479	-1
0.6311378479	-1
0.6311378479	-1
0.6311378479	-1
0.6311378479	-1
0.6311378479	-1
0.6311378479	-1
0.63139796257	-1
0.63139796257	-1
0.63139796257	-1
0.63139796257	-1
0.63139796257	-1
0.63139796257	-1
0.63139796257	-1
0.63139796257	-1
0.631767034531	-1
0.631767034531	-1
0.631767034531	-1
0.631767034531	-1
0.631767034531	-1
0.631767034531	-1
0.631767034531	-1
0.631767034531	-1
0.63260602951	-1
0.63260602951	-1
0.63260602951	-1
0.63260602951	-1
0.63260602951	-1
0.63260602951	-1
0.63260602951	-1
0.63260602951	-1
0.632974863052	-1
0.632974863052	-1
0.632974863052	-1
0.632974863052	-1
0.632974863052	-1
0.632974863052	-1
0.632974863052	-1
0.632974863052	-1
0.633342027664	-1
0.633342027664	-1
0.633342027664	-1
0.633342027664	-1
0.633342027664	-1
0.633342027664	-1
0.633342027664	-1
0.633342027664	-1
0.633728981018	-1
0.633728981018	-1
0.633728981018	-1
0.633728981018	-1
0.633728981018	-1
0.633728981018	-1
0.633728981018	-1
0.633728981018	-1
0.634078979492	-1
0.634078979492	-1
0.634078979492	-1
0.634078979492	-1
0.634078979492	-1
0.634078979492	-1
0.634078979492	-1
0.644501924515	-1
0.644501924515	-1
0.644501924515	-1
0.644501924515	-1
0.644501924515	-1
0.644501924515	-1
0.644501924515	-1
0.644501924515	-1
0.644635915756	-1
0.644635915756	-1
0.644635915756	-1
0.644635915756	-1
0.644635915756	-1
0.644635915756	-1
0.644635915756	-1
0.644635915756	-1
0.645055055618	-1
0.645055055618	-1
0.645055055618	-1
0.645055055618	-1
0.645055055618	-1
0.645055055618	-1
0.645055055618	-1
0.645055055618	-1
0.646452903748	1
0.646452903748	1
0.646452903748	1
0.67923283577	-1
0.67923283577	-1
0.67923283577	-1
0.67923283577	-1
0.67923283577	-1
0.67923283577	-1
0.67923283577	-1
0.67923283577	-1
0.717530012131	-1
0.717530012131	-1
0.717530012131	-1
0.717530012131	-1
0.717530012131	-1
0.717530012131	-1
0.717530012131	-1
0.717530012131	-1
0.717898845673	-1
0.717898845673	-1
0.717898845673	-1
0.717898845673	-1
0.717898845673	-1
0.717898845673	-1
0.717898845673	-1
0.717898845673	-1
0.720828056335	-1
0.720828056335	-1
0.720828056335	-1
0.720828056335	-1
0.720828056335	-1
0.720828056335	-1
0.720828056335	-1
0.720828056335	-1
0.721195936203	-1
0.721195936203	-1
0.721195936203	-1
0.721195936203	-1
0.721195936203	-1
0.721195936203	-1
0.721195936203	-1
0.721565008163	-1
0.721565008163	-1
0.721565008163	-1
0.721565008163	-1
0.721565008163	-1
0.721565008163	-1
0.721565008163	-1
0.721565008163	-1
0.721811056137	-1
0.721811056137	-1
0.721811056137	-1
0.721811056137	-1
0.721811056137	-1
0.721811056137	-1
0.721811056137	-1
0.721811056137	-1
0.722179889679	-1
0.722179889679	-1
0.722179889679	-1
0.722179889679	-1
0.722179889679	-1
0.722179889679	-1
0.722179889679	-1
0.722179889679	-1
0.722548007965	-1
0.722548007965	-1
0.722548007965	-1
0.722548007965	-1
0.722548007965	-1
0.722548007965	-1
0.722548007965	-1
0.722548007965	-1
0.723162889481	-1
0.723162889481	-1
0.723162889481	-1
0.723162889481	-1
0.723162889481	-1
0.723162889481	-1
0.723162889481	-1
0.723162889481	-1
0.723613977432	-1
0.723613977432	-1
0.723613977432	-1
0.723613977432	-1
0.723613977432	-1
0.723613977432	-1
0.723613977432	-1
0.723613977432	-1
0.723980903625	-1
0.723980903625	-1
0.723980903625	-1
0.723980903625	-1
0.723980903625	-1
0.723980903625	-1
0.723980903625	-1
0.723980903625	-1
0.726014852524	1
0.726014852524	1
0.726014852524	1
0.736934900284	-1
0.736934900284	-1
0.736934900284	-1
0.736934900284	-1
0.736934900284	-1
0.736934900284	-1
0.736934900284	-1
0.737189054489	-1
0.737189054489	-1
0.737189054489	-1
0.737189054489	-1
0.737189054489	-1
0.737189054489	-1
0.737189054489	-1
0.737189054489	-1
0.779944896698	-1
0.779944896698	-1
0.779944896698	-1
0.779944896698	-1
0.779944896698	-1
0.779944896698	-1
0.779944896698	-1
0.779944896698	-1
0.780443906784	-1
0.780443906784	-1
0.780443906784	-1
0.780443906784	-1
0.780443906784	-1
0.780443906784	-1
0.780443906784	-1
0.780443906784	-1
0.81418800354	-1
0.81418800354	-1
0.81418800354	-1
0.81418800354	-1
0.81418800354	-1
0.81418800354	-1
0.81418800354	-1
0.81418800354	-1
0.814558029175	-1
0.814558029175	-1
0.814558029175	-1
0.814558029175	-1
0.814558029175	-1
0.814558029175	-1
0.814558029175	-1
0.814558029175	-1
0.814926862717	-1
0.814926862717	-1
0.814926862717	-1
0.814926862717	-1
0.814926862717	-1
0.814926862717	-1
0.814926862717	-1
0.814926862717	-1
0.815316915512	-1
0.815316915512	-1
0.815316915512	-1
0.815316915512	-1
0.815316915512	-1
0.815316915512	-1
0.815316915512	-1
0.815316915512	-1
0.815981864929	-1
0.815981864929	-1
0.815981864929	-1
0.815981864929	-1
0.815981864929	-1
0.815981864929	-1
0.815981864929	-1
0.81622505188	-1
0.81622505188	-1
0.81622505188	-1
0.81622505188	-1
0.81622505188	-1
0.81622505188	-1
0.81622505188	-1
0.81622505188	-1
0.81759095192	-1
0.81759095192	-1
0.81759095192	-1
0.81759095192	-1
0.81759095192	-1
0.81759095192	-1
0.81759095192	-1
0.81759095192	-1
0.835541963577	-1
0.835541963577	-1
0.835541963577	-1
0.835541963577	-1
0.835541963577	-1
0.835541963577	-1
0.835541963577	-1
0.835541963577	-1
0.835958003998	-1
0.835958003998	-1
0.835958003998	-1
0.835958003998	-1
0.835958003998	-1
0.835958003998	-1
0.835958003998	-1
0.835958003998	-1
0.836334943771	-1
0.836334943771	-1
0.836334943771	-1
0.836334943771	-1
0.836334943771	-1
0.836334943771	-1
0.836334943771	-1
0.836334943771	-1
0.836797952652	-1
0.836797952652	-1
0.836797952652	-1
0.836797952652	-1
0.836797952652	-1
0.836797952652	-1
0.836797952652	-1
0.836797952652	-1
0.837065935135	1
0.837065935135	1
0.837065935135	1
0.837100028992	-1
0.837100028992	-1
0.837100028992	-1
0.837100028992	-1
0.837100028992	-1
0.837100028992	-1
0.837100028992	-1
0.837100028992	-1
0.837535858154	-1
0.837535858154	-1
0.837535858154	-1
0.837535858154	-1
0.837535858154	-1
0.837535858154	-1
0.837535858154	-1
0.880993843079	-1
0.880993843079	-1
0.880993843079	-1
0.880993843079	-1
0.880993843079	-1
0.880993843079	-1
0.880993843079	-1
0.880993843079	-1
0.91660284996	-1
0.91660284996	-1
0.91660284996	-1
0.91660284996	-1
0.91660284996	-1
0.91660284996	-1
0.91660284996	-1
0.91660284996	-1
0.916642904282	1
0.916991949081	-1
0.916991949081	-1
0.916991949081	-1
0.916991949081	-1
0.916991949081	-1
0.916991949081	-1
0.916991949081	-1
0.916991949081	-1
0.917382001877	-1
0.917382001877	-1
0.917382001877	-1
0.917382001877	-1
0.917382001877	-1
0.917382001877	-1
0.917382001877	-1
0.917382001877	-1
0.922148942947	-1
0.922148942947	-1
0.922148942947	-1
0.922148942947	-1
0.922148942947	-1
0.922148942947	-1
0.922148942947	-1
0.922148942947	-1
0.927211046219	-1
0.927211046219	-1
0.927211046219	-1
0.927211046219	-1
0.927211046219	-1
0.927211046219	-1
0.927211046219	-1
0.927211046219	-1
0.927600860596	-1
0.927600860596	-1
0.927600860596	-1
0.927600860596	-1
0.927600860596	-1
0.927600860596	-1
0.927600860596	-1
0.927600860596	-1
0.927968978882	-1
0.927968978882	-1
0.927968978882	-1
0.927968978882	-1
0.927968978882	-1
0.927968978882	-1
0.927968978882	-1
0.92821598053	-1
0.92821598053	-1
0.92821598053	-1
0.92821598053	-1
0.92821598053	-1
0.92821598053	-1
0.92821598053	-1
0.92821598053	-1
0.928583860397	-1
0.928583860397	-1
0.928583860397	-1
0.928583860397	-1
0.928583860397	-1
0.928583860397	-1
0.928583860397	-1
0.928583860397	-1
0.943470001221	-1
0.943470001221	-1
0.943470001221	-1
0.943470001221	-1
0.943470001221	-1
0.943470001221	-1
0.943470001221	-1
0.943470001221	-1
0.943840026855	-1
0.943840026855	-1
0.943840026855	-1
0.943840026855	-1
0.943840026855	-1
0.943840026855	-1
0.943840026855	-1
0.943840026855	-1
0.944207906723	-1
0.944207906723	-1
0.944207906723	-1
0.944207906723	-1
0.944207906723	-1
0.944207906723	-1
0.944207906723	-1
0.944207906723	-1
0.944565057755	-1
0.944565057755	-1
0.944565057755	-1
0.944565057755	-1
0.944565057755	-1
0.944565057755	-1
0.944565057755	-1
0.944565057755	-1
0.944946050644	-1
0.944946050644	-1
0.944946050644	-1
0.944946050644	-1
0.944946050644	-1
0.944946050644	-1
0.944946050644	-1
0.944946050644	-1
0.94633603096	1
0.94633603096	1
0.94633603096	1
0.998538970947	-1
0.998538970947	-1
0.998538970947	-1
0.998538970947	-1
0.998538970947	-1
0.998538970947	-1
0.998538970947	-1
0.998687028885	-1
0.998687028885	-1
0.998687028885	-1
0.998687028885	-1
