0.0	-1
0.0	-1
0.00101709365845	1
0.104732990265	1
0.175290107727	-1
0.176069974899	1
0.245393037796	-1
0.245442152023	1
0.329398155212	-1
0.332343101501	-1
0.332343101501	-1
0.332343101501	-1
0.332343101501	-1
0.332343101501	-1
0.332343101501	-1
0.332343101501	-1
0.332343101501	-1
0.332570075989	-1
0.332570075989	-1
0.332570075989	-1
0.332570075989	-1
0.332570075989	-1
0.332570075989	-1
0.332570075989	-1
0.332570075989	-1
0.332937955856	-1
0.332937955856	-1
0.332937955856	-1
0.332937955856	-1
0.332937955856	-1
0.332937955856	-1
0.332937955856	-1
0.332937955856	-1
0.33598613739	-1
0.33598613739	-1
0.33598613739	-1
0.33598613739	-1
0.33598613739	-1
0.33598613739	-1
0.33598613739	-1
0.33598613739	-1
0.396129131317	-1
0.396129131317	-1
0.396129131317	-1
0.396129131317	-1
0.396129131317	-1
0.396129131317	-1
0.396129131317	-1
0.396559000015	-1
0.396559000015	-1
0.396559000015	-1
0.396559000015	-1
0.396559000015	-1
0.396559000015	-1
0.396559000015	-1
0.396559000015	-1
0.396928071976	-1
0.396928071976	-1
0.396928071976	-1
0.396928071976	-1
0.396928071976	-1
0.396928071976	-1
0.396928071976	-1
0.396928071976	-1
0.397175073624	-1
0.397175073624	-1
0.397175073624	-1
0.397175073624	-1
0.397175073624	-1
0.397175073624	-1
0.397175073624	-1
0.397175073624	-1
0.399775028229	-1
0.399775028229	-1
0.399775028229	-1
0.399775028229	-1
0.399775028229	-1
0.399775028229	-1
0.399775028229	-1
0.399775028229	-1
0.40230512619	1
0.465489149094	-1
0.465489149094	-1
0.465489149094	-1
0.465489149094	-1
0.465489149094	-1
0.465489149094	-1
0.465489149094	-1
0.465489149094	-1
0.465904951096	-1
0.465904951096	-1
0.465904951096	-1
0.465904951096	-1
0.465904951096	-1
0.465904951096	-1
0.465904951096	-1
0.465904951096	-1
0.466273069382	-1
0.466273069382	-1
0.466273069382	-1
0.466273069382	-1
0.466273069382	-1
0.466273069382	-1
0.466273069382	-1
0.466273069382	-1
0.466642141342	-1
0.466642141342	-1
0.466642141342	-1
0.466642141342	-1
0.466642141342	-1
0.466642141342	-1
0.466642141342	-1
0.466928958893	-1
0.466928958893	-1
0.466928958893	-1
0.466928958893	-1
0.466928958893	-1
0.466928958893	-1
0.466928958893	-1
0.466928958893	-1
0.504224061966	1
0.504224061966	1
0.52912402153	-1
0.52912402153	-1
0.52912402153	-1
0.52912402153	-1
0.52912402153	-1
0.52912402153	-1
0.52912402153	-1
0.52912402153	-1
0.529367923737	-1
0.529367923737	-1
0.529367923737	-1
0.529367923737	-1
0.529367923737	-1
0.529367923737	-1
0.529367923737	-1
0.529367923737	-1
0.529802083969	-1
0.529802083969	-1
0.529802083969	-1
0.529802083969	-1
0.529802083969	-1
0.529802083969	-1
0.529802083969	-1
0.529802083969	-1
0.530269145966	-1
0.530269145966	-1
0.530269145966	-1
0.530269145966	-1
0.530269145966	-1
0.530269145966	-1
0.530269145966	-1
0.530269145966	-1
0.530568122864	-1
0.530568122864	-1
0.530568122864	-1
0.530568122864	-1
0.530568122864	-1
0.530568122864	-1
0.530568122864	-1
0.530568122864	-1
0.531006097794	-1
0.531006097794	-1
0.531006097794	-1
0.531006097794	-1
0.531006097794	-1
0.531006097794	-1
0.531006097794	-1
0.531006097794	-1
0.531276941299	-1
0.531276941299	-1
0.531276941299	-1
0.531276941299	-1
0.531276941299	-1
0.531276941299	-1
0.531276941299	-1
0.533545970917	-1
0.533545970917	-1
0.533545970917	-1
0.533545970917	-1
0.533545970917	-1
0.533545970917	-1
0.533545970917	-1
0.533545970917	-1
0.533791065216	-1
0.533791065216	-1
0.533791065216	-1
0.533791065216	-1
0.533791065216	-1
0.533791065216	-1
0.533791065216	-1
0.533791065216	-1
0.568089962006	1
0.592658996582	-1
0.592658996582	-1
0.592658996582	-1
0.592658996582	-1
0.592658996582	-1
0.592658996582	-1
0.592658996582	-1
0.592658996582	-1
0.593804121017	-1
0.593804121017	-1
0.593804121017	-1
0.593804121017	-1
0.593804121017	-1
0.593804121017	-1
0.593804121017	-1
0.593804121017	-1
0.594223976135	-1
0.594223976135	-1
0.594223976135	-1
0.594223976135	-1
0.594223976135	-1
0.594223976135	-1
0.594223976135	-1
0.594223976135	-1
0.594506978989	-1
0.594506978989	-1
0.594506978989	-1
0.594506978989	-1
0.594506978989	-1
0.594506978989	-1
0.594506978989	-1
0.594506978989	-1
0.594960927963	-1
0.594960927963	-1
0.594960927963	-1
0.594960927963	-1
0.594960927963	-1
0.594960927963	-1
0.594960927963	-1
0.594960927963	-1
0.59682393074	-1
0.59682393074	-1
0.59682393074	-1
0.59682393074	-1
0.59682393074	-1
0.59682393074	-1
0.59682393074	-1
0.596965074539	-1
0.596965074539	-1
0.596965074539	-1
0.596965074539	-1
0.596965074539	-1
0.596965074539	-1
0.596965074539	-1
0.596965074539	-1
0.597419023514	-1
0.597419023514	-1
0.597419023514	-1
0.597419023514	-1
0.597419023514	-1
0.597419023514	-1
0.597419023514	-1
0.597419023514	-1
0.5977871418	-1
0.5977871418	-1
0.5977871418	-1
0.5977871418	-1
0.5977871418	-1
0.5977871418	-1
0.5977871418	-1
0.5977871418	-1
0.605566978455	-1
0.605566978455	-1
0.605566978455	-1
0.605566978455	-1
0.605566978455	-1
0.605566978455	-1
0.605566978455	-1
0.605566978455	-1
0.605916976929	-1
0.605916976929	-1
0.605916976929	-1
0.605916976929	-1
0.605916976929	-1
0.605916976929	-1
0.605916976929	-1
0.605916976929	-1
0.606290102005	-1
0.606290102005	-1
0.606290102005	-1
0.606290102005	-1
0.606290102005	-1
0.606290102005	-1
0.606290102005	-1
0.606290102005	-1
0.606470108032	1
0.606470108032	1
0.606470108032	1
0.656199932098	-1
0.656199932098	-1
0.656199932098	-1
0.656199932098	-1
0.656199932098	-1
0.656199932098	-1
0.656199932098	-1
0.656199932098	-1
0.656419038773	-1
0.656419038773	-1
0.656419038773	-1
0.656419038773	-1
0.656419038773	-1
0.656419038773	-1
0.656419038773	-1
0.659264087677	-1
0.659264087677	-1
0.659264087677	-1
0.659264087677	-1
0.659264087677	-1
0.659264087677	-1
0.659264087677	-1
0.659264087677	-1
0.659632921219	-1
0.659632921219	-1
0.659632921219	-1
0.659632921219	-1
0.659632921219	-1
0.659632921219	-1
0.659632921219	-1
0.659632921219	-1
0.660001993179	-1
0.660001993179	-1
0.660001993179	-1
0.660001993179	-1
0.660001993179	-1
0.660001993179	-1
0.660001993179	-1
0.660001993179	-1
0.66037106514	-1
0.66037106514	-1
0.66037106514	-1
0.66037106514	-1
0.66037106514	-1
0.66037106514	-1
0.66037106514	-1
0.66037106514	-1
0.660737991333	-1
0.660737991333	-1
0.660737991333	-1
0.660737991333	-1
0.660737991333	-1
0.660737991333	-1
0.660737991333	-1
0.660737991333	-1
0.661023139954	-1
0.661023139954	-1
0.661023139954	-1
0.661023139954	-1
0.661023139954	-1
0.661023139954	-1
0.661023139954	-1
0.661023139954	-1
0.661354064941	-1
0.661354064941	-1
0.661354064941	-1
0.661354064941	-1
0.661354064941	-1
0.661354064941	-1
0.661354064941	-1
0.661354064941	-1
0.66176199913	-1
0.66176199913	-1
0.66176199913	-1
0.66176199913	-1
0.66176199913	-1
0.66176199913	-1
0.66176199913	-1
0.662076950073	-1
0.662076950073	-1
0.662076950073	-1
0.662076950073	-1
0.662076950073	-1
0.662076950073	-1
0.662076950073	-1
0.662076950073	-1
0.662500143051	-1
0.662500143051	-1
0.662500143051	-1
0.662500143051	-1
0.662500143051	-1
0.662500143051	-1
0.662500143051	-1
0.662500143051	-1
0.663135051727	-1
0.663135051727	-1
0.663135051727	-1
0.663135051727	-1
0.663135051727	-1
0.663135051727	-1
0.663135051727	-1
0.663135051727	-1
0.663502931595	-1
0.663502931595	-1
0.663502931595	-1
0.663502931595	-1
0.663502931595	-1
0.663502931595	-1
0.663502931595	-1
0.663502931595	-1
0.663686990738	1
0.663686990738	1
0.663686990738	1
0.663872003555	-1
0.663872003555	-1
0.663872003555	-1
0.663872003555	-1
0.663872003555	-1
0.663872003555	-1
0.663872003555	-1
0.663872003555	-1
0.669300079346	-1
0.669300079346	-1
0.669300079346	-1
0.669300079346	-1
0.669300079346	-1
0.669300079346	-1
0.669300079346	-1
0.669300079346	-1
0.708369970322	-1
0.708369970322	-1
0.708369970322	-1
0.708369970322	-1
0.708369970322	-1
0.708369970322	-1
0.708369970322	-1
0.708369970322	-1
0.708781003952	-1
0.708781003952	-1
0.708781003952	-1
0.708781003952	-1
0.708781003952	-1
0.708781003952	-1
0.708781003952	-1
0.709150075912	-1
0.709150075912	-1
0.709150075912	-1
0.709150075912	-1
0.709150075912	-1
0.709150075912	-1
0.709150075912	-1
0.709150075912	-1
0.70943403244	1
0.70943403244	1
0.709474086761	-1
0.709474086761	-1
0.709474086761	-1
0.709474086761	-1
0.709474086761	-1
0.709474086761	-1
0.709474086761	-1
0.709474086761	-1
0.723650932312	-1
0.723650932312	-1
0.723650932312	-1
0.723650932312	-1
0.723650932312	-1
0.723650932312	-1
0.723650932312	-1
0.723650932312	-1
0.723923921585	-1
0.723923921585	-1
0.723923921585	-1
0.723923921585	-1
0.723923921585	-1
0.723923921585	-1
0.723923921585	-1
0.723923921585	-1
0.724386930466	-1
0.724386930466	-1
0.724386930466	-1
0.724386930466	-1
0.724386930466	-1
0.724386930466	-1
0.724386930466	-1
0.724386930466	-1
0.724661111832	-1
0.724661111832	-1
0.724661111832	-1
0.724661111832	-1
0.724661111832	-1
0.724661111832	-1
0.724661111832	-1
0.724661111832	-1
0.724924087524	-1
0.724924087524	-1
0.724924087524	-1
0.724924087524	-1
0.724924087524	-1
0.724924087524	-1
0.724924087524	-1
0.724924087524	-1
0.726557016373	-1
0.726557016373	-1
0.726557016373	-1
0.726557016373	-1
0.726557016373	-1
0.726557016373	-1
0.726557016373	-1
0.726925134659	-1
0.726925134659	-1
0.726925134659	-1
0.726925134659	-1
0.726925134659	-1
0.726925134659	-1
0.726925134659	-1
0.726925134659	-1
0.727199077606	-1
0.727199077606	-1
0.727199077606	-1
0.727199077606	-1
0.727199077606	-1
0.727199077606	-1
0.727199077606	-1
0.727199077606	-1
0.727663040161	-1
0.727663040161	-1
0.727663040161	-1
0.727663040161	-1
0.727663040161	-1
0.727663040161	-1
0.727663040161	-1
0.727663040161	-1
0.727895975113	1
0.727895975113	1
0.727895975113	1
0.727932929993	-1
0.727932929993	-1
0.727932929993	-1
0.727932929993	-1
0.727932929993	-1
0.727932929993	-1
0.727932929993	-1
0.727932929993	-1
0.728301048279	-1
0.728301048279	-1
0.728301048279	-1
0.728301048279	-1
0.728301048279	-1
0.728301048279	-1
0.728301048279	-1
0.728301048279	-1
0.728549957275	-1
0.728549957275	-1
0.728549957275	-1
0.728549957275	-1
0.728549957275	-1
0.728549957275	-1
0.728549957275	-1
0.728549957275	-1
0.733212947845	-1
0.733212947845	-1
0.733212947845	-1
0.733212947845	-1
0.733212947845	-1
0.733212947845	-1
0.733212947845	-1
0.733212947845	-1
0.733581066132	-1
0.733581066132	-1
0.733581066132	-1
0.733581066132	-1
0.733581066132	-1
0.733581066132	-1
0.733581066132	-1
0.733950138092	-1
0.733950138092	-1
0.733950138092	-1
0.733950138092	-1
0.733950138092	-1
0.733950138092	-1
0.733950138092	-1
0.733950138092	-1
0.746835947037	-1
0.746835947037	-1
0.746835947037	-1
0.746835947037	-1
0.746835947037	-1
0.746835947037	-1
0.746835947037	-1
0.746835947037	-1
0.747261047363	-1
0.747261047363	-1
0.747261047363	-1
0.747261047363	-1
0.747261047363	-1
0.747261047363	-1
0.747261047363	-1
0.747261047363	-1
0.772046089172	-1
0.772046089172	-1
0.772046089172	-1
0.772046089172	-1
0.772046089172	-1
0.772046089172	-1
0.772046089172	-1
0.772046089172	-1
0.787364006042	1
0.787544965744	-1
0.787544965744	-1
0.787544965744	-1
0.787544965744	-1
0.787544965744	-1
0.787544965744	-1
0.787544965744	-1
0.787544965744	-1
0.787693023682	-1
0.787693023682	-1
0.787693023682	-1
0.787693023682	-1
0.787693023682	-1
0.787693023682	-1
0.787693023682	-1
0.787693023682	-1
0.788156032562	-1
0.788156032562	-1
0.788156032562	-1
0.788156032562	-1
0.788156032562	-1
0.788156032562	-1
0.788156032562	-1
0.788156032562	-1
0.788428068161	-1
0.788428068161	-1
0.788428068161	-1
0.788428068161	-1
0.788428068161	-1
0.788428068161	-1
0.788428068161	-1
0.788893938065	-1
0.788893938065	-1
0.788893938065	-1
0.788893938065	-1
0.788893938065	-1
0.788893938065	-1
0.788893938065	-1
0.788893938065	-1
0.78919506073	-1
0.78919506073	-1
0.78919506073	-1
0.78919506073	-1
0.78919506073	-1
0.78919506073	-1
0.78919506073	-1
0.78919506073	-1
0.789631128311	-1
0.789631128311	-1
0.789631128311	-1
0.789631128311	-1
0.789631128311	-1
0.789631128311	-1
0.789631128311	-1
0.789631128311	-1
0.789919137955	-1
0.789919137955	-1
0.789919137955	-1
0.789919137955	-1
0.789919137955	-1
0.789919137955	-1
0.789919137955	-1
0.789919137955	-1
0.790368080139	-1
0.790368080139	-1
0.790368080139	-1
0.790368080139	-1
0.790368080139	-1
0.790368080139	-1
0.790368080139	-1
0.790368080139	-1
0.790614128113	-1
0.790614128113	-1
0.790614128113	-1
0.790614128113	-1
0.790614128113	-1
0.790614128113	-1
0.790614128113	-1
0.790614128113	-1
0.79102396965	-1
0.79102396965	-1
0.79102396965	-1
0.79102396965	-1
0.79102396965	-1
0.79102396965	-1
0.79102396965	-1
0.79102396965	-1
0.793240070343	1
0.793240070343	1
0.793240070343	1
62.8000741005	-1
