0.0	-1
0.0	-1
0.00110101699829	1
0.103010892868	1
0.33492398262	-1
0.335774898529	1
0.437553882599	1
0.500598907471	-1
0.698832035065	-1
0.718411922455	-1
0.718411922455	-1
0.718411922455	-1
0.718411922455	-1
0.718411922455	-1
0.718411922455	-1
0.718411922455	-1
0.718411922455	-1
0.719122886658	-1
0.719122886658	-1
0.719122886658	-1
0.719122886658	-1
0.719122886658	-1
0.719122886658	-1
0.719122886658	-1
0.719122886658	-1
0.719476938248	-1
0.719476938248	-1
0.719476938248	-1
0.719476938248	-1
0.719476938248	-1
0.719476938248	-1
0.719476938248	-1
0.719476938248	-1
0.720212936401	-1
0.720212936401	-1
0.720212936401	-1
0.720212936401	-1
0.720212936401	-1
0.720212936401	-1
0.720212936401	-1
0.720212936401	-1
0.866915941238	-1
0.866915941238	-1
0.866915941238	-1
0.866915941238	-1
0.866915941238	-1
0.866915941238	-1
0.866915941238	-1
0.866915941238	-1
0.867189884186	-1
0.867189884186	-1
0.867189884186	-1
0.867189884186	-1
0.867189884186	-1
0.867189884186	-1
0.867189884186	-1
0.867189884186	-1
0.867843866348	-1
0.867843866348	-1
0.867843866348	-1
0.867843866348	-1
0.867843866348	-1
0.867843866348	-1
0.867843866348	-1
0.867843866348	-1
0.884635925293	-1
0.884635925293	-1
0.884635925293	-1
0.884635925293	-1
0.884635925293	-1
0.884635925293	-1
0.884635925293	-1
0.885009050369	1
0.968514919281	-1
0.968514919281	-1
0.968514919281	-1
0.968514919281	-1
0.968514919281	-1
0.968514919281	-1
0.968514919281	-1
0.968514919281	-1
0.96888589859	-1
0.96888589859	-1
0.96888589859	-1
0.96888589859	-1
0.96888589859	-1
0.96888589859	-1
0.96888589859	-1
0.96888589859	-1
0.969438076019	-1
0.969438076019	-1
0.969438076019	-1
0.969438076019	-1
0.969438076019	-1
0.969438076019	-1
0.969438076019	-1
0.969438076019	-1
0.999553918839	-1
0.999553918839	-1
0.999553918839	-1
0.999553918839	-1
0.999553918839	-1
0.999553918839	-1
0.999553918839	-1
0.999553918839	-1
0.999768972397	-1
0.999768972397	-1
0.999768972397	-1
0.999768972397	-1
0.999768972397	-1
0.999768972397	-1
0.999768972397	-1
0.999768972397	-1
1.00013589859	-1
1.00013589859	-1
1.00013589859	-1
1.00013589859	-1
1.00013589859	-1
1.00013589859	-1
1.00013589859	-1
1.00013589859	-1
1.00111293793	1
1.06380391121	-1
1.06380391121	-1
1.06380391121	-1
1.06380391121	-1
1.06380391121	-1
1.06380391121	-1
1.06380391121	-1
1.07140207291	-1
1.07140207291	-1
1.07140207291	-1
1.07140207291	-1
1.07140207291	-1
1.07140207291	-1
1.07140207291	-1
1.07140207291	-1
1.07177186012	-1
1.07177186012	-1
1.07177186012	-1
1.07177186012	-1
1.07177186012	-1
1.07177186012	-1
1.07177186012	-1
1.07177186012	-1
1.07228207588	-1
1.07228207588	-1
1.07228207588	-1
1.07228207588	-1
1.07228207588	-1
1.07228207588	-1
1.07228207588	-1
1.07228207588	-1
1.13969492912	1
1.17493987083	-1
1.17493987083	-1
1.17493987083	-1
1.17493987083	-1
1.17493987083	-1
1.17493987083	-1
1.17493987083	-1
1.17547488213	-1
1.17547488213	-1
1.17547488213	-1
1.17547488213	-1
1.17547488213	-1
1.17547488213	-1
1.17547488213	-1
1.17547488213	-1
1.17586398125	-1
1.17586398125	-1
1.17586398125	-1
1.17586398125	-1
1.17586398125	-1
1.17586398125	-1
1.17586398125	-1
1.17586398125	-1
1.1761329174	-1
1.1761329174	-1
1.1761329174	-1
1.1761329174	-1
1.1761329174	-1
1.1761329174	-1
1.1761329174	-1
1.1761329174	-1
1.2001478672	-1
1.2001478672	-1
1.2001478672	-1
1.2001478672	-1
1.2001478672	-1
1.2001478672	-1
1.2001478672	-1
1.20066308975	-1
1.20066308975	-1
1.20066308975	-1
1.20066308975	-1
1.20066308975	-1
1.20066308975	-1
1.20066308975	-1
1.20066308975	-1
1.2011950016	-1
1.2011950016	-1
1.2011950016	-1
1.2011950016	-1
1.2011950016	-1
1.2011950016	-1
1.2011950016	-1
1.2011950016	-1
1.20172786713	-1
1.20172786713	-1
1.20172786713	-1
1.20172786713	-1
1.20172786713	-1
1.20172786713	-1
1.20172786713	-1
1.20172786713	-1
1.20223999023	-1
1.20315289497	1
1.20315289497	1
1.20315289497	1
1.24169993401	-1
1.24169993401	-1
1.24169993401	-1
1.24169993401	-1
1.24169993401	-1
1.24169993401	-1
1.24169993401	-1
1.27731204033	-1
1.27731204033	-1
1.27731204033	-1
1.27731204033	-1
1.27731204033	-1
1.27731204033	-1
1.27731204033	-1
1.27731204033	-1
1.27835893631	-1
1.27835893631	-1
1.27835893631	-1
1.27835893631	-1
1.27835893631	-1
1.27835893631	-1
1.27835893631	-1
1.27835893631	-1
1.27872800827	-1
1.27872800827	-1
1.27872800827	-1
1.27872800827	-1
1.27872800827	-1
1.27872800827	-1
1.27872800827	-1
1.27872800827	-1
1.27897787094	-1
1.35491204262	-1
1.35491204262	-1
1.35491204262	-1
1.35491204262	-1
1.35491204262	-1
1.35491204262	-1
1.35521697998	-1
1.35521697998	-1
1.35521697998	-1
1.35521697998	-1
1.35521697998	-1
1.35521697998	-1
1.35521697998	-1
1.35521697998	-1
1.35571193695	-1
1.35571193695	-1
1.35571193695	-1
1.35571193695	-1
1.35571193695	-1
1.35571193695	-1
1.35571193695	-1
1.35571193695	-1
1.35607504845	-1
1.35607504845	-1
1.35607504845	-1
1.35607504845	-1
1.35607504845	-1
1.35607504845	-1
1.35607504845	-1
1.35607504845	-1
1.35688090324	1
1.37831401825	-1
1.37831401825	-1
1.37831401825	-1
1.37831401825	-1
1.37831401825	-1
1.37831401825	-1
1.37831401825	-1
1.37847590446	-1
1.37847590446	-1
1.37847590446	-1
1.37847590446	-1
1.37847590446	-1
1.37847590446	-1
1.37847590446	-1
1.37847590446	-1
1.37913489342	-1
1.37913489342	-1
1.37913489342	-1
1.37913489342	-1
1.37913489342	-1
1.37913489342	-1
1.37913489342	-1
1.37913489342	-1
1.37952303886	-1
1.37952303886	-1
1.37952303886	-1
1.37952303886	-1
1.37952303886	-1
1.37952303886	-1
1.37952303886	-1
1.37952303886	-1
1.37991309166	-1
1.40931797028	-1
1.40931797028	-1
1.40931797028	-1
1.40931797028	-1
1.40931797028	-1
1.40931797028	-1
1.40994906425	-1
1.40994906425	-1
1.40994906425	-1
1.40994906425	-1
1.40994906425	-1
1.40994906425	-1
1.40994906425	-1
1.40994906425	-1
1.41030287743	-1
1.41030287743	-1
1.41030287743	-1
1.41030287743	-1
1.41030287743	-1
1.41030287743	-1
1.41030287743	-1
1.41030287743	-1
1.41079497337	-1
1.41079497337	-1
1.41079497337	-1
1.41079497337	-1
1.41079497337	-1
1.41079497337	-1
1.41079497337	-1
1.41079497337	-1
1.45820403099	-1
1.45820403099	-1
1.48312091827	1
1.48312091827	1
1.48831605911	-1
1.48831605911	-1
1.48831605911	-1
1.48831605911	-1
1.48831605911	-1
1.48831605911	-1
1.48871088028	-1
1.48871088028	-1
1.48871088028	-1
1.48871088028	-1
1.48871088028	-1
1.48871088028	-1
1.48871088028	-1
1.48871088028	-1
1.489372015	-1
1.489372015	-1
1.489372015	-1
1.489372015	-1
1.489372015	-1
1.489372015	-1
1.489372015	-1
1.489372015	-1
1.49013209343	-1
1.49013209343	-1
1.49013209343	-1
1.49013209343	-1
1.49013209343	-1
1.49013209343	-1
1.49013209343	-1
1.49013209343	-1
1.49047708511	-1
1.49047708511	-1
1.51494503021	-1
1.51494503021	-1
1.51494503021	-1
1.51494503021	-1
1.51494503021	-1
1.51560401917	-1
1.51560401917	-1
1.51560401917	-1
1.51560401917	-1
1.51560401917	-1
1.51560401917	-1
1.51560401917	-1
1.51560401917	-1
1.51613593102	-1
1.51613593102	-1
1.51613593102	-1
1.51613593102	-1
1.51613593102	-1
1.51613593102	-1
1.51613593102	-1
1.51613593102	-1
1.51681208611	-1
1.51681208611	-1
1.51681208611	-1
1.51681208611	-1
1.51681208611	-1
1.51681208611	-1
1.51681208611	-1
1.51681208611	-1
1.51718091965	-1
1.51718091965	-1
1.53663301468	-1
1.53663301468	-1
1.53663301468	-1
1.53663301468	-1
1.53663301468	-1
1.53733205795	-1
1.53733205795	-1
1.53733205795	-1
1.53733205795	-1
1.53733205795	-1
1.53733205795	-1
1.53733205795	-1
1.53733205795	-1
1.53739500046	1
1.53739500046	1
1.53739500046	1
1.53764009476	-1
1.53764009476	-1
1.53764009476	-1
1.53764009476	-1
1.53764009476	-1
1.53764009476	-1
1.53764009476	-1
1.53764009476	-1
1.53815102577	-1
1.53815102577	-1
1.53815102577	-1
1.53815102577	-1
1.53815102577	-1
1.53815102577	-1
1.53815102577	-1
1.53815102577	-1
1.56050992012	-1
1.56050992012	-1
1.56055498123	-1
1.56055498123	-1
1.56055498123	-1
1.56055498123	-1
1.56055498123	-1
1.58610987663	-1
1.58610987663	-1
1.58610987663	-1
1.58610987663	-1
1.58610987663	-1
1.58610987663	-1
1.58610987663	-1
1.58610987663	-1
1.59067988396	-1
1.59067988396	-1
1.59067988396	-1
1.59067988396	-1
1.59067988396	-1
1.59067988396	-1
1.59067988396	-1
1.59067988396	-1
1.59168291092	-1
1.59168291092	-1
1.59168291092	-1
1.59168291092	-1
1.59168291092	-1
1.59168291092	-1
1.59168291092	-1
1.59168291092	-1
1.5923640728	-1
1.5923640728	-1
1.5923640728	-1
1.63450098038	-1
1.63450098038	-1
1.63450098038	-1
1.63450098038	-1
1.63450098038	-1
1.63481092453	-1
1.63481092453	-1
1.63481092453	-1
1.63481092453	-1
1.63481092453	-1
1.63481092453	-1
1.63481092453	-1
1.63481092453	-1
1.63517999649	-1
1.63517999649	-1
1.63517999649	-1
1.63517999649	-1
1.63517999649	-1
1.63517999649	-1
1.63517999649	-1
1.63517999649	-1
1.63557195663	-1
1.63557195663	-1
1.63557195663	-1
1.63557195663	-1
1.63557195663	-1
1.63557195663	-1
1.63557195663	-1
1.63557195663	-1
1.6359360218	-1
1.6359360218	-1
1.6359360218	-1
1.67469906807	-1
1.67469906807	-1
1.67469906807	-1
1.67469906807	-1
1.67537903786	-1
1.67537903786	-1
1.67537903786	-1
1.67537903786	-1
1.67537903786	-1
1.67537903786	-1
1.67537903786	-1
1.67537903786	-1
1.67578697205	-1
1.67578697205	-1
1.67578697205	-1
1.67578697205	-1
1.67578697205	-1
1.67578697205	-1
1.67578697205	-1
1.67578697205	-1
1.67662787437	-1
1.67662787437	-1
1.67662787437	-1
1.67662787437	-1
1.67662787437	-1
1.67662787437	-1
1.67662787437	-1
1.67662787437	-1
1.67687296867	-1
1.67687296867	-1
1.67687296867	-1
1.67709207535	1
1.67709207535	1
1.67709207535	1
1.74481487274	-1
1.74481487274	-1
1.74481487274	-1
1.74481487274	-1
1.74510908127	-1
1.74510908127	-1
1.74510908127	-1
1.74510908127	-1
1.74510908127	-1
1.74510908127	-1
1.74510908127	-1
1.74510908127	-1
1.74562096596	-1
1.74562096596	-1
1.74562096596	-1
1.74562096596	-1
1.74562096596	-1
1.74562096596	-1
1.74562096596	-1
1.74562096596	-1
1.74637889862	-1
1.74637889862	-1
1.74637889862	-1
1.74637889862	-1
1.74637889862	-1
1.74637889862	-1
1.74637889862	-1
1.74637889862	-1
1.74674606323	-1
1.74674606323	-1
1.74674606323	-1
1.79646801949	1
1.81328201294	-1
1.81328201294	-1
1.81328201294	-1
1.81328201294	-1
1.8136920929	-1
1.8136920929	-1
1.8136920929	-1
1.8136920929	-1
1.8136920929	-1
1.8136920929	-1
1.8136920929	-1
1.8136920929	-1
1.81434702873	-1
1.81434702873	-1
1.81434702873	-1
1.81434702873	-1
1.81434702873	-1
1.81434702873	-1
1.81434702873	-1
1.81434702873	-1
1.81506299973	-1
1.81506299973	-1
1.81506299973	-1
1.81506299973	-1
1.81506299973	-1
1.81506299973	-1
1.81506299973	-1
1.81506299973	-1
1.81556391716	-1
1.81556391716	-1
1.81556391716	-1
1.81556391716	-1
1.88667607307	-1
1.88667607307	-1
1.88667607307	-1
1.88667607307	-1
1.88708496094	-1
1.88708496094	-1
1.88708496094	-1
1.88708496094	-1
1.88708496094	-1
1.88708496094	-1
1.88708496094	-1
1.88708496094	-1
1.88786292076	-1
1.88786292076	-1
1.88786292076	-1
1.88786292076	-1
1.88786292076	-1
1.88786292076	-1
1.88786292076	-1
1.88786292076	-1
1.89285802841	-1
1.89285802841	-1
1.89285802841	-1
1.89285802841	-1
1.89285802841	-1
1.89285802841	-1
1.89285802841	-1
1.89285802841	-1
1.89344000816	-1
1.89344000816	-1
1.89344000816	-1
1.89344000816	-1
1.89828205109	1
1.89828205109	1
1.94225597382	-1
1.94225597382	-1
1.94225597382	-1
1.94323587418	-1
1.94323587418	-1
1.94323587418	-1
1.94323587418	-1
1.94323587418	-1
1.94323587418	-1
1.94323587418	-1
1.94323587418	-1
1.9436750412	-1
1.9436750412	-1
1.9436750412	-1
1.9436750412	-1
1.9436750412	-1
1.9436750412	-1
1.9436750412	-1
1.9436750412	-1
1.94432401657	-1
1.94432401657	-1
1.94432401657	-1
1.94432401657	-1
1.94432401657	-1
1.94432401657	-1
1.94432401657	-1
1.94432401657	-1
1.94661903381	-1
1.94661903381	-1
1.94661903381	-1
1.94661903381	-1
1.98982691765	-1
1.98982691765	-1
1.98982691765	-1
1.99005389214	-1
1.99005389214	-1
1.99005389214	-1
1.99005389214	-1
1.99005389214	-1
1.99005389214	-1
1.99005389214	-1
1.99005389214	-1
1.99133586884	-1
1.99133586884	-1
1.99133586884	-1
1.99133586884	-1
1.99133586884	-1
1.99133586884	-1
1.99133586884	-1
1.99133586884	-1
1.99175405502	-1
1.99175405502	-1
1.99175405502	-1
1.99175405502	-1
1.99175405502	-1
1.99175405502	-1
1.99175405502	-1
1.99175405502	-1
1.99232602119	-1
1.99232602119	-1
1.99232602119	-1
1.99232602119	-1
2.00055289268	1
2.06465697289	-1
2.06465697289	-1
2.06465697289	-1
2.06526899338	-1
2.06526899338	-1
2.06526899338	-1
2.06526899338	-1
2.06526899338	-1
2.06526899338	-1
2.06526899338	-1
2.06526899338	-1
2.06571602821	-1
2.06571602821	-1
2.06571602821	-1
2.06571602821	-1
2.06571602821	-1
2.06571602821	-1
2.06571602821	-1
2.06571602821	-1
2.0661740303	-1
2.10258793831	1
2.10258793831	1
