0.0	1
0.250371932983	1
0.334776163101	-1
0.335956096649	1
0.529307126999	-1
0.530133008957	1
0.631058931351	1
0.705034971237	1
0.705034971237	1
0.882030963898	1
0.956145048141	1
0.956145048141	1
1.10348415375	-1
1.1050260067	1
1.17943811417	-1
1.18073892593	1
1.2549059391	-1
1.38379812241	-1
1.38379812241	-1
1.38379812241	-1
1.38549900055	1
1.40449595451	-1
1.41464614868	-1
1.41464614868	-1
1.41464614868	-1
1.41472005844	1
1.41472005844	1
1.41472005844	1
1.45660209656	-1
1.45660209656	-1
1.45660209656	-1
1.45660209656	-1
1.45660209656	-1
1.45660209656	-1
1.45660209656	-1
1.61144208908	1
1.69273996353	1
1.6955909729	-1
1.74178600311	-1
1.74178600311	-1
1.74178600311	-1
1.74178600311	-1
1.74178600311	-1
1.74178600311	-1
1.74178600311	-1
1.74178600311	-1
1.74178600311	-1
1.76090812683	-1
1.76090812683	-1
1.76868915558	-1
1.76868915558	-1
1.76868915558	-1
1.76872205734	1
1.76872205734	1
1.76875305176	-1
1.76875305176	-1
1.76875305176	-1
1.88965702057	-1
1.89080810547	1
2.00140595436	-1
2.00264716148	1
2.07665109634	-1
2.18848204613	-1
2.30037999153	-1
2.44323897362	-1
2.44323897362	-1
2.44323897362	-1
2.44481301308	-1
2.44481301308	-1
2.44481301308	-1
2.44481301308	-1
2.44481301308	-1
2.44600009918	-1
2.44600009918	-1
2.44600009918	-1
2.44600009918	-1
2.44604897499	-1
2.44604897499	-1
2.45259308815	-1
2.46663212776	1
2.46744203568	-1
2.46744203568	-1
2.46744203568	-1
2.47303295135	-1
2.47303295135	-1
2.47303295135	-1
2.4807331562	-1
2.4807331562	-1
2.4807331562	-1
2.4807331562	-1
2.4807331562	-1
2.4807331562	-1
2.48096108437	-1
2.48096108437	-1
2.48096108437	-1
2.48096108437	-1
2.48096108437	-1
2.48096108437	-1
2.48096108437	-1
2.51623606682	1
2.51623606682	1
2.51623606682	1
2.51678514481	1
2.51678514481	1
2.51944804192	-1
2.51944804192	-1
2.51944804192	-1
2.52011299133	-1
2.52011299133	-1
2.52011299133	-1
2.52022004128	-1
2.52022004128	-1
2.52022004128	-1
2.52022004128	-1
2.52022004128	-1
2.52022004128	-1
2.52022004128	-1
2.52022004128	-1
2.5269780159	-1
2.5269780159	-1
2.5269780159	-1
2.5269780159	-1
2.52701497078	-1
2.54730701447	-1
2.54730701447	-1
2.547342062	1
2.54737401009	-1
2.54737401009	-1
2.54737401009	-1
2.54737401009	-1
2.54737401009	-1
2.54737401009	-1
2.54737401009	-1
2.54737401009	-1
2.54737401009	-1
2.55531811714	-1
2.55531811714	-1
2.55535197258	-1
2.55535197258	-1
2.55535197258	-1
2.55535197258	-1
2.55535197258	-1
2.55535197258	-1
2.55535197258	-1
2.59356808662	-1
2.59367394447	-1
2.59367394447	-1
2.59367394447	-1
2.59367394447	-1
2.59367394447	-1
2.59367394447	-1
2.5943031311	-1
2.5943031311	-1
2.5943031311	-1
2.59441208839	-1
2.59441208839	-1
2.59441208839	-1
2.59441208839	-1
2.59441208839	-1
2.59441208839	-1
2.59441208839	-1
2.59477996826	-1
2.59477996826	-1
2.59477996826	-1
2.59477996826	-1
2.59477996826	-1
2.59477996826	-1
2.59477996826	-1
2.59477996826	-1
2.6011929512	-1
2.6011929512	-1
2.60599994659	-1
2.60599994659	-1
2.60599994659	-1
2.60599994659	-1
2.60599994659	-1
2.60599994659	-1
2.62168097496	1
2.62168097496	1
2.62171196938	-1
2.62171196938	-1
2.62171196938	-1
2.62171196938	-1
2.72418498993	-1
2.72418498993	-1
2.72418498993	-1
2.72421908379	1
2.72441101074	-1
2.72441101074	-1
2.72441101074	-1
2.73855495453	1
2.73855495453	1
2.73855495453	1
2.7397480011	-1
2.7397480011	-1
2.74089407921	1
2.74089407921	1
2.76510906219	1
2.76510906219	1
2.76510906219	1
2.79635000229	-1
2.79635000229	-1
2.79635000229	-1
2.79635000229	-1
2.79635000229	-1
2.79635000229	-1
2.9320499897	1
2.94304013252	-1
2.94304013252	-1
2.94304013252	-1
2.95391511917	1
2.95391511917	1
2.95391511917	1
3.01633405685	-1
3.01633405685	-1
3.01633405685	-1
3.08984804153	-1
3.08984804153	-1
3.08984804153	-1
3.1437330246	-1
3.1437330246	-1
3.1437330246	-1
3.1437330246	-1
3.16313099861	-1
3.16313099861	-1
3.16313099861	-1
3.16313099861	-1
3.16488409042	1
3.27285003662	-1
3.27285003662	-1
3.27285003662	-1
3.27289009094	1
3.27289009094	1
3.27317714691	-1
3.27317714691	-1
3.27317714691	-1
3.29891705513	-1
3.29891705513	-1
3.29891705513	-1
3.29902005196	-1
3.29902005196	-1
3.29902005196	-1
3.29902005196	-1
3.29910492897	-1
3.31263804436	-1
3.31263804436	-1
3.31263804436	-1
3.31263804436	-1
3.31263804436	-1
3.31263804436	-1
3.3244740963	-1
3.3244740963	-1
3.3245279789	-1
3.3245279789	-1
3.3245279789	-1
3.33417201042	-1
3.33417201042	-1
3.33421993256	-1
3.33421993256	-1
3.33421993256	-1
3.33421993256	-1
3.33421993256	-1
3.33421993256	-1
3.34044504166	-1
3.34044504166	-1
3.34044504166	-1
3.34044504166	-1
3.34044504166	-1
3.34044504166	-1
3.34044504166	-1
3.34044504166	-1
3.3486559391	1
3.3486559391	1
3.3486559391	1
3.35179209709	-1
3.35179209709	-1
3.35179209709	-1
3.35182714462	1
3.35269808769	-1
3.35269808769	-1
3.35269808769	-1
3.35477209091	-1
3.35477209091	-1
3.35477209091	-1
3.35477209091	-1
3.35477209091	-1
3.35477209091	-1
3.35477209091	-1
3.38570404053	-1
3.38570404053	-1
3.38570404053	-1
3.38570404053	-1
3.38570404053	-1
3.38570404053	-1
3.38570404053	-1
3.38570404053	-1
3.39630103111	-1
3.39708900452	-1
3.39708900452	-1
3.39708900452	-1
3.39708900452	-1
3.39708900452	-1
3.39708900452	-1
3.39708900452	-1
3.39783811569	-1
3.39785313606	1
3.39785313606	1
3.39785313606	1
3.39850592613	-1
3.39850592613	-1
3.39850592613	-1
3.39850592613	-1
3.39850592613	-1
3.49981713295	1
3.53433895111	-1
3.53433895111	-1
3.53433895111	-1
3.54136395454	-1
3.54136395454	-1
3.54136395454	-1
3.54136395454	-1
3.54136395454	-1
3.54136395454	-1
3.54136395454	-1
3.57396411896	-1
3.57396411896	-1
3.57396411896	-1
3.57396411896	-1
3.57396411896	-1
3.57396411896	-1
3.57396411896	-1
3.5890390873	-1
3.58907413483	1
3.60184192657	1
3.60184192657	1
3.60184192657	1
3.60951805115	-1
3.60951805115	-1
3.60951805115	-1
3.61497998238	-1
3.61497998238	-1
3.61645102501	1
3.61645102501	1
3.66049194336	1
3.66049194336	1
3.66049194336	1
3.67679309845	1
3.73521208763	-1
3.7911260128	1
3.81206893921	-1
3.81206893921	-1
3.81206893921	-1
3.85253310204	-1
3.86271214485	-1
3.86271214485	-1
3.86271214485	-1
3.86271214485	-1
3.86310601234	-1
3.86310601234	-1
3.8631670475	-1
3.8631670475	-1
3.8631670475	-1
3.8631670475	-1
3.8631670475	-1
3.8631670475	-1
3.8631670475	-1
3.86347293854	-1
3.86347293854	-1
3.86347293854	-1
3.86347293854	-1
3.86347293854	-1
3.86347293854	-1
3.86347293854	-1
3.86450505257	-1
3.86450505257	-1
3.86450505257	-1
3.86450505257	-1
3.86450505257	-1
3.86450505257	-1
3.86450505257	-1
3.86450505257	-1
3.86508607864	-1
3.86508607864	-1
3.86511492729	1
3.86511492729	1
3.88988804817	-1
3.88988804817	-1
3.88988804817	-1
3.89146494865	-1
3.89146494865	-1
3.89146494865	-1
3.89146494865	-1
3.89146494865	-1
3.89146494865	-1
3.89146494865	-1
3.89402413368	-1
3.89762496948	1
3.89762496948	1
3.89762496948	1
3.89767503738	-1
3.89767503738	-1
3.89767503738	-1
3.89767503738	-1
3.89767503738	-1
3.89767503738	-1
3.89767503738	-1
3.90286207199	-1
3.90312099457	-1
3.90312099457	-1
3.90312099457	-1
3.90312099457	-1
3.90312099457	-1
3.90312099457	-1
3.90312099457	-1
3.90356898308	-1
3.90356898308	-1
3.90356898308	-1
3.90356898308	-1
3.90356898308	-1
3.90356898308	-1
3.92459893227	-1
3.92663002014	1
3.92663002014	1
3.97166109085	1
3.97166109085	1
3.98902702332	-1
3.98902702332	-1
3.98902702332	-1
4.00827598572	-1
4.00827598572	-1
4.00898313522	1
4.00898313522	1
4.00898313522	1
4.01429796219	-1
4.01429796219	-1
4.01429796219	-1
4.01503109932	-1
4.01503109932	-1
4.01505303383	-1
4.01505303383	-1
4.01505303383	-1
4.01505303383	-1
4.01505303383	-1
4.02934598923	-1
4.03836607933	-1
4.03836607933	-1
4.04057598114	-1
4.04057598114	-1
4.09915995598	-1
4.09915995598	-1
4.09915995598	-1
4.09940814972	-1
4.09940814972	-1
4.09940814972	-1
4.09940814972	-1
4.09973502159	-1
4.1186580658	-1
4.1186580658	-1
4.1186580658	-1
4.14039111137	-1
4.14039111137	-1
4.14039111137	-1
4.1547601223	-1
4.1547601223	-1
4.15504312515	-1
4.15504312515	-1
4.15516614914	-1
4.15516614914	-1
4.15516614914	-1
4.15516614914	-1
4.15516614914	-1
4.15516614914	-1
4.15516614914	-1
4.15541315079	-1
4.15541315079	-1
4.15541315079	-1
4.15541315079	-1
4.15541315079	-1
4.15541315079	-1
4.15541315079	-1
4.16065692902	-1
4.16065692902	-1
4.16065692902	-1
4.16065692902	-1
4.16065692902	-1
4.16065692902	-1
4.16065692902	-1
4.16065692902	-1
4.16065692902	-1
4.18142294884	-1
4.18142294884	-1
4.18144392967	-1
4.18144392967	-1
4.18144392967	-1
4.18144392967	-1
4.18144392967	-1
4.18144392967	-1
4.18144392967	-1
4.18178796768	-1
4.18191194534	-1
4.18191194534	-1
4.18191194534	-1
4.18191194534	-1
4.18191194534	-1
4.18191194534	-1
4.18191194534	-1
4.19351100922	-1
4.19351100922	-1
4.19351100922	-1
4.19351100922	-1
4.19351100922	-1
4.19351100922	-1
4.19351100922	-1
4.19351100922	-1
4.19374799728	-1
4.19374799728	-1
4.19374799728	-1
4.19374799728	-1
4.19374799728	-1
4.19374799728	-1
4.19374799728	-1
4.19411611557	-1
4.19411611557	-1
4.19423913956	-1
4.19423913956	-1
4.19423913956	-1
4.19423913956	-1
4.19423913956	-1
4.19423913956	-1
4.19423913956	-1
4.19600701332	1
4.21480703354	-1
4.21492314339	-1
4.21492314339	-1
4.21492314339	-1
4.21492314339	-1
4.21492314339	-1
4.21492314339	-1
4.21492314339	-1
4.23054504395	-1
4.23059201241	-1
4.23059201241	-1
4.23059201241	-1
4.23059201241	-1
4.23059201241	-1
4.23059201241	-1
4.23059201241	-1
4.23090100288	-1
4.23090100288	-1
4.23090100288	-1
4.23090100288	-1
4.23090100288	-1
4.23090100288	-1
4.23090100288	-1
4.23090100288	-1
4.23129010201	-1
4.23129010201	-1
4.23129010201	-1
4.23129010201	-1
4.23129010201	-1
4.23129010201	-1
4.23129010201	-1
4.23129010201	-1
4.23129010201	-1
4.23171210289	1
4.23171210289	1
4.23171210289	1
4.23583602905	-1
4.23583602905	-1
4.25545310974	-1
4.25545310974	-1
4.2555000782	-1
4.2555000782	-1
4.2555000782	-1
4.2555000782	-1
4.2555000782	-1
4.2555000782	-1
4.2555000782	-1
4.2555000782	-1
4.25637292862	-1
4.25641894341	-1
4.25641894341	-1
4.25641894341	-1
4.26650214195	-1
4.26650214195	-1
4.26667714119	-1
4.26667714119	-1
4.26667714119	-1
4.26667714119	-1
4.26667714119	-1
4.26667714119	-1
4.26667714119	-1
4.26692199707	-1
4.26692199707	-1
4.26692199707	-1
4.26692199707	-1
4.26692199707	-1
4.26692199707	-1
4.26692199707	-1
4.26802897453	-1
4.26802897453	-1
4.26802897453	-1
4.26802897453	-1
4.26802897453	-1
4.26802897453	-1
4.26843905449	-1
4.26843905449	-1
4.26843905449	-1
4.26843905449	-1
4.26843905449	-1
4.26843905449	-1
4.26843905449	-1
4.28997993469	-1
4.28997993469	-1
4.28997993469	-1
4.28997993469	-1
4.28997993469	-1
4.28997993469	-1
4.28997993469	-1
4.28997993469	-1
4.29023194313	-1
4.29023194313	-1
4.29023194313	-1
4.29023194313	-1
4.29023194313	-1
4.29023194313	-1
4.29023194313	-1
4.29023194313	-1
4.29069805145	-1
4.29069805145	-1
4.29069805145	-1
4.29069805145	-1
4.29069805145	-1
4.29069805145	-1
4.30984306335	-1
4.30984306335	-1
4.30984306335	-1
4.30984306335	-1
4.30984306335	-1
4.30984306335	-1
4.30984306335	-1
4.33015203476	-1
4.33116197586	-1
4.33116197586	-1
4.33116197586	-1
4.33116197586	-1
4.33116197586	-1
4.33116197586	-1
4.33116197586	-1
4.33116197586	-1
4.34092402458	-1
4.34092402458	-1
4.34092402458	-1
4.34092402458	-1
4.34092402458	-1
4.37984609604	-1
4.37986803055	1
4.37986803055	1
4.4040210247	-1
4.41518115997	-1
4.41518115997	-1
4.41518115997	-1
4.41518115997	-1
4.41518115997	-1
4.41518115997	-1
4.41518115997	-1
4.48916697502	1
4.48916697502	1
4.56333112717	-1
4.56593608856	1
4.71101903915	-1
4.71105408669	1
4.71105408669	1
4.72304105759	-1
4.72304105759	-1
4.72304105759	-1
4.72304105759	-1
4.72329115868	-1
4.72329115868	-1
4.72329115868	-1
4.72329115868	-1
4.72329115868	-1
4.72329115868	-1
4.72329115868	-1
4.72362804413	-1
4.72362804413	-1
4.72362804413	-1
4.72362804413	-1
4.72362804413	-1
4.72362804413	-1
4.72362804413	-1
4.72390699387	-1
4.74198412895	-1
4.74198412895	-1
4.74198412895	-1
4.78531503677	-1
4.78534698486	1
4.78534698486	1
4.8596971035	-1
4.8596971035	-1
4.97269892693	-1
4.97269892693	-1
4.97433495522	1
5.03925299644	-1
5.03925299644	-1
5.03925299644	-1
5.04855203629	-1
5.04855203629	-1
5.08531403542	1
5.15199899673	-1
5.23351216316	-1
5.23351216316	-1
5.23351216316	-1
5.23351216316	-1
5.2335460186	1
5.2335460186	1
5.38831114769	-1
5.60075592995	-1
5.71236395836	-1
5.82597994804	1
5.82616400719	1
5.82616400719	1
5.82616400719	1
5.82902693748	1
5.82902693748	1
5.82902693748	1
5.82902693748	1
5.82902693748	1
5.82925796509	1
5.82925796509	1
5.82925796509	1
5.82925796509	1
5.82925796509	1
5.82925796509	1
5.82925796509	1
5.82925796509	1
5.82931995392	1
6.01546216011	-1
