0.0	1
0.342130899429	1
0.508965015411	-1
0.510277986526	1
0.860382080078	-1
0.861464977264	1
0.864601135254	1
0.864601135254	1
0.864601135254	1
1.00377297401	1
1.00377297401	1
1.00377297401	1
1.58176112175	-1
1.58349704742	1
1.73731899261	-1
1.73873806	1
1.80102705956	-1
1.80102705956	-1
1.80102705956	-1
1.85064291954	1
1.85064291954	1
1.96295499802	-1
1.96299791336	1
2.1361811161	-1
2.26547694206	-1
2.26547694206	-1
2.26547694206	-1
2.26547694206	-1
2.26547694206	-1
2.26547694206	-1
2.26547694206	-1
2.26547694206	-1
2.29970192909	1
2.43746089935	-1
2.49638199806	-1
2.49638199806	-1
2.49638199806	-1
2.49638199806	-1
2.49638199806	-1
2.49638199806	-1
2.49638199806	-1
2.49638199806	-1
2.5496609211	1
2.55077290535	-1
2.58153104782	-1
2.58153104782	-1
2.58153104782	-1
2.58153104782	-1
2.58153104782	-1
2.58153104782	-1
2.58153104782	-1
2.58153104782	-1
2.61659097672	-1
2.61659097672	-1
2.61659097672	-1
2.65557909012	-1
2.65557909012	-1
2.65557909012	-1
2.65557909012	-1
2.65557909012	-1
2.65557909012	-1
2.81443190575	-1
2.81570792198	1
2.9929869175	-1
3.30729699135	-1
3.6225039959	-1
3.62985706329	1
4.11546206474	-1
4.43841409683	-1
4.46299600601	1
4.46520900726	1
4.46520900726	1
4.46520900726	1
5.24697208405	-1
5.39851403236	-1
5.51044511795	-1
5.622631073	-1
5.85961198807	-1
6.01389193535	-1
6.80384302139	1
6.91567611694	1
6.91567611694	1
7.80363893509	1
8.0044400692	-1
8.05713605881	-1
8.05713605881	-1
8.05713605881	-1
8.05713605881	-1
8.05713605881	-1
8.05713605881	-1
8.05713605881	-1
8.15549612045	1
8.15928792953	1
8.15928792953	1
8.15928792953	1
8.16062498093	1
8.16062498093	1
8.17304801941	-1
8.17304801941	-1
8.17304801941	-1
8.17304801941	-1
8.17304801941	-1
8.17304801941	-1
8.17304801941	-1
8.17304801941	-1
8.20771098137	-1
8.26776194572	1
8.26776194572	1
8.26776194572	1
8.26776194572	1
8.26776194572	1
8.49119091034	1
8.78840303421	-1
8.78967213631	1
9.02163410187	-1
9.02277302742	1
9.08290600777	-1
9.08290600777	-1
9.08290600777	-1
9.08290600777	-1
9.13487911224	1
9.13487911224	1
9.24702692032	-1
9.24707102776	1
9.24707102776	1
9.3963470459	1
9.57735991478	-1
9.6196949482	-1
9.6196949482	-1
9.6196949482	-1
9.6196949482	-1
9.6196949482	-1
9.6196949482	-1
9.6196949482	-1
9.6196949482	-1
9.64400100708	-1
9.64400100708	-1
9.64400100708	-1
9.64400100708	-1
9.64400100708	-1
9.64400100708	-1
9.64400100708	-1
9.64556598663	1
9.71596503258	-1
9.71596503258	-1
9.71596503258	-1
9.71596503258	-1
9.71596503258	-1
9.71596503258	-1
9.71596503258	-1
9.71596503258	-1
9.79535913467	-1
9.79535913467	-1
9.79535913467	-1
9.79535913467	-1
9.79535913467	-1
9.79535913467	-1
9.79535913467	-1
9.79535913467	-1
9.79535913467	-1
9.79650592804	1
9.81741690636	-1
9.81741690636	-1
9.81741690636	-1
9.81741690636	-1
9.81741690636	-1
9.81741690636	-1
9.81741690636	-1
9.84770393372	-1
9.87946009636	1
9.87946009636	1
9.87946009636	1
9.97627305984	-1
9.97627305984	-1
9.97627305984	-1
9.97627305984	-1
9.97627305984	-1
9.97627305984	-1
10.0166940689	1
10.0166940689	1
10.0166940689	1
10.0166940689	1
10.0166940689	1
10.0166940689	1
10.0391170979	-1
10.0391170979	-1
10.0391170979	-1
10.0391170979	-1
10.0854609013	-1
10.0854609013	-1
10.0854609013	-1
10.0854609013	-1
10.0854609013	-1
10.0854609013	-1
10.0877029896	1
10.0877029896	1
10.0877029896	1
10.0877029896	1
10.1112411022	-1
10.1112411022	-1
10.1112411022	-1
10.1629528999	-1
10.1629528999	-1
10.1629528999	-1
10.1629528999	-1
10.1629528999	-1
10.1629528999	-1
10.1629528999	-1
10.2116410732	-1
10.2117569447	-1
10.2117569447	-1
10.2117569447	-1
10.2415881157	-1
10.2571730614	-1
10.2571730614	-1
10.2571730614	-1
10.2571730614	-1
10.2571730614	-1
10.2571730614	-1
10.3018960953	-1
10.3018960953	-1
10.3018960953	-1
10.3018960953	-1
10.3018960953	-1
10.3018960953	-1
10.3018960953	-1
10.3018960953	-1
10.3212690353	-1
10.3212690353	-1
10.3212690353	-1
10.3212690353	-1
10.3212690353	-1
10.3212690353	-1
10.3212690353	-1
10.3212690353	-1
10.3245019913	1
10.3245019913	1
10.3438169956	-1
10.3438169956	-1
10.3438169956	-1
10.3438169956	-1
10.3438169956	-1
10.3438169956	-1
10.3438169956	-1
10.3692519665	-1
10.4303810596	-1
10.4303810596	-1
10.4303810596	-1
10.4303810596	-1
10.4303810596	-1
10.4303810596	-1
10.4303810596	-1
10.4303810596	-1
10.4517629147	-1
10.4517629147	-1
10.4517629147	-1
10.4517629147	-1
10.4517629147	-1
10.4855101109	-1
10.5226559639	-1
10.5323019028	-1
10.5323019028	-1
10.5323019028	-1
10.5323019028	-1
10.5768859386	-1
10.5768859386	-1
10.5768859386	-1
10.5768859386	-1
10.6212000847	-1
10.6212000847	-1
10.6212000847	-1
10.6212000847	-1
10.6212000847	-1
10.6212000847	-1
10.6212000847	-1
10.6212000847	-1
10.6358389854	1
10.6483740807	-1
10.6483740807	-1
10.6483740807	-1
10.6483740807	-1
10.6483740807	-1
10.6483740807	-1
10.6483740807	-1
10.6991209984	-1
10.6991209984	-1
10.6991209984	-1
10.6991209984	-1
10.6991209984	-1
10.6991209984	-1
10.6991209984	-1
10.6991209984	-1
10.7406511307	-1
10.7406511307	-1
10.7678079605	-1
10.7678079605	-1
10.7678079605	-1
10.7678079605	-1
10.7678079605	-1
10.7678079605	-1
10.7678079605	-1
10.7678399086	1
10.8138000965	-1
10.8138000965	-1
10.8587319851	-1
10.8851161003	-1
10.8851161003	-1
10.8851161003	-1
10.8851161003	-1
10.8851161003	-1
10.8851161003	-1
10.8851161003	-1
10.8851161003	-1
10.8851161003	-1
10.9066529274	-1
10.9066529274	-1
10.9066529274	-1
10.9066529274	-1
10.9577901363	-1
10.9881989956	-1
10.9881989956	-1
10.9881989956	-1
10.9881989956	-1
11.0405409336	-1
11.0405409336	-1
11.0405409336	-1
11.0405409336	-1
11.0405409336	-1
11.0405409336	-1
11.0405409336	-1
11.0405409336	-1
11.0584580898	-1
11.0584580898	-1
11.0584580898	-1
11.0584580898	-1
11.0584580898	-1
11.0584580898	-1
11.0584580898	-1
11.0803089142	-1
11.100910902	-1
11.100910902	-1
11.100910902	-1
11.100910902	-1
11.100910902	-1
11.100910902	-1
11.100910902	-1
11.1431179047	-1
11.1431179047	-1
11.144395113	1
11.1629629135	-1
11.1629629135	-1
11.1629629135	-1
11.1629629135	-1
11.1629629135	-1
11.1960570812	-1
11.2647829056	-1
11.2647829056	-1
11.2647829056	-1
11.2647829056	-1
11.2647829056	-1
11.2647829056	-1
11.2647829056	-1
11.3141760826	-1
11.3142819405	-1
11.3142819405	-1
11.3142819405	-1
11.3142819405	-1
11.3142819405	-1
11.3396520615	-1
11.3632249832	-1
11.3632249832	-1
11.3632249832	-1
11.3632249832	-1
11.3632249832	-1
11.3632249832	-1
11.3632249832	-1
11.4004371166	-1
11.4004371166	-1
11.4004371166	-1
11.4004371166	-1
11.4004371166	-1
11.4394860268	-1
11.4394860268	-1
11.4621961117	-1
11.4621961117	-1
11.4621961117	-1
11.4621961117	-1
11.4621961117	-1
11.4621961117	-1
11.4621961117	-1
11.4719350338	1
11.4821820259	-1
11.4821820259	-1
11.4821820259	-1
11.4821820259	-1
11.4821820259	-1
11.4821820259	-1
11.4821820259	-1
11.5199050903	-1
11.5199050903	-1
11.5199050903	-1
11.5199050903	-1
11.5199050903	-1
11.5199050903	-1
11.5199050903	-1
11.5199050903	-1
11.5650179386	-1
11.5650179386	-1
11.5834701061	-1
11.5834701061	-1
11.5834701061	-1
11.5834701061	-1
11.6316239834	-1
11.6316239834	-1
11.6316239834	-1
11.6316239834	-1
11.6316239834	-1
11.6316239834	-1
11.6316239834	-1
11.6316239834	-1
11.6491041183	-1
11.6491041183	-1
11.6491041183	-1
11.6491041183	-1
11.6491041183	-1
11.6491041183	-1
11.6491041183	-1
11.6638491154	-1
11.6833069324	-1
11.6833069324	-1
11.6833069324	-1
11.6833069324	-1
11.6833069324	-1
11.6833069324	-1
11.6833069324	-1
11.6839461327	1
11.7303650379	-1
11.7303650379	-1
11.7303650379	-1
11.7303650379	-1
11.7303650379	-1
11.7303650379	-1
11.7303650379	-1
11.7303650379	-1
11.7303650379	-1
11.7700760365	-1
11.7700760365	-1
11.7700760365	-1
11.7700760365	-1
11.7700760365	-1
11.7700760365	-1
11.7700760365	-1
11.7700760365	-1
11.7923951149	-1
11.7923951149	-1
11.7923951149	-1
11.7923951149	-1
11.7923951149	-1
11.7923951149	-1
11.7923951149	-1
11.8089630604	-1
11.8424220085	-1
11.8514940739	-1
11.8514940739	-1
11.8514940739	-1
11.8514940739	-1
11.8514940739	-1
11.8514940739	-1
11.8514940739	-1
11.8671400547	-1
11.8671400547	-1
11.8671400547	-1
11.8671400547	-1
11.8671400547	-1
11.8671400547	-1
11.8671400547	-1
11.8671400547	-1
11.897922039	-1
11.897922039	-1
11.897922039	-1
11.897922039	-1
11.897922039	-1
11.897922039	-1
11.897922039	-1
11.897922039	-1
11.8992259502	1
11.960463047	-1
11.960463047	-1
11.9800701141	-1
11.9800701141	-1
11.9800701141	-1
11.9800701141	-1
11.9800701141	-1
11.9800701141	-1
11.9800701141	-1
12.0007309914	-1
12.0007309914	-1
12.0007309914	-1
12.0007309914	-1
12.0245480537	-1
12.0245480537	-1
12.0245480537	-1
12.0245480537	-1
12.0245480537	-1
12.0245480537	-1
12.0245480537	-1
12.0245840549	1
12.0479059219	-1
12.0479059219	-1
12.0755329132	-1
12.1048600674	-1
12.1048600674	-1
12.1048600674	-1
12.1395170689	-1
12.1395170689	-1
12.1395170689	-1
12.1395170689	-1
12.1395170689	-1
12.1395170689	-1
12.1752851009	-1
12.1752851009	-1
12.1752851009	-1
12.1752851009	-1
12.1752851009	-1
12.1752851009	-1
12.1944730282	-1
12.2171010971	-1
12.2513420582	-1
12.2513420582	-1
12.2513420582	-1
12.2744040489	-1
12.2744040489	-1
12.2744040489	-1
12.2744040489	-1
12.2744040489	-1
12.2744040489	-1
12.2744040489	-1
12.2934069633	-1
12.3151381016	-1
12.3151381016	-1
12.3151381016	-1
12.3151381016	-1
12.3151381016	-1
12.3602759838	-1
12.3602759838	-1
12.3602759838	-1
12.3602759838	-1
12.3602759838	-1
12.3602759838	-1
12.3602759838	-1
12.3602759838	-1
12.3780360222	-1
12.4192740917	-1
12.4192740917	-1
12.4192740917	-1
12.4192740917	-1
12.4192740917	-1
12.4192740917	-1
12.4192740917	-1
12.4192740917	-1
12.4418139458	-1
12.4431529045	1
12.4807960987	-1
12.4807960987	-1
12.4807960987	-1
12.5283050537	-1
12.5283050537	-1
12.5283050537	-1
12.5283050537	-1
12.5283050537	-1
12.5549850464	-1
12.5683391094	-1
12.5683391094	-1
12.5683391094	-1
12.5683391094	-1
12.5683391094	-1
12.5683391094	-1
12.5683550835	1
12.5945711136	-1
12.5945711136	-1
12.5945711136	-1
12.5945711136	-1
12.5945711136	-1
12.6273710728	-1
12.6273710728	-1
12.6273710728	-1
12.6273710728	-1
12.6273710728	-1
12.6464629173	-1
12.6464629173	-1
12.6464629173	-1
12.6464629173	-1
12.6464629173	-1
12.6464629173	-1
12.6464629173	-1
12.6676750183	-1
12.6916699409	1
12.6916699409	1
12.6916699409	1
12.7797300816	-1
12.7797300816	-1
12.8262379169	-1
12.8262379169	-1
12.8262379169	-1
12.8262379169	-1
12.8262379169	-1
12.8262379169	-1
12.8645210266	-1
12.8645210266	-1
12.8645210266	-1
12.8645210266	-1
12.8645210266	-1
12.8645210266	-1
12.8645210266	-1
12.8645210266	-1
12.864563942	1
12.8753659725	-1
12.8753659725	-1
12.8753659725	-1
12.8753659725	-1
12.8753659725	-1
12.8753659725	-1
12.8753659725	-1
12.9186041355	-1
12.9817359447	-1
12.9817359447	-1
12.9817359447	-1
12.9817359447	-1
12.9817359447	-1
12.9817359447	-1
12.9817359447	-1
12.9817359447	-1
12.9817790985	1
13.1546750069	-1
13.1563060284	1
13.2950839996	-1
13.2950959206	1
13.3128170967	-1
13.3128170967	-1
13.3128170967	-1
13.3128170967	-1
13.3128170967	-1
13.3128170967	-1
13.3128170967	-1
13.3306760788	-1
13.3306760788	-1
13.3306760788	-1
13.3306760788	-1
13.3306760788	-1
13.3306760788	-1
13.3306760788	-1
13.4073700905	-1
13.4339449406	-1
13.4339449406	-1
13.4339449406	-1
13.4339449406	-1
13.4339449406	-1
13.4339449406	-1
13.4339449406	-1
13.4339449406	-1
13.4547600746	-1
13.5460000038	-1
13.5475859642	1
13.7077000141	-1
13.8207440376	-1
13.8207440376	-1
13.8207440376	-1
13.8207440376	-1
13.8626201153	-1
13.8705050945	-1
13.8705050945	-1
13.8705050945	-1
13.9873580933	1
14.0872380733	-1
14.0991389751	1
14.1639509201	-1
14.1639509201	-1
14.1639509201	-1
14.1639509201	-1
14.1639509201	-1
14.2529540062	1
14.4039580822	1
14.426692009	-1
14.5647931099	-1
14.5647931099	-1
14.5647931099	-1
14.5755050182	-1
14.5755050182	-1
14.5755050182	-1
14.5755050182	-1
14.5755050182	-1
14.5755050182	-1
14.5865299702	-1
14.5865299702	-1
14.5865299702	-1
14.5865299702	-1
14.5865299702	-1
14.5865299702	-1
14.5865299702	-1
14.5960960388	-1
14.5960960388	-1
14.5960960388	-1
14.5960960388	-1
14.5960960388	-1
14.5960960388	-1
14.5960960388	-1
14.6162750721	-1
14.6162750721	-1
14.6175320148	1
14.6265230179	-1
14.6265230179	-1
14.6675150394	-1
14.6675150394	-1
14.6675150394	-1
14.6675150394	-1
14.6675150394	-1
14.6675150394	-1
14.6675150394	-1
14.7680211067	1
14.7680211067	1
14.8866801262	-1
15.0261580944	-1
15.1746480465	-1
15.2515881062	1
15.375934124	-1
15.3896551132	1
15.4844141006	1
15.4844141006	1
15.4844141006	1
15.4844141006	1
15.4844141006	1
15.4844141006	1
15.4844141006	1
15.4844141006	1
15.4858100414	1
15.4858100414	1
15.4858100414	1
15.4858100414	1
15.4859349728	1
15.4859349728	1
15.7180480957	-1
15.9064319134	-1
16.1625580788	-1
