0.0	1
0.250827074051	1
0.624195098877	-1
0.625731945038	1
0.925941944122	-1
0.926769018173	1
0.930156946182	1
0.930156946182	1
0.930156946182	1
1.03773403168	1
1.03773403168	1
1.03773403168	1
1.49752306938	-1
1.49922895432	1
1.66800808907	-1
1.66911792755	1
1.74385905266	-1
1.74385905266	-1
1.74549293518	1
1.82014107704	-1
1.82014107704	-1
1.82150912285	1
1.96187901497	1
2.2740149498	-1
2.27428007126	-1
2.27428007126	-1
2.27428007126	-1
2.27428007126	-1
2.27428007126	-1
2.27428007126	-1
2.27452492714	-1
2.27452492714	-1
2.27452492714	-1
2.27452492714	-1
2.27452492714	-1
2.27452492714	-1
2.27452492714	-1
2.2748169899	1
2.27917194366	-1
2.27931809425	-1
2.27931809425	-1
2.27931809425	-1
2.27931809425	-1
2.27931809425	-1
2.27931809425	-1
2.27931809425	-1
2.28724098206	-1
2.28734493256	-1
2.28734493256	-1
2.28734493256	-1
2.28734493256	-1
2.28734493256	-1
2.28734493256	-1
2.32890701294	1
2.32890701294	1
2.32890701294	1
2.33019995689	1
2.33019995689	1
2.33691596985	1
2.33691596985	1
2.33691596985	1
2.34915804863	-1
2.34915804863	-1
2.34915804863	-1
2.35291600227	-1
2.35291600227	-1
2.35291600227	-1
2.35291600227	-1
2.35291600227	-1
2.35291600227	-1
2.35291600227	-1
2.35291600227	-1
2.37619805336	-1
2.37619805336	-1
2.37619805336	-1
2.37619805336	-1
2.37619805336	-1
2.37619805336	-1
2.37619805336	-1
2.37619805336	-1
2.39880609512	-1
2.4014070034	-1
2.4014070034	-1
2.42535305023	1
2.4254860878	1
2.4254860878	1
2.4254860878	1
2.55757594109	-1
2.55782604218	-1
2.55782604218	-1
2.55782604218	-1
2.55782604218	-1
2.55782604218	-1
2.55782604218	-1
2.56394910812	-1
2.56394910812	-1
2.56394910812	-1
2.56394910812	-1
2.56394910812	-1
2.56394910812	-1
2.56394910812	-1
2.56394910812	-1
2.57344913483	-1
2.57344913483	-1
2.57344913483	-1
2.58420991898	1
2.58420991898	1
2.58420991898	1
2.67452192307	-1
2.67452192307	-1
2.67452192307	-1
2.67452192307	-1
2.67452192307	-1
2.67452192307	-1
2.67452192307	-1
2.67452192307	-1
2.67641401291	-1
2.81898808479	-1
2.82027411461	1
2.87116909027	-1
2.87116909027	-1
2.87116909027	-1
2.87116909027	-1
2.87116909027	-1
2.87116909027	-1
2.87116909027	-1
2.87116909027	-1
2.91255402565	-1
2.91255402565	-1
2.91255402565	-1
2.91255402565	-1
2.91255402565	-1
2.91255402565	-1
2.91255402565	-1
2.91255402565	-1
2.91255402565	-1
2.99266600609	-1
2.99266600609	-1
2.99266600609	-1
2.99266600609	-1
2.99266600609	-1
2.99266600609	-1
2.99266600609	-1
3.02031493187	-1
3.02036213875	-1
3.02036213875	-1
3.02036213875	-1
3.02036213875	-1
3.02036213875	-1
3.02157497406	1
3.06963992119	1
3.06963992119	1
3.06963992119	1
3.13610506058	1
3.13610506058	1
3.141299963	-1
3.141299963	-1
3.141299963	-1
3.141299963	-1
3.141299963	-1
3.141299963	-1
3.141299963	-1
3.15424513817	-1
3.15424513817	-1
3.15424513817	-1
3.15424513817	-1
3.15424513817	-1
3.15424513817	-1
3.15424513817	-1
3.15424513817	-1
3.18322205544	-1
3.18401813507	-1
3.18401813507	-1
3.18401813507	-1
3.18401813507	-1
3.18401813507	-1
3.18401813507	-1
3.18401813507	-1
3.20306706429	-1
3.20317006111	-1
3.20317006111	-1
3.20317006111	-1
3.20317006111	-1
3.20317006111	-1
3.20317006111	-1
3.20317006111	-1
3.21917700768	-1
3.21920800209	1
3.23220491409	-1
3.23220491409	-1
3.23220491409	-1
3.23220491409	-1
3.23220491409	-1
3.23220491409	-1
3.23220491409	-1
3.28966712952	-1
3.28977704048	-1
3.28977704048	-1
3.28977704048	-1
3.28977704048	-1
3.31267404556	-1
3.31267404556	-1
3.31267404556	-1
3.31267404556	-1
3.31267404556	-1
3.31267404556	-1
3.31267404556	-1
3.31267404556	-1
3.31267404556	-1
3.31301593781	-1
3.31301593781	-1
3.31301593781	-1
3.31301593781	-1
3.32671403885	-1
3.35198402405	-1
3.35198402405	-1
3.35198402405	-1
3.35198402405	-1
3.35198402405	-1
3.35198402405	-1
3.35198402405	-1
3.35198402405	-1
3.35348510742	-1
3.35348510742	-1
3.35348510742	-1
3.35348510742	-1
3.35348510742	-1
3.35348510742	-1
3.35348510742	-1
3.35470414162	1
3.35806894302	-1
3.378013134	-1
3.378013134	-1
3.378013134	-1
3.378013134	-1
3.378013134	-1
3.378013134	-1
3.378013134	-1
3.378013134	-1
3.38724899292	-1
3.38724899292	-1
3.38724899292	-1
3.38724899292	-1
3.38724899292	-1
3.38724899292	-1
3.38724899292	-1
3.38724899292	-1
3.39517402649	-1
3.39542293549	-1
3.39542293549	-1
3.39542293549	-1
3.39542293549	-1
3.39542293549	-1
3.39542293549	-1
3.39542293549	-1
3.407736063	-1
3.407736063	-1
3.407736063	-1
3.407736063	-1
3.407736063	-1
3.407736063	-1
3.407736063	-1
3.407736063	-1
3.42686295509	-1
3.46178102493	1
3.47375011444	-1
3.47375011444	-1
3.47375011444	-1
3.47375011444	-1
3.47375011444	-1
3.47375011444	-1
3.47375011444	-1
3.47375011444	-1
3.4851770401	-1
3.4853451252	-1
3.4853451252	-1
3.4853451252	-1
3.4853451252	-1
3.4853451252	-1
3.4853451252	-1
3.4853451252	-1
3.4853451252	-1
3.48571395874	-1
3.48571395874	-1
3.48571395874	-1
3.49162793159	-1
3.49162793159	-1
3.49162793159	-1
3.49162793159	-1
3.49162793159	-1
3.49162793159	-1
3.49162793159	-1
3.49162793159	-1
3.53646802902	1
3.58626413345	-1
3.58626413345	-1
3.58626413345	-1
3.58648896217	-1
3.58648896217	-1
3.58648896217	-1
3.58648896217	-1
3.58648896217	-1
3.58648896217	-1
3.58648896217	-1
3.59795308113	-1
3.59800195694	-1
3.59800195694	-1
3.59800195694	-1
3.59800195694	-1
3.59800195694	-1
3.59800195694	-1
3.61041808128	-1
3.61041808128	-1
3.61041808128	-1
3.61041808128	-1
3.61041808128	-1
3.61041808128	-1
3.61041808128	-1
3.61041808128	-1
3.61884403229	-1
3.61884403229	-1
3.61884403229	-1
3.61884403229	-1
3.61884403229	-1
3.61884403229	-1
3.61884403229	-1
3.61884403229	-1
3.61947894096	1
3.69077110291	-1
3.69077110291	-1
3.69077110291	-1
3.69077110291	-1
3.69077110291	-1
3.69077110291	-1
3.69077110291	-1
3.69077110291	-1
3.69077110291	-1
3.69509196281	-1
3.69509196281	-1
3.69509196281	-1
3.69509196281	-1
3.69509196281	-1
3.69509196281	-1
3.69509196281	-1
3.69768404961	-1
3.69768404961	-1
3.69768404961	-1
3.69768404961	-1
3.69768404961	-1
3.69768404961	-1
3.69768404961	-1
3.70864295959	-1
3.70864295959	-1
3.71195912361	-1
3.71195912361	-1
3.71195912361	-1
3.71195912361	-1
3.71195912361	-1
3.71195912361	-1
3.71195912361	-1
3.76516413689	-1
3.77420210838	-1
3.77420210838	-1
3.77420210838	-1
3.77420210838	-1
3.77420210838	-1
3.77420210838	-1
3.77420210838	-1
3.78126001358	-1
3.78136301041	-1
3.78136301041	-1
3.78136301041	-1
3.78136301041	-1
3.78136301041	-1
3.78136301041	-1
3.78136301041	-1
3.7824909687	1
3.79067707062	-1
3.79067707062	-1
3.79067707062	-1
3.79067707062	-1
3.79067707062	-1
3.79067707062	-1
3.79067707062	-1
3.79067707062	-1
3.85011005402	-1
3.85011005402	-1
3.85011005402	-1
3.85011005402	-1
3.85011005402	-1
3.85011005402	-1
3.85011005402	-1
3.85011005402	-1
3.85028791428	-1
3.86931800842	-1
3.86931800842	-1
3.86931800842	-1
3.86931800842	-1
3.86931800842	-1
3.86931800842	-1
3.86931800842	-1
3.86931800842	-1
3.87023305893	1
3.87582802773	-1
3.87582802773	-1
3.87582802773	-1
3.87582802773	-1
3.87582802773	-1
3.87582802773	-1
3.87582802773	-1
3.88453912735	-1
3.88453912735	-1
3.88453912735	-1
3.88453912735	-1
3.88453912735	-1
3.89325714111	-1
3.89360713959	-1
3.89360713959	-1
3.89360713959	-1
3.89360713959	-1
3.89360713959	-1
3.89360713959	-1
3.89360713959	-1
4.03261399269	-1
4.03261399269	-1
4.04019212723	-1
4.04019212723	-1
4.04019212723	-1
4.04019212723	-1
4.04019212723	-1
4.04019212723	-1
4.04019212723	-1
4.04019212723	-1
4.04035401344	-1
4.04035401344	-1
4.04035401344	-1
4.04035401344	-1
4.04035401344	-1
4.04035401344	-1
4.06038498878	-1
4.06038498878	-1
4.06038498878	-1
4.06038498878	-1
4.06038498878	-1
4.06038498878	-1
4.06038498878	-1
4.06038498878	-1
4.06937909126	-1
4.06937909126	-1
4.06937909126	-1
4.06937909126	-1
4.06937909126	-1
4.06937909126	-1
4.06937909126	-1
4.07054495811	1
4.08106708527	-1
4.08106708527	-1
4.10209012032	-1
4.10209012032	-1
4.10209012032	-1
4.10209012032	-1
4.10209012032	-1
4.10209012032	-1
4.10209012032	-1
4.10209012032	-1
4.12685513496	-1
4.12685513496	-1
4.12685513496	-1
4.12685513496	-1
4.12685513496	-1
4.12685513496	-1
4.12685513496	-1
4.12685513496	-1
4.17649292946	1
4.2278149128	-1
4.2278149128	-1
4.2278149128	-1
4.2278149128	-1
4.2278149128	-1
4.24362802505	-1
4.25691795349	-1
4.25691795349	-1
4.25691795349	-1
4.25691795349	-1
4.25691795349	-1
4.25691795349	-1
4.27145600319	-1
4.27145600319	-1
4.27145600319	-1
4.27145600319	-1
4.28679299355	-1
4.28679299355	-1
4.28679299355	-1
4.28679299355	-1
4.33297204971	-1
4.33297204971	-1
4.34360003471	-1
4.34360003471	-1
4.34360003471	-1
4.34360003471	-1
4.34360003471	-1
4.34360003471	-1
4.35185313225	1
4.36637711525	-1
4.36637711525	-1
4.36637711525	-1
4.36637711525	-1
4.36637711525	-1
4.36637711525	-1
4.38902211189	-1
4.38902211189	-1
4.38902211189	-1
4.38902211189	-1
4.38902211189	-1
4.38902211189	-1
4.38902211189	-1
4.40623807907	-1
4.42543196678	-1
4.47110295296	-1
4.47110295296	-1
4.47110295296	-1
4.47110295296	-1
4.47110295296	-1
4.47110295296	-1
4.47110295296	-1
4.47110295296	-1
4.47917795181	-1
4.47917795181	-1
4.47917795181	-1
4.47917795181	-1
4.47917795181	-1
4.47917795181	-1
4.47917795181	-1
4.49287199974	-1
4.49287199974	-1
4.49287199974	-1
4.49287199974	-1
4.49287199974	-1
4.49287199974	-1
4.49287199974	-1
4.49287199974	-1
4.49968910217	-1
4.49968910217	-1
4.49968910217	-1
4.49968910217	-1
4.49968910217	-1
4.49968910217	-1
4.49968910217	-1
4.49968910217	-1
4.50171494484	1
4.53098201752	-1
4.53098201752	-1
4.53098201752	-1
4.53098201752	-1
4.53098201752	-1
4.53098201752	-1
4.53098201752	-1
4.53098201752	-1
4.53098201752	-1
4.58363008499	-1
4.58363008499	-1
4.58363008499	-1
4.58363008499	-1
4.58363008499	-1
4.59014296532	-1
4.59501695633	-1
4.59501695633	-1
4.59501695633	-1
4.59501695633	-1
4.59501695633	-1
4.59501695633	-1
4.59501695633	-1
4.60160899162	-1
4.60160899162	-1
4.60160899162	-1
4.60160899162	-1
4.60160899162	-1
4.60160899162	-1
4.60160899162	-1
4.60278606415	1
4.60568714142	-1
4.60568714142	-1
4.60568714142	-1
4.60568714142	-1
4.60568714142	-1
4.60568714142	-1
4.60568714142	-1
4.60920906067	-1
4.61848807335	-1
4.61848807335	-1
4.61848807335	-1
4.61848807335	-1
4.61848807335	-1
4.61848807335	-1
4.61848807335	-1
4.61848807335	-1
4.64973497391	-1
4.67050504684	-1
4.67050504684	-1
4.67050504684	-1
4.67050504684	-1
4.67050504684	-1
4.6751730442	-1
4.67601108551	-1
4.67601108551	-1
4.67601108551	-1
4.67601108551	-1
4.67601108551	-1
4.67601108551	-1
4.67601108551	-1
4.71952009201	1
4.74365401268	-1
4.74375700951	-1
4.74375700951	-1
4.74375700951	-1
4.74375700951	-1
4.74375700951	-1
4.74375700951	-1
4.74375700951	-1
4.74400210381	-1
4.77336907387	-1
4.77336907387	-1
4.77336907387	-1
4.77336907387	-1
4.77336907387	-1
4.77336907387	-1
4.77336907387	-1
4.77336907387	-1
4.77531313896	-1
4.77531313896	-1
4.77531313896	-1
4.77531313896	-1
4.77531313896	-1
4.77531313896	-1
4.77531313896	-1
4.78131198883	-1
4.78131198883	-1
4.78131198883	-1
4.78131198883	-1
4.78131198883	-1
4.78131198883	-1
4.78131198883	-1
4.78131198883	-1
4.7852640152	-1
4.7852640152	-1
4.7852640152	-1
4.7852640152	-1
4.7852640152	-1
4.7852640152	-1
4.7852640152	-1
4.7852640152	-1
4.89458012581	-1
4.95779895782	-1
4.95779895782	-1
4.95779895782	-1
4.95779895782	-1
4.95779895782	-1
4.95779895782	-1
4.95779895782	-1
4.98673701286	-1
4.98673701286	-1
4.98673701286	-1
4.98673701286	-1
4.98673701286	-1
4.98673701286	-1
5.00729799271	-1
5.00729799271	-1
5.00729799271	-1
5.00729799271	-1
5.00729799271	-1
5.00729799271	-1
5.00729799271	-1
5.00729799271	-1
5.00729799271	-1
5.00764393806	-1
5.00764393806	-1
5.00764393806	-1
5.00764393806	-1
5.00764393806	-1
5.00764393806	-1
5.00764393806	-1
5.00948810577	1
5.02462005615	-1
5.02462005615	-1
5.02462005615	-1
5.02462005615	-1
5.02462005615	-1
5.02462005615	-1
5.02462005615	-1
5.04311299324	-1
5.04370307922	-1
5.1237449646	1
5.19498300552	-1
5.27422904968	-1
5.27422904968	-1
5.27422904968	-1
5.27422904968	-1
5.27422904968	-1
5.27422904968	-1
5.27422904968	-1
6.74599003792	1
6.82047700882	1
7.35827898979	-1
7.43272399902	-1
7.44061803818	1
7.74643206596	1
7.82088494301	1
7.82088494301	1
8.24867606163	-1
8.7459731102	1
8.82034897804	1
8.82034897804	1
9.01904201508	-1
9.09394907951	-1
9.16844797134	-1
10.0762319565	-1
10.2190871239	-1
10.2366199493	1
10.2388389111	1
10.2388389111	1
10.2388389111	1
10.963917017	-1
11.040241003	-1
11.040241003	-1
11.040241003	-1
15.7375490665	-1
25.9720339775	-1
25.9733970165	1
26.0423240662	1
26.0423240662	1
26.0423240662	1
26.0774140358	-1
26.2046470642	-1
26.2046470642	-1
