0.0	1
0.250200033188	1
0.564821004868	-1
0.566239833832	1
0.906190872192	-1
0.908756971359	1
0.913018941879	1
0.913018941879	1
0.913018941879	1
0.913018941879	1
0.913018941879	1
1.54624390602	-1
1.54794597626	1
1.69983291626	-1
1.70106482506	1
1.75798988342	-1
1.75798988342	-1
1.75798988342	-1
1.77498483658	1
1.77498483658	1
2.05220603943	-1
2.16237902641	-1
2.22221899033	-1
2.22221899033	-1
2.22221899033	-1
2.22221899033	-1
2.22221899033	-1
2.22221899033	-1
2.22221899033	-1
2.23666000366	1
2.31039500237	-1
2.31039500237	-1
2.31044697762	1
2.39237785339	-1
2.39260482788	-1
2.39260482788	-1
2.39260482788	-1
2.39260482788	-1
2.39260482788	-1
2.39260482788	-1
2.47511196136	-1
2.47511196136	-1
2.47511196136	-1
2.4984369278	1
2.50060796738	-1
2.50060796738	-1
2.50060796738	-1
2.50060796738	-1
2.58524394035	-1
2.58524394035	-1
2.58524394035	-1
2.58622694016	-1
2.58622694016	-1
2.58622694016	-1
2.63381886482	1
2.63662695885	1
2.63662695885	1
2.63662695885	1
2.63719582558	1
2.63719582558	1
2.64792704582	-1
2.64792704582	-1
2.64792704582	-1
2.64816498756	1
2.64816498756	1
2.64816498756	1
2.64976787567	1
2.64976787567	1
2.78200602531	-1
2.78200602531	-1
2.90479588509	-1
2.90479588509	-1
2.90479588509	-1
2.90642595291	1
2.91132092476	1
2.91132092476	1
2.91132092476	1
3.11578392982	-1
3.23753190041	-1
3.23868489265	1
3.26235699654	-1
3.26235699654	-1
3.26235699654	-1
3.26249694824	-1
3.26249694824	-1
3.26475286484	1
3.26475286484	1
3.26475286484	1
3.30588889122	-1
3.30588889122	-1
3.30588889122	-1
3.30735492706	1
3.30735492706	1
3.31305289268	1
3.31305289268	1
3.41388988495	-1
3.41392993927	1
3.48794388771	-1
3.48798298836	1
3.48864388466	-1
3.48864388466	-1
3.48864388466	-1
3.48864388466	-1
3.4887650013	-1
3.4887650013	-1
3.4887650013	-1
3.49096488953	1
3.49096488953	1
3.49096488953	1
3.49096488953	1
3.49096488953	1
3.59512805939	-1
3.59512805939	-1
3.59512805939	-1
3.6363530159	-1
3.65598392487	-1
3.65598392487	-1
3.65598392487	-1
3.65715789795	1
3.66946792603	-1
3.66946792603	-1
3.66946792603	-1
3.66957187653	-1
3.66957187653	-1
3.71036291122	-1
3.77672290802	1
3.82309794426	-1
3.82328391075	-1
3.82328391075	-1
3.82328391075	-1
3.82328391075	-1
3.82328391075	-1
3.82328391075	-1
3.82430386543	-1
3.82430386543	-1
3.82430386543	-1
3.82447290421	-1
3.82447290421	-1
3.82447290421	-1
3.83464694023	-1
3.83464694023	-1
3.85416197777	-1
3.85416197777	-1
3.85416197777	-1
3.85419392586	1
3.85520601273	-1
3.85520601273	-1
3.85531187057	-1
3.85531187057	-1
3.85531187057	-1
3.85543584824	-1
3.85543584824	-1
3.89725899696	-1
3.89725899696	-1
3.89725899696	-1
3.89725899696	-1
3.89725899696	-1
3.89725899696	-1
3.89725899696	-1
3.89725899696	-1
3.89778590202	-1
3.89778590202	-1
3.89778590202	-1
3.96784901619	1
3.96784901619	1
3.99481201172	-1
3.99481201172	-1
3.99481201172	-1
3.99481201172	-1
3.99481201172	-1
3.99491500854	-1
3.99491500854	-1
3.99498605728	-1
3.99850988388	-1
3.99850988388	-1
3.99850988388	-1
3.99850988388	-1
3.99850988388	-1
3.99850988388	-1
4.01036000252	-1
4.02477097511	-1
4.02477097511	-1
4.02477097511	-1
4.02477097511	-1
4.02477097511	-1
4.02477097511	-1
4.02583694458	-1
4.02583694458	-1
4.02595591545	-1
4.02595591545	-1
4.02595591545	-1
4.02595591545	-1
4.02595591545	-1
4.02595591545	-1
4.02620100975	-1
4.02620100975	-1
4.02620100975	-1
4.06582403183	1
4.06582403183	1
4.06582403183	1
4.06582403183	1
4.0689239502	-1
4.0689239502	-1
4.0689599514	-1
4.0689599514	-1
4.0689599514	-1
4.0689599514	-1
4.0689599514	-1
4.07252693176	-1
4.07252693176	-1
4.07252693176	-1
4.0726480484	-1
4.0726480484	-1
4.0726480484	-1
4.08510899544	-1
4.08510899544	-1
4.08522200584	-1
4.08522200584	-1
4.08522200584	-1
4.08522200584	-1
4.08534502983	-1
4.09905385971	-1
4.16542482376	-1
4.16542482376	-1
4.16542482376	-1
4.16542482376	-1
4.16553902626	-1
4.16553902626	-1
4.16790485382	-1
4.16790485382	-1
4.16801691055	-1
4.16801691055	-1
4.16801691055	-1
4.16801691055	-1
4.16813993454	-1
4.16826200485	-1
4.16826200485	-1
4.16826200485	-1
4.16826200485	-1
4.16826200485	-1
4.16826200485	-1
4.17308783531	-1
4.19638204575	-1
4.19638204575	-1
4.19638204575	-1
4.19638204575	-1
4.19638204575	-1
4.19650197029	-1
4.1965739727	-1
4.1965739727	-1
4.19674682617	-1
4.19674682617	-1
4.19674682617	-1
4.1967818737	-1
4.1967818737	-1
4.1967818737	-1
4.19699382782	-1
4.19699382782	-1
4.19699382782	-1
4.19699382782	-1
4.19699382782	-1
4.19699382782	-1
4.23970293999	-1
4.23970293999	-1
4.23981499672	-1
4.23981499672	-1
4.23981499672	-1
4.24213290215	-1
4.24213290215	-1
4.24213290215	-1
4.24225187302	-1
4.242374897	-1
4.242374897	-1
4.242374897	-1
4.24249696732	-1
4.24249696732	-1
4.24249696732	-1
4.2426199913	-1
4.2426199913	-1
4.2426199913	-1
4.24458289146	1
4.24724984169	-1
4.247371912	-1
4.247371912	-1
4.247371912	-1
4.247371912	-1
4.24749398232	-1
4.27056097984	-1
4.27056097984	-1
4.27056097984	-1
4.27067804337	-1
4.27067804337	-1
4.27067804337	-1
4.27067804337	-1
4.27067804337	-1
4.27067804337	-1
4.3361518383	-1
4.3361518383	-1
4.3361518383	-1
4.3361890316	1
4.33622193336	-1
4.33622193336	-1
4.33622193336	-1
4.33637905121	-1
4.33637905121	-1
4.33874297142	-1
4.33874297142	-1
4.33874297142	-1
4.33874297142	-1
4.33885383606	-1
4.33885383606	-1
4.33889603615	-1
4.33889603615	-1
4.33889603615	-1
4.33909893036	-1
4.33926296234	-1
4.33926296234	-1
4.33926296234	-1
4.33965682983	-1
4.33965682983	-1
4.33965682983	-1
4.34000301361	-1
4.34000301361	-1
4.34037184715	-1
4.34037184715	-1
4.34037184715	-1
4.34037184715	-1
4.34051299095	-1
4.34488487244	-1
4.4005048275	-1
4.4005048275	-1
4.4005048275	-1
4.4005048275	-1
4.40763902664	-1
4.40763902664	-1
4.40763902664	-1
4.40763902664	-1
4.40763902664	-1
4.40763902664	-1
4.40763902664	-1
4.40954399109	-1
4.40954399109	-1
4.40954399109	-1
4.40954399109	-1
4.40954399109	-1
4.40954399109	-1
4.40954399109	-1
4.41425490379	-1
4.41425490379	-1
4.41428899765	1
4.41551494598	-1
4.41551494598	-1
4.41882300377	-1
4.41882300377	-1
4.41882300377	-1
4.42320203781	-1
4.42320203781	-1
4.42320203781	-1
4.42412996292	-1
4.42412996292	-1
4.42412996292	-1
4.42412996292	-1
4.42412996292	-1
4.42412996292	-1
4.42412996292	-1
4.42412996292	-1
4.42449593544	-1
4.42449593544	-1
4.42449593544	-1
4.42449593544	-1
4.42460989952	-1
4.42460989952	-1
4.44957900047	-1
4.44957900047	-1
4.44957900047	-1
4.44957900047	-1
4.44962692261	-1
4.44980788231	-1
4.44980788231	-1
4.44980788231	-1
4.44980788231	-1
4.44980788231	-1
4.48180198669	-1
4.48180198669	-1
4.48180198669	-1
4.48180198669	-1
4.48180198669	-1
4.48180198669	-1
4.48180198669	-1
4.48265504837	-1
4.48265504837	-1
4.48277401924	-1
4.48277401924	-1
4.48277401924	-1
4.48289704323	-1
4.48388290405	-1
4.48388290405	-1
4.48388290405	-1
4.48400187492	-1
4.48400187492	-1
4.48840904236	-1
4.48840904236	-1
4.48840904236	-1
4.48840904236	-1
4.48843383789	1
4.48843383789	1
4.48846101761	-1
4.48846101761	-1
4.49718999863	-1
4.50679683685	-1
4.50679683685	-1
4.50679683685	-1
4.50925183296	-1
4.50925183296	-1
4.50925183296	-1
4.50937604904	-1
4.50937604904	-1
4.50960087776	-1
4.50960087776	-1
4.50960087776	-1
4.50960087776	-1
4.50960087776	-1
4.50960087776	-1
4.50960087776	-1
4.51005482674	-1
4.51009297371	-1
4.51009297371	-1
4.51009297371	-1
4.51009297371	-1
4.51009297371	-1
4.51009297371	-1
4.51009297371	-1
4.5235710144	-1
4.5236890316	-1
4.5236890316	-1
4.5236890316	-1
4.5236890316	-1
4.5236890316	-1
4.5236890316	-1
4.5236890316	-1
4.52397584915	-1
4.52397584915	-1
4.52397584915	-1
4.52397584915	-1
4.52397584915	-1
4.52397584915	-1
4.52397584915	-1
4.52397584915	-1
4.52397584915	-1
4.55590200424	-1
4.55688500404	-1
4.55688500404	-1
4.55688500404	-1
4.55688500404	-1
4.55688500404	-1
4.55688500404	-1
4.55688500404	-1
4.55727696419	-1
4.55727696419	-1
4.57103586197	1
4.59810686111	1
4.59810686111	1
4.59810686111	1
4.62654089928	-1
4.62654089928	-1
4.62654089928	-1
4.62654089928	-1
4.6276409626	-1
4.6276409626	-1
4.6276409626	-1
4.62793803215	-1
4.62805390358	-1
4.62805390358	-1
4.62805390358	-1
4.62805390358	-1
4.62808704376	-1
4.62830090523	-1
4.62830090523	-1
4.62830090523	-1
4.62830090523	-1
4.62830090523	-1
4.62833595276	-1
4.62861990929	1
4.62861990929	1
4.62885403633	-1
4.62885403633	-1
4.62885403633	-1
4.62977099419	-1
4.62977099419	-1
4.62977099419	-1
4.63069200516	-1
4.63129401207	-1
4.63129401207	-1
4.63129401207	-1
4.63151502609	-1
4.63151502609	-1
4.63458299637	-1
4.63458299637	-1
4.63458299637	-1
4.63884496689	-1
4.63884496689	-1
4.63894796371	-1
4.63894796371	-1
4.63894796371	-1
4.63894796371	-1
4.63894796371	-1
4.63894796371	-1
4.63894796371	-1
4.63927483559	-1
4.63927483559	-1
4.63940000534	-1
4.63940000534	-1
4.63940000534	-1
4.63940000534	-1
4.63966488838	-1
4.64500784874	1
4.69375300407	-1
4.69375300407	-1
4.69375300407	-1
4.69375300407	-1
4.69375300407	-1
4.69375300407	-1
4.69375300407	-1
4.69375300407	-1
4.69407701492	-1
4.69407701492	-1
4.69407701492	-1
4.69407701492	-1
4.69407701492	-1
4.69407701492	-1
4.69407701492	-1
4.72436785698	1
4.77417898178	1
4.77417898178	1
4.77417898178	1
4.77523899078	1
4.77523899078	1
4.79317092896	-1
4.79317092896	-1
4.84258389473	-1
4.84258389473	-1
4.84258389473	-1
4.84261989594	1
4.84261989594	1
4.87789201736	-1
4.87789201736	-1
4.87822198868	-1
4.87822198868	-1
4.87822198868	-1
4.87822198868	-1
4.9521279335	1
4.99451994896	-1
4.99451994896	-1
4.99451994896	-1
4.99451994896	-1
4.99478602409	-1
4.99478602409	-1
4.99478602409	-1
4.99488592148	-1
4.99503087997	-1
4.99503087997	-1
4.99503087997	-1
4.99512600899	-1
4.99512600899	-1
5.00202083588	1
5.00202083588	1
5.00202083588	1
5.05863595009	-1
5.05863595009	-1
5.05863595009	-1
5.05863595009	-1
5.05863595009	-1
5.0748770237	-1
5.09957194328	-1
5.09957194328	-1
5.09957194328	-1
5.16182994843	-1
5.16182994843	-1
5.16182994843	-1
5.16489005089	-1
5.16489005089	-1
5.17405104637	-1
5.35774588585	-1
5.35923695564	1
5.36962485313	-1
5.36962485313	-1
5.36962485313	-1
5.36962485313	-1
5.3700158596	-1
5.3700158596	-1
5.3700158596	-1
5.3700158596	-1
5.3700158596	-1
5.3700158596	-1
5.3700158596	-1
5.3700158596	-1
5.37038302422	-1
5.37038302422	-1
5.37038302422	-1
5.37038302422	-1
5.37038302422	-1
5.37310385704	-1
5.37310385704	-1
5.38756203651	-1
5.38756203651	-1
5.38756203651	-1
5.38756203651	-1
5.39833402634	-1
5.42719101906	-1
5.42719101906	-1
5.42719101906	-1
5.42931199074	1
5.42931199074	1
5.42931199074	1
5.45510101318	-1
5.45510101318	-1
5.45510101318	-1
5.46577095985	-1
5.46577095985	-1
5.52917599678	-1
5.52917599678	-1
5.54213690758	-1
5.54213690758	-1
5.54213690758	-1
5.54598903656	-1
5.54598903656	-1
5.54598903656	-1
5.54691791534	-1
5.54691791534	-1
5.54762887955	-1
5.54762887955	-1
5.54762887955	-1
5.5482840538	-1
5.5482840538	-1
5.5482840538	-1
5.5482840538	-1
5.5482840538	-1
5.5482840538	-1
5.54852795601	-1
5.54852795601	-1
5.54852795601	-1
5.54852795601	-1
5.54852795601	-1
5.54852795601	-1
5.54877305031	-1
5.5488319397	-1
5.5488319397	-1
5.5488319397	-1
5.54954791069	-1
5.54954791069	-1
5.54990100861	-1
5.54990100861	-1
5.54990100861	-1
5.55031490326	1
5.55034804344	-1
5.55034804344	-1
5.55034804344	-1
5.55626583099	-1
5.55626583099	-1
5.58798098564	-1
5.58798098564	-1
5.58798098564	-1
5.60027194023	-1
5.60027194023	-1
5.60029697418	-1
5.60029697418	-1
5.60029697418	-1
5.6005179882	-1
5.6005179882	-1
5.6005179882	-1
5.70134496689	-1
5.70134496689	-1
5.70134496689	-1
5.70196199417	-1
5.70196199417	-1
5.70236086845	-1
5.70236086845	-1
5.70236086845	-1
5.70236086845	-1
5.70236086845	-1
5.70248198509	-1
5.70255899429	-1
5.70255899429	-1
5.70255899429	-1
5.70272803307	-1
5.70272803307	-1
5.70272803307	-1
5.70279788971	-1
5.70297384262	-1
5.70297384262	-1
5.70297384262	-1
5.70297384262	-1
5.71014499664	-1
5.78779792786	-1
5.89117693901	-1
6.00246191025	-1
6.08465600014	-1
6.08465600014	-1
6.08465600014	-1
6.09430599213	1
6.25520586967	-1
6.25520586967	-1
6.25520586967	-1
6.25530695915	-1
6.25530695915	-1
6.25530695915	-1
6.25530695915	-1
6.25530695915	-1
6.33251690865	1
6.40634989738	1
6.76032090187	1
6.79716992378	-1
6.83412790298	1
7.00547885895	-1
7.17627191544	-1
7.25033998489	-1
7.34488105774	1
7.34501791	1
7.34501791	1
7.34501791	1
7.34501791	1
7.34501791	1
7.34569001198	1
7.34595489502	1
7.34595489502	1
7.34595489502	1
7.34595489502	1
7.34595489502	1
7.34595489502	1
7.34595489502	1
7.34595489502	1
7.34599304199	1
7.34599304199	1
7.34599304199	1
7.34599304199	1
7.34604096413	1
7.34604096413	1
7.34604096413	1
7.34604096413	1
7.98249793053	-1
8.16103005409	-1
