0.0	-1
0.0	-1
0.00102019309998	1
0.0943222045898	1
0.14878821373	-1
0.149557113647	1
0.20392203331	-1
0.203966140747	1
0.259299039841	-1
0.260142087936	-1
0.260142087936	-1
0.260142087936	-1
0.260142087936	-1
0.260142087936	-1
0.260142087936	-1
0.260142087936	-1
0.260142087936	-1
0.260363101959	-1
0.260363101959	-1
0.260363101959	-1
0.260363101959	-1
0.260363101959	-1
0.260363101959	-1
0.260363101959	-1
0.260363101959	-1
0.260730028152	-1
0.260730028152	-1
0.260730028152	-1
0.260730028152	-1
0.260730028152	-1
0.260730028152	-1
0.260730028152	-1
0.260730028152	-1
0.314324140549	-1
0.314324140549	-1
0.314324140549	-1
0.314324140549	-1
0.314324140549	-1
0.314324140549	-1
0.314324140549	-1
0.314324140549	-1
0.314732074738	-1
0.314732074738	-1
0.314732074738	-1
0.314732074738	-1
0.314732074738	-1
0.314732074738	-1
0.314732074738	-1
0.314963102341	-1
0.314963102341	-1
0.314963102341	-1
0.314963102341	-1
0.314963102341	-1
0.314963102341	-1
0.314963102341	-1
0.314963102341	-1
0.315332174301	-1
0.315332174301	-1
0.315332174301	-1
0.315332174301	-1
0.315332174301	-1
0.315332174301	-1
0.315332174301	-1
0.315332174301	-1
0.368858098984	-1
0.368858098984	-1
0.368858098984	-1
0.368858098984	-1
0.368858098984	-1
0.368858098984	-1
0.368858098984	-1
0.368858098984	-1
0.369136095047	-1
0.369136095047	-1
0.369136095047	-1
0.369136095047	-1
0.369136095047	-1
0.369136095047	-1
0.369136095047	-1
0.369136095047	-1
0.369149208069	1
0.369504213333	-1
0.369504213333	-1
0.369504213333	-1
0.369504213333	-1
0.369504213333	-1
0.369504213333	-1
0.369504213333	-1
0.369504213333	-1
0.369963169098	-1
0.369963169098	-1
0.369963169098	-1
0.369963169098	-1
0.369963169098	-1
0.369963169098	-1
0.369963169098	-1
0.369963169098	-1
0.423106193542	-1
0.423106193542	-1
0.423106193542	-1
0.423106193542	-1
0.423106193542	-1
0.423106193542	-1
0.423106193542	-1
0.423106193542	-1
0.423454046249	-1
0.423454046249	-1
0.423454046249	-1
0.423454046249	-1
0.423454046249	-1
0.423454046249	-1
0.423454046249	-1
0.423699140549	-1
0.423699140549	-1
0.423699140549	-1
0.423699140549	-1
0.423699140549	-1
0.423699140549	-1
0.423699140549	-1
0.423699140549	-1
0.423983097076	-1
0.423983097076	-1
0.423983097076	-1
0.423983097076	-1
0.423983097076	-1
0.423983097076	-1
0.423983097076	-1
0.423983097076	-1
0.424437046051	-1
0.424437046051	-1
0.424437046051	-1
0.424437046051	-1
0.424437046051	-1
0.424437046051	-1
0.424437046051	-1
0.424437046051	-1
0.424807071686	-1
0.424807071686	-1
0.424807071686	-1
0.424807071686	-1
0.424807071686	-1
0.424807071686	-1
0.424807071686	-1
0.424807071686	-1
0.425113201141	-1
0.425113201141	-1
0.425113201141	-1
0.425113201141	-1
0.425113201141	-1
0.425113201141	-1
0.425113201141	-1
0.425113201141	-1
0.425542116165	-1
0.425542116165	-1
0.425542116165	-1
0.425542116165	-1
0.425542116165	-1
0.425542116165	-1
0.425542116165	-1
0.425542116165	-1
0.425622224808	1
0.478185176849	-1
0.478185176849	-1
0.478185176849	-1
0.478185176849	-1
0.478185176849	-1
0.478185176849	-1
0.478185176849	-1
0.478185176849	-1
0.47864317894	-1
0.47864317894	-1
0.47864317894	-1
0.47864317894	-1
0.47864317894	-1
0.47864317894	-1
0.47864317894	-1
0.478938102722	-1
0.478938102722	-1
0.478938102722	-1
0.478938102722	-1
0.478938102722	-1
0.478938102722	-1
0.478938102722	-1
0.478938102722	-1
0.479257106781	-1
0.479257106781	-1
0.479257106781	-1
0.479257106781	-1
0.479257106781	-1
0.479257106781	-1
0.479257106781	-1
0.479257106781	-1
0.479627132416	-1
0.479627132416	-1
0.479627132416	-1
0.479627132416	-1
0.479627132416	-1
0.479627132416	-1
0.479627132416	-1
0.479627132416	-1
0.519475221634	1
0.519475221634	1
0.532594203949	-1
0.532594203949	-1
0.532594203949	-1
0.532594203949	-1
0.532594203949	-1
0.532594203949	-1
0.532594203949	-1
0.532594203949	-1
0.533056020737	-1
0.533056020737	-1
0.533056020737	-1
0.533056020737	-1
0.533056020737	-1
0.533056020737	-1
0.533056020737	-1
0.533056020737	-1
0.533328056335	-1
0.533328056335	-1
0.533328056335	-1
0.533328056335	-1
0.533328056335	-1
0.533328056335	-1
0.533328056335	-1
0.533328056335	-1
0.533793210983	-1
0.533793210983	-1
0.533793210983	-1
0.533793210983	-1
0.533793210983	-1
0.533793210983	-1
0.533793210983	-1
0.533793210983	-1
0.534160137177	-1
0.534160137177	-1
0.534160137177	-1
0.534160137177	-1
0.534160137177	-1
0.534160137177	-1
0.534160137177	-1
0.53453207016	-1
0.53453207016	-1
0.53453207016	-1
0.53453207016	-1
0.53453207016	-1
0.53453207016	-1
0.53453207016	-1
0.53453207016	-1
0.53480219841	-1
0.53480219841	-1
0.53480219841	-1
0.53480219841	-1
0.53480219841	-1
0.53480219841	-1
0.53480219841	-1
0.53480219841	-1
0.535144090652	-1
0.535144090652	-1
0.535144090652	-1
0.535144090652	-1
0.535144090652	-1
0.535144090652	-1
0.535144090652	-1
0.535144090652	-1
0.535635232925	-1
0.535635232925	-1
0.535635232925	-1
0.535635232925	-1
0.535635232925	-1
0.535635232925	-1
0.535635232925	-1
0.535635232925	-1
0.537937164307	1
0.537937164307	1
0.537937164307	1
0.573889017105	-1
0.573889017105	-1
0.573889017105	-1
0.573889017105	-1
0.573889017105	-1
0.573889017105	-1
0.573889017105	-1
0.573889017105	-1
0.574242115021	-1
0.574242115021	-1
0.574242115021	-1
0.574242115021	-1
0.574242115021	-1
0.574242115021	-1
0.574242115021	-1
0.574242115021	-1
0.57460808754	-1
0.57460808754	-1
0.57460808754	-1
0.57460808754	-1
0.57460808754	-1
0.57460808754	-1
0.57460808754	-1
0.57460808754	-1
0.587240219116	-1
0.587240219116	-1
0.587240219116	-1
0.587240219116	-1
0.587240219116	-1
0.587240219116	-1
0.587240219116	-1
0.587589025497	-1
0.587589025497	-1
0.587589025497	-1
0.587589025497	-1
0.587589025497	-1
0.587589025497	-1
0.587589025497	-1
0.587589025497	-1
0.588991165161	-1
0.588991165161	-1
0.588991165161	-1
0.588991165161	-1
0.588991165161	-1
0.588991165161	-1
0.588991165161	-1
0.588991165161	-1
0.589413166046	-1
0.589413166046	-1
0.589413166046	-1
0.589413166046	-1
0.589413166046	-1
0.589413166046	-1
0.589413166046	-1
0.589413166046	-1
0.589781045914	-1
0.589781045914	-1
0.589781045914	-1
0.589781045914	-1
0.589781045914	-1
0.589781045914	-1
0.589781045914	-1
0.589781045914	-1
0.590150117874	-1
0.590150117874	-1
0.590150117874	-1
0.590150117874	-1
0.590150117874	-1
0.590150117874	-1
0.590150117874	-1
0.590150117874	-1
0.590313196182	-1
0.590313196182	-1
0.590313196182	-1
0.590313196182	-1
0.590313196182	-1
0.590313196182	-1
0.590313196182	-1
0.590313196182	-1
0.592498064041	-1
0.592498064041	-1
0.592498064041	-1
0.592498064041	-1
0.592498064041	-1
0.592498064041	-1
0.592498064041	-1
0.592498064041	-1
0.592962026596	-1
0.592962026596	-1
0.592962026596	-1
0.592962026596	-1
0.592962026596	-1
0.592962026596	-1
0.592962026596	-1
0.593866109848	1
0.593866109848	1
0.593866109848	1
0.628405094147	-1
0.628405094147	-1
0.628405094147	-1
0.628405094147	-1
0.628405094147	-1
0.628405094147	-1
0.628405094147	-1
0.628405094147	-1
0.62877202034	-1
0.62877202034	-1
0.62877202034	-1
0.62877202034	-1
0.62877202034	-1
0.62877202034	-1
0.62877202034	-1
0.62877202034	-1
0.629140138626	-1
0.629140138626	-1
0.629140138626	-1
0.629140138626	-1
0.629140138626	-1
0.629140138626	-1
0.629140138626	-1
0.629140138626	-1
0.64163517952	-1
0.64163517952	-1
0.64163517952	-1
0.64163517952	-1
0.64163517952	-1
0.64163517952	-1
0.64163517952	-1
0.641878128052	-1
0.641878128052	-1
0.641878128052	-1
0.641878128052	-1
0.641878128052	-1
0.641878128052	-1
0.641878128052	-1
0.641878128052	-1
0.642175197601	-1
0.642175197601	-1
0.642175197601	-1
0.642175197601	-1
0.642175197601	-1
0.642175197601	-1
0.642175197601	-1
0.642175197601	-1
0.642636060715	-1
0.642636060715	-1
0.642636060715	-1
0.642636060715	-1
0.642636060715	-1
0.642636060715	-1
0.642636060715	-1
0.642636060715	-1
0.643626213074	-1
0.643626213074	-1
0.643626213074	-1
0.643626213074	-1
0.643626213074	-1
0.643626213074	-1
0.643626213074	-1
0.643626213074	-1
0.644091129303	-1
0.644091129303	-1
0.644091129303	-1
0.644091129303	-1
0.644091129303	-1
0.644091129303	-1
0.644091129303	-1
0.644091129303	-1
0.644459009171	-1
0.644459009171	-1
0.644459009171	-1
0.644459009171	-1
0.644459009171	-1
0.644459009171	-1
0.644459009171	-1
0.644459009171	-1
0.644827127457	-1
0.644827127457	-1
0.644827127457	-1
0.644827127457	-1
0.644827127457	-1
0.644827127457	-1
0.644827127457	-1
0.644827127457	-1
0.645102024078	-1
0.645102024078	-1
0.645102024078	-1
0.645102024078	-1
0.645102024078	-1
0.645102024078	-1
0.645102024078	-1
0.645564079285	-1
0.645564079285	-1
0.645564079285	-1
0.645564079285	-1
0.645564079285	-1
0.645564079285	-1
0.645564079285	-1
0.645564079285	-1
0.645933151245	-1
0.645933151245	-1
0.645933151245	-1
0.645933151245	-1
0.645933151245	-1
0.645933151245	-1
0.645933151245	-1
0.645933151245	-1
0.647897005081	1
0.647897005081	1
0.647897005081	1
0.682662010193	-1
0.682662010193	-1
0.682662010193	-1
0.682662010193	-1
0.682662010193	-1
0.682662010193	-1
0.682662010193	-1
0.682662010193	-1
0.683143138885	-1
0.683143138885	-1
0.683143138885	-1
0.683143138885	-1
0.683143138885	-1
0.683143138885	-1
0.683143138885	-1
0.683143138885	-1
0.683389186859	-1
0.683389186859	-1
0.683389186859	-1
0.683389186859	-1
0.683389186859	-1
0.683389186859	-1
0.683389186859	-1
0.683389186859	-1
0.683741092682	-1
0.683741092682	-1
0.683741092682	-1
0.683741092682	-1
0.683741092682	-1
0.683741092682	-1
0.683741092682	-1
0.683741092682	-1
0.684125185013	-1
0.684125185013	-1
0.684125185013	-1
0.684125185013	-1
0.684125185013	-1
0.684125185013	-1
0.684125185013	-1
0.684125185013	-1
0.684497117996	-1
0.684497117996	-1
0.684497117996	-1
0.684497117996	-1
0.684497117996	-1
0.684497117996	-1
0.684497117996	-1
0.684811115265	-1
0.684811115265	-1
0.684811115265	-1
0.684811115265	-1
0.684811115265	-1
0.684811115265	-1
0.684811115265	-1
0.684811115265	-1
0.695925235748	-1
0.695925235748	-1
0.695925235748	-1
0.695925235748	-1
0.695925235748	-1
0.695925235748	-1
0.695925235748	-1
0.695925235748	-1
0.696270227432	-1
0.696270227432	-1
0.696270227432	-1
0.696270227432	-1
0.696270227432	-1
0.696270227432	-1
0.696270227432	-1
0.696270227432	-1
0.696639060974	-1
0.696639060974	-1
0.696639060974	-1
0.696639060974	-1
0.696639060974	-1
0.696639060974	-1
0.696639060974	-1
0.696639060974	-1
0.69701218605	-1
0.69701218605	-1
0.69701218605	-1
0.69701218605	-1
0.69701218605	-1
0.69701218605	-1
0.69701218605	-1
0.69701218605	-1
0.697155237198	-1
0.697155237198	-1
0.697155237198	-1
0.697155237198	-1
0.697155237198	-1
0.697155237198	-1
0.697155237198	-1
0.697155237198	-1
0.697786092758	-1
0.697786092758	-1
0.697786092758	-1
0.697786092758	-1
0.697786092758	-1
0.697786092758	-1
0.697786092758	-1
0.697786092758	-1
0.698154211044	-1
0.698154211044	-1
0.698154211044	-1
0.698154211044	-1
0.698154211044	-1
0.698154211044	-1
0.698154211044	-1
0.698523044586	-1
0.698523044586	-1
0.698523044586	-1
0.698523044586	-1
0.698523044586	-1
0.698523044586	-1
0.698523044586	-1
0.698523044586	-1
0.698832035065	1
0.698832035065	1
0.698832035065	1
0.698862075806	-1
0.698862075806	-1
0.698862075806	-1
0.698862075806	-1
0.698862075806	-1
0.698862075806	-1
0.698862075806	-1
0.698862075806	-1
0.702619075775	-1
0.702619075775	-1
0.702619075775	-1
0.702619075775	-1
0.702619075775	-1
0.702619075775	-1
0.702619075775	-1
0.702619075775	-1
0.702987194061	-1
0.702987194061	-1
0.702987194061	-1
0.702987194061	-1
0.702987194061	-1
0.702987194061	-1
0.702987194061	-1
0.702987194061	-1
0.703356027603	-1
0.703356027603	-1
0.703356027603	-1
0.703356027603	-1
0.703356027603	-1
0.703356027603	-1
0.703356027603	-1
0.703356027603	-1
0.703724145889	-1
0.703724145889	-1
0.703724145889	-1
0.703724145889	-1
0.703724145889	-1
0.703724145889	-1
0.703724145889	-1
0.703724145889	-1
0.70396900177	-1
0.70396900177	-1
0.70396900177	-1
0.70396900177	-1
0.70396900177	-1
0.70396900177	-1
0.70396900177	-1
0.70396900177	-1
0.704120159149	1
0.704120159149	1
0.70433807373	-1
0.70433807373	-1
0.70433807373	-1
0.70433807373	-1
0.70433807373	-1
0.70433807373	-1
0.70433807373	-1
0.70463514328	-1
0.70463514328	-1
0.70463514328	-1
0.70463514328	-1
0.70463514328	-1
0.70463514328	-1
0.70463514328	-1
0.70463514328	-1
0.705076217651	-1
0.705076217651	-1
0.705076217651	-1
0.705076217651	-1
0.705076217651	-1
0.705076217651	-1
0.705076217651	-1
0.705076217651	-1
0.750167131424	-1
0.750167131424	-1
0.750167131424	-1
0.750167131424	-1
0.750167131424	-1
0.75020813942	1
