0.0	1
0.0	1
0.172161817551	1
0.259302854538	1
0.768242835999	-1
0.768242835999	-1
0.941550970078	-1
0.998028993607	-1
0.998028993607	-1
0.998028993607	-1
0.998028993607	-1
0.998028993607	-1
1.0009469986	1
1.02858090401	-1
1.08810591698	1
1.08810591698	1
1.62267398834	-1
1.62412285805	1
1.71109080315	1
1.78030395508	-1
2.00098395348	1
2.08823895454	1
2.3934237957	-1
2.40450596809	1
2.41740179062	1
2.41740179062	1
2.48068499565	-1
2.49220490456	1
2.57934093475	-1
3.00135183334	1
3.00135183334	1
3.08908486366	-1
3.0891289711	1
3.1768758297	-1
3.1768758297	-1
3.2103509903	-1
3.2103509903	-1
3.2103509903	-1
3.2103509903	-1
3.29775381088	-1
3.30204200745	1
3.39450097084	-1
3.53005194664	-1
3.81431889534	-1
3.81571984291	1
3.94047498703	1
4.00211000443	1
4.00211000443	1
4.02770280838	1
4.43768382072	-1
4.55087089539	-1
4.55087089539	-1
4.56241679192	-1
4.56921482086	1
4.57880496979	1
4.57880496979	1
4.64963889122	-1
4.65650892258	1
5.00236392021	1
5.00236392021	1
5.00360178947	1
5.00375699997	1
5.00375699997	1
5.00375699997	1
5.00375699997	1
5.00375699997	1
5.08980584145	1
5.19950795174	-1
5.32608580589	-1
5.40429091454	-1
5.40429091454	-1
5.40429091454	-1
5.40429091454	-1
5.40429091454	-1
5.40429091454	-1
5.4132809639	-1
5.41993284225	1
5.97859287262	-1
5.9799349308	1
6.0031747818	1
6.0031747818	1
6.0031747818	1
6.00355195999	1
6.00355195999	1
6.0669529438	1
6.0669529438	1
6.41584086418	-1
6.54245996475	-1
6.64479088783	-1
6.6530687809	1
6.66875386238	1
6.66875386238	1
6.73190784454	-1
6.74002099037	1
7.00319886208	1
7.00319886208	1
7.00319886208	1
7.09043884277	1
7.1933298111	-1
7.37514781952	-1
7.38452100754	-1
7.38452100754	-1
7.38452100754	-1
7.38452100754	-1
7.38452100754	-1
7.4621758461	-1
7.46652293205	1
8.00381684303	1
8.05192089081	-1
8.05317592621	1
8.05317592621	1
8.09079885483	1
8.36546897888	-1
8.4900598526	-1
8.63246178627	-1
8.63921093941	1
8.65754199028	1
8.65754199028	1
8.71968793869	-1
8.72665381432	1
9.31367182732	-1
9.3945608139	-1
9.3945608139	-1
9.39461398125	-1
9.39461398125	-1
9.39461398125	-1
9.39461398125	-1
9.43852782249	-1
9.44278693199	1
10.0049808025	1
10.0054628849	1
10.0054628849	1
10.092247963	1
10.1843388081	-1
10.1854858398	1
10.307174921	-1
10.3072068691	1
10.496147871	-1
11.0024068356	-1
11.0093259811	1
11.0253129005	1
11.0253129005	1
11.0955410004	-1
11.0963139534	1
11.6216959953	-1
11.7945568562	-1
11.8068029881	-1
11.8068029881	-1
11.8068029881	-1
11.8068029881	-1
11.8068029881	-1
11.8816518784	-1
11.8860268593	1
12.4850788116	-1
12.4863049984	1
12.5741930008	1
13.1936109066	-1
13.2004938126	1
13.2060759068	1
13.2060759068	1
13.2060759068	1
13.2877588272	-1
13.2877810001	1
13.6432027817	-1
13.9939758778	-1
14.0060830116	1
14.0811028481	-1
14.0930848122	1
14.1189448833	-1
14.1189448833	-1
14.1189448833	-1
14.1189448833	-1
14.1189448833	-1
14.1510958672	1
14.1510958672	1
14.1807088852	-1
14.1807208061	1
14.2678527832	1
14.2678527832	1
14.498883009	-1
14.4999499321	1
14.4999499321	1
14.4999499321	1
14.4999499321	1
14.4999499321	1
14.5867679119	1
14.6242558956	-1
14.7417638302	-1
14.7417638302	-1
14.7420330048	-1
14.7420330048	-1
14.7420330048	-1
14.7420330048	-1
14.7420330048	-1
14.7420330048	-1
14.7420330048	-1
14.7513458729	-1
14.751819849	-1
14.751819849	-1
14.751819849	-1
14.751819849	-1
14.751819849	-1
14.751819849	-1
14.751819849	-1
14.7565588951	-1
14.7570748329	-1
14.7570748329	-1
14.7570748329	-1
14.7570748329	-1
14.7570748329	-1
14.7570748329	-1
14.7570748329	-1
14.7575819492	1
14.7643969059	-1
14.7643969059	-1
14.7643969059	-1
14.7643969059	-1
14.7643969059	-1
14.7643969059	-1
14.8292689323	-1
14.8293728828	-1
14.8293728828	-1
14.8293728828	-1
14.8293728828	-1
14.8293728828	-1
14.8293728828	-1
14.8293728828	-1
14.8296189308	-1
14.8297410011	-1
14.8297410011	-1
14.8297410011	-1
14.8297410011	-1
14.8297410011	-1
14.8297410011	-1
14.8394858837	-1
14.8394858837	-1
14.8394858837	-1
14.8394858837	-1
14.8394858837	-1
14.8394858837	-1
14.8394858837	-1
14.8394858837	-1
14.8398368359	-1
14.8398368359	-1
14.8398368359	-1
14.8398368359	-1
14.8398368359	-1
14.8398368359	-1
14.8398368359	-1
14.8398368359	-1
14.8448898792	1
14.8518807888	-1
14.8518807888	-1
14.8518807888	-1
14.8518807888	-1
14.8518807888	-1
14.8518807888	-1
14.8790318966	-1
14.8790318966	-1
14.8790318966	-1
14.8790318966	-1
14.8790318966	-1
14.8790318966	-1
14.8790318966	-1
14.9171919823	-1
14.9171919823	-1
14.9171919823	-1
14.9171919823	-1
14.9171919823	-1
14.9401578903	-1
14.972370863	-1
14.972370863	-1
14.9725189209	-1
14.9725189209	-1
14.9725189209	-1
14.9725189209	-1
14.9725189209	-1
14.9725189209	-1
14.9728488922	-1
14.9728488922	-1
14.9728488922	-1
14.9728488922	-1
14.9728488922	-1
14.9728488922	-1
14.9728488922	-1
14.973017931	-1
14.9911868572	-1
14.9911868572	-1
14.9911868572	-1
14.9911868572	-1
14.9911868572	-1
14.9911868572	-1
14.9911868572	-1
14.9914197922	-1
14.994601965	-1
14.994601965	-1
14.994601965	-1
14.994601965	-1
14.994601965	-1
14.994601965	-1
14.994601965	-1
14.994601965	-1
14.994601965	-1
15.0046479702	-1
15.0046479702	-1
15.0046479702	-1
15.0046479702	-1
15.0046749115	-1
15.0048899651	-1
15.0048899651	-1
15.0048899651	-1
15.0048899651	-1
15.0048899651	-1
15.0048899651	-1
15.0048899651	-1
15.0060489178	1
15.0255827904	-1
15.0256958008	-1
15.0256958008	-1
15.0256958008	-1
15.0256958008	-1
15.0256958008	-1
15.0256958008	-1
15.0256958008	-1
15.0259418488	-1
15.0260648727	-1
15.0260648727	-1
15.0260648727	-1
15.0260648727	-1
15.0260648727	-1
15.0260648727	-1
15.0603189468	-1
15.0603189468	-1
15.0603189468	-1
15.0603189468	-1
15.0603189468	-1
15.0604658127	-1
15.0604658127	-1
15.0604658127	-1
15.0604658127	-1
15.0604658127	-1
15.0604658127	-1
15.0604658127	-1
15.0604658127	-1
15.0609259605	-1
15.0609259605	-1
15.0609259605	-1
15.0609259605	-1
15.0609259605	-1
15.0609259605	-1
15.0609259605	-1
15.0609259605	-1
15.0611758232	-1
15.1133599281	-1
15.1133599281	-1
15.1133599281	-1
15.1133599281	-1
15.1133599281	-1
15.1133599281	-1
15.1133599281	-1
15.1133599281	-1
15.1133599281	-1
15.1133828163	1
15.1137149334	-1
15.1137149334	-1
15.1137149334	-1
15.1137149334	-1
15.1137149334	-1
15.1137149334	-1
15.1139178276	-1
15.1486098766	-1
15.15583992	1
15.15583992	1
15.1572299004	1
15.1572299004	1
15.1572299004	1
15.1572299004	1
15.1572299004	1
15.1572299004	1
15.1572299004	1
15.1575269699	1
15.1575269699	1
15.1575269699	1
15.1575269699	1
15.1575269699	1
15.1575269699	1
15.1575269699	1
15.1575269699	1
15.1583898067	1
15.2355167866	1
15.2355167866	1
15.2355167866	1
15.4912319183	-1
15.4927508831	-1
15.4927508831	-1
15.4927508831	-1
15.4927508831	-1
15.4927508831	-1
15.4927508831	-1
15.5045118332	-1
15.5045118332	-1
15.5045619011	-1
15.5045619011	-1
15.5045619011	-1
15.5045619011	-1
15.5045619011	-1
15.5045619011	-1
15.5045619011	-1
15.5050868988	-1
15.5052549839	-1
15.5052549839	-1
15.5052549839	-1
15.5063209534	-1
15.5063209534	-1
15.5063209534	-1
15.5063209534	-1
15.5063209534	-1
15.5063209534	-1
15.5063209534	-1
15.5063209534	-1
15.5063209534	-1
15.5064787865	1
15.5151088238	-1
15.5151088238	-1
15.5151557922	-1
15.5151557922	-1
15.5153448582	-1
15.5153448582	-1
15.5153448582	-1
15.5153448582	-1
15.5153448582	-1
15.5154697895	-1
15.5154697895	-1
15.5154697895	-1
15.5154697895	-1
15.5154697895	-1
15.5154697895	-1
15.5154697895	-1
15.5922238827	-1
15.5922238827	-1
15.5923449993	-1
15.5923449993	-1
15.592468977	-1
15.592468977	-1
15.592468977	-1
15.592468977	-1
15.592468977	-1
15.592468977	-1
15.592468977	-1
15.5938868523	-1
15.5938868523	-1
15.5940048695	-1
15.5940048695	-1
15.5940048695	-1
15.5940048695	-1
15.5940048695	-1
15.5942509174	-1
15.5942509174	-1
15.5942509174	-1
15.5942509174	-1
15.5942509174	-1
15.5942509174	-1
15.5942509174	-1
15.5944960117	-1
15.594575882	-1
15.594575882	-1
15.594575882	-1
15.602481842	-1
15.602481842	-1
15.602481842	-1
15.602481842	-1
15.602481842	-1
15.6025238037	1
15.6027128696	-1
15.6027128696	-1
15.6027128696	-1
15.6027128696	-1
15.6520400047	-1
15.6520400047	-1
15.6520400047	-1
15.6520400047	-1
15.6520400047	-1
15.6520400047	-1
15.6520400047	-1
15.6520400047	-1
15.6525728703	-1
15.6525728703	-1
15.6525998116	-1
15.6525998116	-1
15.6525998116	-1
15.6525998116	-1
15.6525998116	-1
15.6525998116	-1
15.6803109646	-1
15.6803109646	-1
15.6803109646	-1
15.6804878712	-1
15.6804878712	-1
15.6806089878	-1
15.6806089878	-1
15.6806089878	-1
15.6806089878	-1
15.6806089878	-1
15.6806089878	-1
15.6806089878	-1
15.6808538437	-1
15.6809828281	-1
15.6809828281	-1
15.6809828281	-1
15.6809828281	-1
15.6809828281	-1
15.6809828281	-1
15.6809828281	-1
15.6809828281	-1
15.6902527809	-1
15.690294981	1
15.6903188229	-1
15.6903188229	-1
15.6904799938	-1
15.6904799938	-1
15.6904799938	-1
15.6904799938	-1
15.6906039715	-1
15.6907248497	-1
15.6907248497	-1
15.6907248497	-1
15.6907248497	-1
15.6907248497	-1
15.6907248497	-1
15.6907248497	-1
15.6909708977	-1
15.6909708977	-1
15.6909708977	-1
15.6909708977	-1
15.6909708977	-1
15.6909708977	-1
15.6909708977	-1
15.6909708977	-1
15.6912620068	-1
15.6912620068	-1
15.6912620068	-1
15.6914618015	-1
15.7027029991	-1
15.7027029991	-1
15.7027029991	-1
15.7027029991	-1
15.7027029991	-1
15.7027029991	-1
15.7027029991	-1
15.7027029991	-1
15.7028419971	-1
15.7030529976	-1
15.7030529976	-1
15.7030529976	-1
15.7030529976	-1
15.7030529976	-1
15.7030529976	-1
15.7030529976	-1
15.7677938938	-1
15.7680118084	-1
15.7680118084	-1
15.7680118084	-1
15.7680118084	-1
15.7680118084	-1
15.7680118084	-1
15.7680118084	-1
15.7682578564	-1
15.7683799267	-1
15.7683799267	-1
15.7683799267	-1
15.7683799267	-1
15.7683799267	-1
15.7683799267	-1
15.7683799267	-1
15.7685248852	-1
15.7687089443	-1
15.7687089443	-1
15.7687089443	-1
15.7687089443	-1
15.7687089443	-1
15.7687089443	-1
15.7687089443	-1
15.7777237892	1
15.7777237892	1
15.7777497768	-1
15.7779259682	-1
15.7779259682	-1
15.7779259682	-1
15.7779259682	-1
15.7779259682	-1
15.7779259682	-1
15.7780508995	-1
15.7780508995	-1
15.7861168385	-1
15.7861168385	-1
15.7861168385	-1
15.7861168385	-1
15.7861168385	-1
15.7861168385	-1
15.7861168385	-1
15.7863399982	-1
15.7929019928	-1
15.7929019928	-1
15.7929019928	-1
15.7929019928	-1
15.7929019928	-1
15.7929019928	-1
15.7929019928	-1
15.8659389019	-1
15.8761708736	1
16.2802858353	-1
16.2814099789	1
16.5900859833	-1
16.5900859833	-1
16.5907227993	-1
16.594894886	-1
16.594894886	-1
16.594894886	-1
16.594894886	-1
16.594894886	-1
16.594894886	-1
16.594894886	-1
16.6271197796	-1
16.6384959221	-1
16.6384959221	-1
16.6384959221	-1
16.6384959221	-1
16.6384959221	-1
16.6384959221	-1
16.6384959221	-1
16.6550629139	-1
16.6550629139	-1
16.6550629139	-1
16.6550629139	-1
16.6784279346	-1
16.6784279346	-1
16.6784279346	-1
16.6784279346	-1
16.6784768105	-1
16.6784768105	-1
16.6784768105	-1
16.6784768105	-1
16.6784768105	-1
16.6784768105	-1
16.6784768105	-1
16.6792829037	1
16.6822137833	-1
16.7867889404	1
16.791864872	1
16.791864872	1
16.791864872	1
16.791864872	1
16.791864872	1
16.794107914	1
16.794107914	1
16.8739988804	1
17.2213599682	-1
17.2214179039	-1
17.2214179039	-1
17.2280869484	-1
17.2280869484	-1
17.2280869484	-1
17.2280869484	-1
17.2280869484	-1
17.2280869484	-1
17.2286968231	1
17.2414908409	-1
17.2414908409	-1
17.2414908409	-1
17.2417788506	-1
17.2417788506	-1
17.2424759865	-1
17.2424759865	-1
17.2424759865	-1
17.2424759865	-1
17.2424759865	-1
17.2424759865	-1
17.2424759865	-1
17.3089499474	-1
17.3090498447	-1
17.3090498447	-1
17.3090498447	-1
17.3090498447	-1
17.3090498447	-1
17.3090498447	-1
17.3092739582	-1
17.3092739582	-1
17.3545107841	-1
17.3545107841	-1
17.3545107841	-1
17.3545107841	-1
17.3545107841	-1
17.3545107841	-1
17.3970229626	-1
17.4772789478	1
17.6037168503	1
18.2035169601	-1
18.2972488403	-1
18.3162498474	-1
18.3162498474	-1
18.3162498474	-1
18.3162498474	-1
18.3162498474	-1
18.384552002	-1
18.386302948	1
18.9854719639	-1
18.9866449833	1
19.6400539875	-1
19.6463358402	1
19.6499929428	1
19.6499929428	1
19.7334828377	-1
19.7335269451	1
20.159268856	1
20.2141289711	-1
20.3378398418	-1
20.4077119827	-1
20.4077119827	-1
20.4077119827	-1
20.4077119827	-1
20.4077119827	-1
20.4623908997	-1
20.4667189121	1
21.0172998905	-1
21.018362999	1
21.4966437817	-1
21.5018458366	1
21.5082948208	1
21.5082948208	1
21.5890858173	-1
21.5891327858	1
22.2507197857	-1
22.3743789196	-1
22.3905568123	-1
22.3905568123	-1
22.3905568123	-1
22.3905568123	-1
22.3905568123	-1
22.469014883	1
