0.0	-1
0.582124948502	-1
0.762537002563	1
0.914782047272	1
1.40061712265	-1
1.53440499306	-1
1.55545806885	-1
1.55545806885	-1
1.55545806885	-1
1.60458898544	-1
1.60458898544	-1
1.64613509178	-1
1.65116596222	1
2.09406709671	-1
2.09543204308	1
2.20708703995	1
2.74608802795	-1
2.75625395775	1
2.7714509964	1
2.7714509964	1
2.7714509964	1
2.86809492111	-1
3.16933608055	-1
3.1918721199	1
3.30353999138	1
3.30353999138	1
3.34041500092	-1
3.39880895615	-1
3.39880895615	-1
3.39880895615	-1
3.39880895615	-1
3.39880895615	-1
3.39880895615	-1
3.51494193077	1
3.9344599247	-1
3.93584012985	1
4.04747915268	1
4.5994451046	-1
4.60908007622	1
4.61938309669	1
4.61938309669	1
4.61938309669	1
4.72092413902	-1
5.02556395531	-1
5.1924841404	1
5.23180294037	-1
5.2737660408	-1
5.2737660408	-1
5.2737660408	-1
5.2737660408	-1
5.2737660408	-1
5.2737660408	-1
5.34812712669	1
5.73918700218	-1
5.74055695534	1
5.85216712952	1
6.19297909737	1
6.30454206467	1
6.36829805374	-1
6.3891119957	1
6.3891119957	1
6.3891119957	1
6.41616511345	1
6.50103902817	-1
6.80216097832	-1
6.96948194504	-1
7.02794599533	-1
7.02794599533	-1
7.02794599533	-1
7.02794599533	-1
7.02794599533	-1
7.02794599533	-1
7.08640003204	1
7.19354701042	1
7.19354701042	1
7.19354701042	1
7.19354701042	1
7.19802212715	1
7.54695606232	-1
7.54821705818	1
7.65980005264	1
8.19356012344	1
8.19391894341	1
8.19391894341	1
8.19391894341	1
8.19490408897	1
8.19490408897	1
8.19490408897	1
8.19490408897	1
8.19500613213	1
8.19500613213	1
8.19594502449	-1
8.20281410217	1
8.20281410217	1
8.21980810165	1
8.21980810165	1
8.31490302086	-1
8.67932295799	-1
8.83195209503	-1
8.89298796654	-1
8.89298796654	-1
8.89298796654	-1
8.89298796654	-1
8.89298796654	-1
8.89298796654	-1
8.94442009926	1
9.05612206459	1
9.19401907921	1
9.19485211372	1
9.19485211372	1
9.19485211372	1
9.52564406395	-1
9.52682995796	1
9.63841915131	1
10.1831130981	-1
10.1900379658	1
10.2043020725	1
10.2043020725	1
10.2043020725	1
10.3017771244	-1
10.6290111542	-1
10.8601131439	-1
10.8813920021	-1
10.8813920021	-1
10.8813920021	-1
10.8813920021	-1
10.8813920021	-1
10.8813920021	-1
10.976088047	1
11.1956470013	1
11.1961989403	1
11.1961989403	1
11.1961989403	1
11.4073040485	-1
11.4187669754	1
11.4187669754	1
11.5307919979	-1
11.5307919979	-1
11.9965560436	-1
12.0050070286	1
12.0105171204	1
12.0105171204	1
12.0105171204	1
12.0105171204	1
12.1082389355	-1
12.302489996	-1
12.689923048	-1
12.7555220127	-1
12.7555220127	-1
12.7555220127	-1
12.7555220127	-1
12.7555220127	-1
12.7555220127	-1
12.7555220127	-1
12.780807972	1
12.8924701214	1
12.8924701214	1
13.0005970001	-1
13.0019309521	1
13.0019309521	1
13.0019309521	1
13.0019309521	1
13.0019309521	1
13.0019309521	1
13.0019309521	1
13.1962940693	1
13.2755300999	-1
13.3079380989	1
13.3134360313	-1
13.3134360313	-1
13.3134360313	-1
13.3134360313	-1
13.3134360313	-1
13.3135421276	-1
13.3277311325	-1
13.3277311325	-1
13.3277311325	-1
13.3277311325	-1
13.3277311325	-1
13.3277311325	-1
13.3484959602	-1
13.3484959602	-1
13.3486011028	-1
13.3486011028	-1
13.3486011028	-1
13.3486011028	-1
13.3486011028	-1
13.3486011028	-1
13.350276947	-1
13.350276947	-1
13.350276947	-1
13.350276947	-1
13.350276947	-1
13.350276947	-1
13.350276947	-1
13.350276947	-1
13.4200520515	-1
13.4200520515	-1
13.4200520515	-1
13.4200520515	-1
13.4200520515	-1
13.4200520515	-1
13.4200520515	-1
13.4255800247	-1
13.4256141186	-1
13.4256141186	-1
13.4256141186	-1
13.4256141186	-1
13.4256141186	-1
13.4256141186	-1
13.4256141186	-1
13.4398801327	-1
13.4398801327	-1
13.4398801327	-1
13.4398801327	-1
13.4398801327	-1
13.4398801327	-1
13.4398801327	-1
13.4605741501	-1
13.4605741501	-1
13.4605741501	-1
13.4605741501	-1
13.4605741501	-1
13.4605741501	-1
13.4605741501	-1
13.4605741501	-1
13.4616229534	1
13.4623000622	-1
13.4623000622	-1
13.462334156	-1
13.462334156	-1
13.462334156	-1
13.462334156	-1
13.462334156	-1
13.462334156	-1
13.462334156	-1
13.5000269413	-1
13.5319650173	-1
13.5319650173	-1
13.5319650173	-1
13.5320711136	-1
13.5320711136	-1
13.5320711136	-1
13.5320711136	-1
13.5320711136	-1
13.5320711136	-1
13.5320711136	-1
13.5320711136	-1
13.5320711136	-1
13.5320711136	-1
13.5374810696	-1
13.5374810696	-1
13.5374810696	-1
13.5374810696	-1
13.5374810696	-1
13.5517799854	-1
13.5517799854	-1
13.5517799854	-1
13.5517799854	-1
13.5517799854	-1
13.5517799854	-1
13.5517799854	-1
13.5521430969	-1
13.5521430969	-1
13.5521430969	-1
13.5724589825	-1
13.5724589825	-1
13.5724589825	-1
13.5724589825	-1
13.5724589825	-1
13.5724589825	-1
13.5725951195	-1
13.5725951195	-1
13.5728189945	-1
13.5728189945	-1
13.572838068	-1
13.572838068	-1
13.572838068	-1
13.572838068	-1
13.572838068	-1
13.572838068	-1
13.572838068	-1
13.5741930008	-1
13.5741930008	-1
13.5741930008	-1
13.5741930008	-1
13.5741930008	-1
13.5741930008	-1
13.5741930008	-1
13.5741930008	-1
13.5741930008	-1
13.5742099285	1
13.5742099285	1
13.6118741035	-1
13.6118741035	-1
13.6118741035	-1
13.6118741035	-1
13.6118741035	-1
13.6118741035	-1
13.6118741035	-1
13.6121461391	-1
13.6121461391	-1
13.6121461391	-1
13.6121461391	-1
13.6121461391	-1
13.6121461391	-1
13.6121461391	-1
13.6121461391	-1
13.6121461391	-1
13.6441140175	-1
13.6441140175	-1
13.6441140175	-1
13.6441140175	-1
13.6441140175	-1
13.6441140175	-1
13.6441140175	-1
13.6441140175	-1
13.6495349407	-1
13.6495349407	-1
13.6495349407	-1
13.6495349407	-1
13.6495349407	-1
13.6495349407	-1
13.6495349407	-1
13.6495349407	-1
13.6499021053	-1
13.6499021053	-1
13.6499021053	-1
13.6499021053	-1
13.6499021053	-1
13.6499021053	-1
13.6499021053	-1
13.6499021053	-1
13.6639471054	-1
13.6639471054	-1
13.6639471054	-1
13.6639471054	-1
13.6639471054	-1
13.6639471054	-1
13.6639471054	-1
13.6642789841	-1
13.6642789841	-1
13.6642789841	-1
13.6642789841	-1
13.6642789841	-1
13.6642789841	-1
13.6642789841	-1
13.6642789841	-1
13.6844360828	-1
13.6844360828	-1
13.6844360828	-1
13.6866559982	1
13.6866559982	1
13.6866559982	1
13.6878199577	1
13.6878199577	1
13.6880171299	1
13.6880171299	1
13.6880171299	1
13.6880171299	1
13.6880171299	1
13.6880171299	1
13.6880171299	1
13.6880171299	1
13.6881670952	1
13.6881670952	1
13.6881670952	1
13.6881670952	1
13.7055029869	1
13.7055029869	1
13.9557080269	-1
13.9720439911	-1
13.9720439911	-1
13.9720439911	-1
13.9720439911	-1
13.9720439911	-1
13.9720439911	-1
13.9720439911	-1
13.9720439911	-1
13.9766991138	-1
13.9977099895	-1
13.9977099895	-1
13.9978151321	-1
13.9978151321	-1
13.9978151321	-1
13.9978151321	-1
13.9978151321	-1
13.9978151321	-1
13.9978151321	-1
13.9978151321	-1
14.0014929771	-1
14.0014929771	-1
14.0014929771	-1
14.0014929771	-1
14.0014929771	-1
14.0014929771	-1
14.0014929771	-1
14.0014929771	-1
14.0155351162	-1
14.0155351162	-1
14.0155351162	-1
14.0155351162	-1
14.0155351162	-1
14.0155351162	-1
14.0155351162	-1
14.0155351162	-1
14.015857935	-1
14.015857935	-1
14.015857935	-1
14.015857935	-1
14.015857935	-1
14.015857935	-1
14.015857935	-1
14.0185360909	-1
14.0185360909	-1
14.0186829567	-1
14.0186829567	-1
14.0186829567	-1
14.0186829567	-1
14.0186829567	-1
14.0186829567	-1
14.0186829567	-1
14.018928051	-1
14.0196361542	1
14.0828211308	-1
14.0828211308	-1
14.0828211308	-1
14.083753109	-1
14.083753109	-1
14.083753109	-1
14.083753109	-1
14.083753109	-1
14.083753109	-1
14.083753109	-1
14.0841050148	-1
14.0841050148	-1
14.0841050148	-1
14.0841050148	-1
14.0844831467	-1
14.0844831467	-1
14.0844831467	-1
14.0844831467	-1
14.0844831467	-1
14.0844831467	-1
14.0844831467	-1
14.0844831467	-1
14.0849180222	-1
14.0849180222	-1
14.085034132	-1
14.085034132	-1
14.085034132	-1
14.085034132	-1
14.085034132	-1
14.085034132	-1
14.0866179466	-1
14.0866179466	-1
14.0866179466	-1
14.0866179466	-1
14.0866179466	-1
14.0866179466	-1
14.0978910923	-1
14.098099947	-1
14.098099947	-1
14.098099947	-1
14.0982210636	-1
14.0982210636	-1
14.0982210636	-1
14.0982210636	-1
14.0982210636	-1
14.0982210636	-1
14.0982210636	-1
14.1097090244	-1
14.1097569466	-1
14.1097569466	-1
14.1097569466	-1
14.1097569466	-1
14.1097569466	-1
14.1097569466	-1
14.1097569466	-1
14.1100580692	-1
14.1100580692	-1
14.1100580692	-1
14.1100580692	-1
14.1100580692	-1
14.1103050709	-1
14.1103050709	-1
14.1103050709	-1
14.1103050709	-1
14.1103050709	-1
14.1103050709	-1
14.1103050709	-1
14.1103050709	-1
14.1103050709	-1
14.1138679981	-1
14.1138679981	-1
14.1138679981	-1
14.1138679981	-1
14.1138679981	-1
14.1138679981	-1
14.1138679981	-1
14.1138679981	-1
14.1276910305	-1
14.1276910305	-1
14.1276910305	-1
14.1276910305	-1
14.1276910305	-1
14.1276910305	-1
14.1276910305	-1
14.1276910305	-1
14.1281011105	-1
14.1281011105	-1
14.1281011105	-1
14.1281011105	-1
14.1281011105	-1
14.1281011105	-1
14.1281011105	-1
14.1281011105	-1
14.1281011105	-1
14.1304559708	-1
14.1304559708	-1
14.1304559708	-1
14.1304559708	-1
14.1304559708	-1
14.1304559708	-1
14.1304559708	-1
14.1304559708	-1
14.1308860779	-1
14.1308860779	-1
14.1308860779	-1
14.1308860779	-1
14.1308860779	-1
14.1308860779	-1
14.1308860779	-1
14.1308860779	-1
14.1316390038	1
14.1316390038	1
14.1956670284	-1
14.1956670284	-1
14.1956670284	-1
14.1956670284	-1
14.1956670284	-1
14.1956670284	-1
14.1956670284	-1
14.1956670284	-1
14.1968021393	-1
14.1968021393	-1
14.1968021393	-1
14.1968021393	-1
14.1970119476	-1
14.1970119476	-1
14.1970119476	-1
14.1970119476	-1
14.1970119476	-1
14.1970119476	-1
14.1970119476	-1
14.1970119476	-1
14.1972830296	-1
14.1972830296	-1
14.1972830296	-1
14.1972830296	-1
14.1972830296	-1
14.1972830296	-1
14.1972830296	-1
14.1972830296	-1
14.1977479458	-1
14.1977479458	-1
14.1977479458	-1
14.1977479458	-1
14.1977479458	-1
14.1977479458	-1
14.1977479458	-1
14.1977479458	-1
14.1985690594	-1
14.1985690594	-1
14.1985690594	-1
14.1985690594	-1
14.1988861561	1
14.1988861561	1
14.1988861561	1
14.2004899979	1
14.2004899979	1
14.2004899979	1
14.2842271328	1
14.308907032	1
14.308907032	1
14.308907032	1
14.6115150452	-1
14.6125619411	1
14.7401940823	-1
14.7615640163	-1
14.7615640163	-1
14.7615640163	-1
14.7615640163	-1
14.7615640163	-1
14.7615640163	-1
14.7615640163	-1
14.871309042	-1
14.871309042	-1
14.8722200394	-1
14.8722200394	-1
14.8722200394	-1
14.8722200394	-1
14.8722200394	-1
14.8722200394	-1
14.8722200394	-1
14.8724589348	-1
14.8724589348	-1
14.8724589348	-1
14.8724589348	-1
14.8724589348	-1
14.8724589348	-1
14.8724589348	-1
14.8733820915	-1
14.8857359886	-1
14.8857359886	-1
14.8857359886	-1
14.8857359886	-1
14.8857359886	-1
14.8857359886	-1
14.8857359886	-1
14.8857359886	-1
14.8858859539	-1
14.8922281265	-1
14.8922281265	-1
14.8922281265	-1
14.8922281265	-1
14.8953909874	-1
14.913159132	-1
14.913159132	-1
14.9859681129	-1
14.9859681129	-1
15.0968141556	1
15.0988249779	1
15.0988249779	1
15.0988249779	1
15.0988249779	1
15.0988249779	1
15.0988249779	1
15.1009249687	1
15.1009249687	1
15.3850080967	-1
15.4272630215	-1
15.4272630215	-1
15.4272630215	-1
15.4274511337	-1
15.4274511337	-1
15.4274511337	-1
15.4274511337	-1
15.4274511337	-1
15.4274511337	-1
15.4274511337	-1
15.4274511337	-1
15.4444680214	-1
15.4444680214	-1
15.4444680214	-1
15.4446120262	-1
15.4446120262	-1
15.4446120262	-1
15.4446120262	-1
15.4446120262	-1
15.4446120262	-1
15.4446120262	-1
15.4457731247	1
15.4480280876	-1
15.4481990337	-1
15.4481990337	-1
15.4481990337	-1
15.4481990337	-1
15.4481990337	-1
15.4481990337	-1
15.4968850613	-1
15.5023701191	-1
15.5023701191	-1
15.5023701191	-1
15.5023701191	-1
15.5023701191	-1
15.5023701191	-1
15.5023701191	-1
15.6849989891	1
15.8361561298	1
16.1151320934	-1
16.2509949207	-1
16.3170001507	-1
16.3170001507	-1
16.3170001507	-1
16.3170001507	-1
16.3170001507	-1
16.3170001507	-1
16.3673739433	1
16.7351460457	-1
16.7360270023	1
17.1544790268	-1
17.1612200737	1
17.1746051311	1
17.1746051311	1
17.1746051311	1
17.2730660439	-1
17.5376899242	-1
17.7574880123	-1
17.7786021233	-1
17.7786021233	-1
17.7786021233	-1
17.7786021233	-1
17.7786021233	-1
17.7786021233	-1
17.869893074	1
18.0982270241	1
18.5088739395	-1
18.5097360611	1
18.9136140347	-1
18.9189939499	1
18.9272699356	1
18.9272699356	1
18.9272699356	1
19.0307891369	-1
19.3865029812	-1
19.5601811409	-1
19.620800972	-1
19.620800972	-1
19.620800972	-1
19.620800972	-1
19.620800972	-1
19.620800972	-1
19.6761510372	1
20.0721099377	-1
20.0732300282	1
20.4587850571	-1
20.4661300182	1
20.4684901237	1
20.4684901237	1
20.4684901237	1
20.5779211521	-1
20.730353117	1
20.9183599949	-1
