0.0	-1
0.587327957153	1
0.898085832596	1
0.99832701683	1
1.22190284729	-1
1.32325291634	-1
1.34720897675	-1
1.34720897675	-1
1.34720897675	-1
1.34720897675	-1
1.34720897675	-1
1.34720897675	-1
1.42906594276	1
1.74973702431	-1
1.7510240078	1
1.85213589668	1
2.30801200867	-1
2.31686782837	1
2.3272190094	1
2.3272190094	1
2.3272190094	1
2.43626284599	-1
2.58845996857	1
2.68886494637	1
2.79187393188	-1
2.91993784904	-1
3.0383579731	-1
3.13884592056	-1
3.13884592056	-1
3.14304280281	-1
3.14304280281	-1
3.14304280281	-1
3.14304280281	-1
3.14304280281	-1
3.18469786644	-1
3.1916949749	1
3.37631702423	-1
3.58903002739	1
3.69745993614	-1
3.69874501228	1
3.83818697929	1
4.37250089645	-1
4.37941288948	1
4.39625191689	1
4.39625191689	1
4.39625191689	1
4.48609399796	-1
4.59024882317	1
4.59099602699	1
4.59099602699	1
4.59099602699	1
4.5913939476	1
4.5913939476	1
4.5913939476	1
4.5913939476	1
4.88997387886	-1
4.99067401886	-1
5.09138393402	-1
5.09138393402	-1
5.19299983978	-1
5.19299983978	-1
5.2037088871	-1
5.2037088871	-1
5.2037088871	-1
5.2037088871	-1
5.29375386238	-1
5.29836392403	1
5.39409589767	-1
5.59104299545	1
5.59141087532	1
5.59141087532	1
5.59141087532	1
5.73492288589	-1
5.79182982445	1
5.79182982445	1
5.92119789124	-1
6.03019189835	-1
6.2528219223	-1
6.25726890564	1
6.26665997505	1
6.26665997505	1
6.26665997505	1
6.35334300995	-1
6.58529281616	-1
6.59128284454	1
6.69194483757	-1
6.69198203087	1
6.79332184792	-1
6.79332184792	-1
6.84374094009	-1
6.84374094009	-1
6.84374094009	-1
6.84374094009	-1
6.84374094009	-1
6.84374094009	-1
6.93228197098	-1
6.93682599068	1
7.26476287842	-1
7.2661190033	1
7.36682486534	1
7.59171295166	1
7.67961883545	-1
7.68649888039	1
7.68649888039	1
7.68649888039	1
7.78772497177	-1
7.83099889755	1
7.83099889755	1
7.92460298538	-1
8.13136291504	-1
8.25977897644	-1
8.26940393448	-1
8.26940393448	-1
8.26940393448	-1
8.36017584801	-1
8.4607758522	-1
8.4607758522	-1
8.46502590179	1
8.59186983109	1
8.69252300262	1
8.80203199387	-1
8.80315494537	1
8.92500591278	-1
8.92503786087	1
9.33773684502	-1
9.34475684166	1
9.34912896156	1
9.34912896156	1
9.34912896156	1
9.44524598122	-1
9.59236192703	1
9.69308781624	1
9.74419283867	-1
9.88432979584	-1
9.97681283951	-1
9.97681283951	-1
9.97681283951	-1
9.97681283951	-1
9.97681283951	-1
9.97681283951	-1
9.98552489281	1
10.0859348774	1
10.4310688972	-1
10.4324138165	1
10.5329349041	1
10.9517979622	-1
10.9597549438	1
10.965255022	1
10.965255022	1
10.965255022	1
10.965255022	1
11.0619719028	-1
11.3574259281	-1
11.4583818913	-1
11.4583818913	-1
11.6540529728	-1
11.7519338131	-1
11.7519338131	-1
11.7519338131	-1
11.7722868919	-1
11.7722868919	-1
11.7722868919	-1
11.7722868919	-1
11.7730398178	1
11.8737978935	1
11.8737978935	1
12.0196938515	-1
12.020870924	1
12.02105093	1
12.02105093	1
12.02105093	1
12.02105093	1
12.02105093	1
12.02105093	1
12.3526070118	-1
12.393599987	-1
12.393599987	-1
12.393599987	-1
12.396999836	-1
12.396999836	-1
12.399312973	-1
12.399312973	-1
12.399312973	-1
12.399312973	-1
12.399312973	-1
12.399312973	-1
12.399312973	-1
12.4123699665	-1
12.4127299786	-1
12.4127299786	-1
12.4127299786	-1
12.4127299786	-1
12.4127299786	-1
12.4127299786	-1
12.4127299786	-1
12.4928920269	-1
12.4928920269	-1
12.4928920269	-1
12.4928920269	-1
12.4928920269	-1
12.4928920269	-1
12.4928920269	-1
12.4928920269	-1
12.524766922	-1
12.524766922	-1
12.524766922	-1
12.524766922	-1
12.524766922	-1
12.524766922	-1
12.524766922	-1
12.5256090164	-1
12.5256090164	-1
12.5256090164	-1
12.5256090164	-1
12.5256090164	-1
12.5256090164	-1
12.5256090164	-1
12.5267369747	-1
12.5267369747	-1
12.5267369747	-1
12.5267369747	-1
12.5267369747	-1
12.5267369747	-1
12.5267369747	-1
12.5380558968	-1
12.5390508175	1
12.5427849293	-1
12.5427849293	-1
12.5427849293	-1
12.5427849293	-1
12.5427849293	-1
12.5427849293	-1
12.5427849293	-1
12.5427849293	-1
12.5938379765	-1
12.5939528942	-1
12.5939528942	-1
12.5939528942	-1
12.5939528942	-1
12.5939528942	-1
12.5939528942	-1
12.5941889286	-1
12.5941889286	-1
12.5943129063	-1
12.5943129063	-1
12.5943129063	-1
12.5943129063	-1
12.5943129063	-1
12.6277728081	-1
12.6277728081	-1
12.6277728081	-1
12.6277728081	-1
12.6277728081	-1
12.6277728081	-1
12.6277728081	-1
12.6277728081	-1
12.6277728081	-1
12.6277728081	-1
12.6281218529	-1
12.6281478405	-1
12.6281478405	-1
12.6283679008	-1
12.6283679008	-1
12.6283679008	-1
12.6283679008	-1
12.6283679008	-1
12.6283679008	-1
12.6286129951	-1
12.6286129951	-1
12.6286129951	-1
12.6286129951	-1
12.6286129951	-1
12.6286129951	-1
12.6286129951	-1
12.6386349201	-1
12.6388540268	-1
12.6388540268	-1
12.6388540268	-1
12.6389768124	-1
12.6389768124	-1
12.6389768124	-1
12.6389768124	-1
12.6389768124	-1
12.6389768124	-1
12.6389768124	-1
12.6392219067	-1
12.6392219067	-1
12.6392219067	-1
12.6392219067	-1
12.6392219067	-1
12.6392219067	-1
12.6392219067	-1
12.6393909454	1
12.6627118587	-1
12.6627118587	-1
12.66274786	-1
12.66274786	-1
12.66274786	-1
12.66274786	-1
12.66274786	-1
12.66274786	-1
12.66274786	-1
12.6949729919	-1
12.6951498985	-1
12.6951498985	-1
12.6951498985	-1
12.6951498985	-1
12.6951498985	-1
12.6951498985	-1
12.7066287994	-1
12.7066287994	-1
12.7066287994	-1
12.7066287994	-1
12.7066287994	-1
12.7066287994	-1
12.7066287994	-1
12.7066287994	-1
12.7067759037	-1
12.7069859505	-1
12.7069859505	-1
12.7296009064	-1
12.7296009064	-1
12.7296009064	-1
12.7296009064	-1
12.7296009064	-1
12.7298209667	-1
12.7298209667	-1
12.7298209667	-1
12.7298209667	-1
12.7298209667	-1
12.7298209667	-1
12.7298209667	-1
12.7298209667	-1
12.7299668789	-1
12.7790448666	1
12.7790448666	1
12.7964339256	-1
12.7981488705	1
12.7981488705	1
12.7981488705	1
12.7989029884	1
12.7989029884	1
12.7989029884	1
12.7989029884	1
12.7989029884	1
12.7989029884	1
12.7989029884	1
12.7991068363	1
12.7991068363	1
12.7991068363	1
12.7991068363	1
12.7991068363	1
12.7991068363	1
12.7991068363	1
12.817358017	1
12.817358017	1
12.899009943	1
13.1534769535	-1
13.2876329422	-1
13.2876329422	-1
13.2876329422	-1
13.3333749771	-1
13.3333749771	-1
13.3333749771	-1
13.3333749771	-1
13.3333749771	-1
13.3333749771	-1
13.3333749771	-1
13.4010050297	1
13.448679924	-1
13.448679924	-1
13.448679924	-1
13.4491949081	-1
13.4491949081	-1
13.4491949081	-1
13.4491949081	-1
13.4491949081	-1
13.4491949081	-1
13.4497690201	-1
13.4497690201	-1
13.4497690201	-1
13.4497690201	-1
13.4497690201	-1
13.4497690201	-1
13.4497690201	-1
13.4500129223	-1
13.4527449608	-1
13.4527449608	-1
13.4527449608	-1
13.4527449608	-1
13.4527449608	-1
13.4527449608	-1
13.4527449608	-1
13.4657168388	-1
13.4660489559	-1
13.4660489559	-1
13.4660489559	-1
13.4660489559	-1
13.4660489559	-1
13.5017368793	1
13.5500078201	-1
13.5500078201	-1
13.5500078201	-1
13.5500078201	-1
13.5500078201	-1
13.5500078201	-1
13.5500078201	-1
13.5500078201	-1
13.5500078201	-1
13.5503578186	-1
13.5503578186	-1
13.5504808426	-1
13.5504808426	-1
13.5504808426	-1
13.5504808426	-1
13.5504808426	-1
13.5504808426	-1
13.5504808426	-1
13.5518798828	-1
13.5520048141	-1
13.5520048141	-1
13.5520048141	-1
13.5555169582	-1
13.5555169582	-1
13.5556209087	-1
13.5556209087	-1
13.5556209087	-1
13.5556209087	-1
13.5556209087	-1
13.5556209087	-1
13.5651259422	-1
13.5651259422	-1
13.5651259422	-1
13.5651259422	-1
13.5651259422	-1
13.5651259422	-1
13.5651259422	-1
13.5651259422	-1
13.5654709339	-1
13.5654709339	-1
13.5654709339	-1
13.5654709339	-1
13.5654709339	-1
13.5654709339	-1
13.5654709339	-1
13.5657169819	-1
13.5930008888	1
13.5930008888	1
13.5930008888	1
13.5944449902	-1
13.5944449902	-1
13.5944449902	-1
13.5944449902	-1
13.5945518017	-1
13.5945518017	-1
13.5945518017	-1
13.5945518017	-1
13.5945518017	-1
13.5945518017	-1
13.6537089348	-1
13.6537089348	-1
13.6537089348	-1
13.6537089348	-1
13.6537089348	-1
13.6537089348	-1
13.6537089348	-1
13.6565778255	-1
13.6565778255	-1
13.6565778255	-1
13.6565778255	-1
13.6602139473	-1
13.6602139473	-1
13.6602139473	-1
13.6602139473	-1
13.6602139473	-1
13.6602139473	-1
13.6602139473	-1
13.6602139473	-1
13.6658549309	-1
13.6658549309	-1
13.6658549309	-1
13.6658549309	-1
13.6658549309	-1
13.6658549309	-1
13.6658549309	-1
13.6658549309	-1
13.6660838127	-1
13.6661119461	-1
13.6661119461	-1
13.6669509411	-1
13.6669509411	-1
13.6669509411	-1
13.6669509411	-1
13.6669509411	-1
13.6669509411	-1
13.6687839031	-1
13.6687839031	-1
13.6687839031	-1
13.6687839031	-1
13.6687839031	-1
13.6687839031	-1
13.6687839031	-1
13.6687839031	-1
13.6940150261	-1
13.6940150261	-1
13.6941599846	-1
13.6941599846	-1
13.6941599846	-1
13.6941599846	-1
13.6941599846	-1
13.6941599846	-1
13.6941599846	-1
13.6944048405	-1
13.6944048405	-1
13.6944048405	-1
13.6944048405	-1
13.6944048405	-1
13.6944048405	-1
13.6944048405	-1
13.6944048405	-1
13.6947739124	-1
13.6947739124	-1
13.6947739124	-1
13.6947739124	-1
13.6947739124	-1
13.6947739124	-1
13.6947739124	-1
13.6947739124	-1
13.6950449944	-1
13.6979269981	1
13.6979269981	1
13.6979269981	1
13.7536418438	-1
13.7536418438	-1
13.7536418438	-1
13.7536418438	-1
13.7536418438	-1
13.7536418438	-1
13.7536418438	-1
13.7536418438	-1
13.7538759708	-1
13.7587118149	-1
13.7587118149	-1
13.7587118149	-1
13.7587118149	-1
13.7587118149	-1
13.7587118149	-1
13.7589328289	-1
13.7589328289	-1
13.7589328289	-1
13.7589328289	-1
13.7589328289	-1
13.7589328289	-1
13.7589328289	-1
13.7593009472	-1
13.7593009472	-1
13.7593009472	-1
13.7593009472	-1
13.7593009472	-1
13.7593009472	-1
13.7595479488	-1
13.7595479488	-1
13.7595479488	-1
13.7595479488	-1
13.7595479488	-1
13.7595479488	-1
13.7595479488	-1
13.7595479488	-1
13.7667088509	-1
13.7667088509	-1
13.7669188976	-1
13.7669188976	-1
13.7669188976	-1
13.766947031	-1
13.766947031	-1
13.766947031	-1
13.766947031	-1
13.766947031	-1
13.766947031	-1
13.766947031	-1
13.7953019142	-1
13.7963938713	-1
13.8545649052	1
13.8545649052	1
13.9014649391	-1
14.0446259975	-1
14.2511370182	-1
14.2889699936	-1
14.2889699936	-1
14.2889699936	-1
14.3302810192	-1
14.3302810192	-1
14.3302810192	-1
14.3302810192	-1
14.3302810192	-1
14.3302810192	-1
14.3302810192	-1
14.3546788692	-1
14.376718998	-1
14.376718998	-1
14.376718998	-1
14.376718998	-1
14.376718998	-1
14.376718998	-1
14.376718998	-1
14.3902928829	1
14.4219839573	-1
14.4219839573	-1
14.4219839573	-1
14.4219839573	-1
14.4219839573	-1
14.4219839573	-1
14.4219839573	-1
14.4219839573	-1
14.4427750111	-1
14.4660379887	-1
14.4660379887	-1
14.5718739033	-1
14.5718739033	-1
14.5718739033	-1
14.5718739033	-1
14.5931789875	1
14.5933318138	1
14.5933318138	1
14.5933318138	1
14.7230279446	1
14.7230279446	1
14.7230279446	1
14.7232320309	1
14.7232320309	1
14.7232320309	1
14.7232320309	1
14.7267389297	1
14.823513031	1
15.0231199265	-1
15.1239697933	-1
15.224462986	-1
15.224462986	-1
15.3048839569	-1
15.3048839569	-1
15.3048839569	-1
15.3597688675	-1
15.3597688675	-1
15.3597688675	-1
15.3597688675	-1
15.3597688675	-1
15.3597688675	-1
15.3597688675	-1
15.4018988609	-1
15.4018988609	-1
15.4018988609	-1
15.4018988609	-1
15.4018988609	-1
15.4018988609	-1
15.4018988609	-1
15.4018988609	-1
15.4253809452	-1
15.427531004	-1
15.427531004	-1
15.427531004	-1
15.427531004	-1
15.427531004	-1
15.427531004	-1
15.4486470222	-1
15.4486470222	-1
15.4486470222	-1
15.4699559212	-1
15.4699559212	-1
15.4699559212	-1
15.4699559212	-1
15.4699559212	-1
15.4699559212	-1
15.4699559212	-1
15.4699559212	-1
15.5263199806	-1
15.6100268364	1
15.7107520103	1
15.9289729595	-1
16.1249120235	-1
16.1928579807	-1
16.1928579807	-1
16.1928579807	-1
16.1928579807	-1
16.1928579807	-1
16.1928579807	-1
16.2300429344	1
16.5283708572	-1
16.5296390057	1
16.8280448914	-1
16.8336617947	1
16.8441288471	1
16.8441288471	1
16.8441288471	1
16.9342889786	-1
17.1323368549	-1
17.2844839096	-1
17.3774049282	-1
17.3774049282	-1
17.3774049282	-1
17.3937079906	-1
17.3937079906	-1
17.3937079906	-1
17.3937079906	-1
17.3937079906	-1
17.4900438786	1
17.7901530266	-1
17.7913470268	1
18.0905759335	-1
18.0960338116	1
18.1042239666	1
18.1042239666	1
18.1042239666	1
18.1967759132	-1
18.3904340267	-1
18.5314040184	-1
18.594468832	1
18.6685419083	-1
18.6685419083	-1
18.6951699257	-1
18.6951699257	-1
18.6951699257	-1
18.6951699257	-1
18.6951699257	-1
18.6951699257	-1
18.8001840115	1
19.1018228531	-1
19.1029288769	1
19.4305548668	-1
19.436000824	1
19.444535017	1
19.444535017	1
19.444535017	1
19.5478048325	-1
19.7559218407	-1
19.8566129208	-1
19.9428699017	-1
19.9428699017	-1
19.9428699017	-1
19.9599058628	-1
19.9599058628	-1
19.9599058628	-1
19.9599058628	-1
19.9599058628	-1
20.063051939	1
20.3800668716	-1
20.3805148602	1
20.4811959267	1
