0.0	1
0.0	1
1.00074505806	1
1.00074505806	1
1.00074505806	1
1.06340003014	1
1.06340003014	1
1.33219599724	-1
1.33219599724	-1
1.48491621017	1
1.54767107964	1
2.0012140274	1
2.0012140274	1
2.0012140274	1
2.05357909203	-1
2.06387519836	1
2.06387519836	1
2.06387519836	1
2.2133731842	-1
2.23155808449	-1
2.23155808449	-1
2.29440712929	-1
2.29440712929	-1
2.39682006836	-1
2.39682006836	-1
2.40169906616	1
2.88921308517	-1
2.89522004128	1
2.95793604851	1
3.00174212456	1
3.00174212456	1
3.00174212456	1
3.02061700821	1
3.33464121819	-1
3.51075911522	-1
3.68618011475	-1
3.69602704048	1
3.71127319336	1
3.71127319336	1
3.74892306328	-1
3.7589571476	1
4.00220799446	1
4.00268507004	1
4.00268507004	1
4.06485319138	1
4.24589920044	-1
4.42527103424	-1
4.46471405029	-1
4.46471405029	-1
4.48793506622	-1
4.60112118721	-1
4.60112118721	-1
4.60112118721	-1
4.60112118721	-1
4.66388821602	-1
4.66832304001	1
5.14989113808	-1
5.15123701096	1
5.2138440609	1
5.85959911346	-1
5.86656999588	1
5.88163304329	1
5.88163304329	1
5.92931008339	1
6.040402174	-1
6.40654015541	-1
6.60469102859	-1
6.66741704941	-1
6.78070616722	-1
6.78070616722	-1
6.78070616722	-1
6.78070616722	-1
6.84345316887	-1
6.84892320633	1
7.00334715843	1
7.06597113609	1
7.33358812332	-1
7.50985002518	-1
7.51083707809	1
7.57377409935	1
8.22275400162	-1
8.23221302032	1
8.2517991066	1
8.2517991066	1
8.29498004913	1
8.40027999878	-1
8.79533410072	-1
8.99443006516	-1
9.00451302528	1
9.00451302528	1
9.00451302528	1
9.01130199432	-1
9.01130199432	-1
9.05719399452	-1
9.05719399452	-1
9.06720709801	1
9.17025613785	-1
9.27277207375	-1
9.27622318268	1
9.34682202339	-1
9.52328801155	-1
9.83288812637	-1
9.83414411545	1
9.93500900269	1
10.5394210815	-1
10.5470440388	1
10.5537641048	1
10.5537641048	1
10.6097090244	1
10.7208991051	-1
11.0045900345	-1
11.1802990437	-1
11.3182621002	-1
11.3286650181	-1
11.3286650181	-1
11.3563110828	-1
11.3563110828	-1
11.3563110828	-1
11.3809461594	-1
11.3844091892	1
11.8482301235	-1
11.8493731022	1
11.9119961262	1
12.5404491425	-1
12.5472810268	1
12.5570271015	1
12.5570271015	1
12.609880209	1
12.7166461945	-1
13.1097741127	-1
13.3232681751	-1
13.3406112194	-1
13.3406112194	-1
13.3860731125	-1
13.3860731125	-1
13.4938321114	-1
13.5567450523	-1
13.559980154	1
14.0521221161	-1
14.0533621311	1
14.1159701347	1
14.7481691837	-1
14.7567391396	1
14.7659192085	1
14.7659192085	1
14.7659192085	1
14.8196051121	1
14.9241011143	-1
15.0051810741	1
15.0677621365	1
15.1790201664	-1
15.6992621422	-1
15.7214591503	-1
15.7214591503	-1
15.7214591503	-1
15.7214591503	-1
15.7214591503	-1
15.7214591503	-1
15.7622730732	-1
15.7622730732	-1
15.7981920242	1
15.7981920242	1
15.8070650101	1
15.8608231544	1
15.8608231544	1
15.877177	-1
16.0058150291	1
16.0058150291	1
16.0058150291	1
16.0685281754	1
16.0998210907	-1
16.1009709835	1
16.1009709835	1
16.1009709835	1
16.1009709835	1
16.1009709835	1
16.1637442112	1
16.2688310146	-1
16.3688290119	-1
16.3688290119	-1
16.4144151211	-1
16.4144151211	-1
16.46884799	-1
16.46884799	-1
16.46884799	-1
16.5769131184	-1
16.5810492039	-1
16.5810492039	-1
16.5831370354	-1
16.5831370354	-1
16.5831370354	-1
16.5831370354	-1
16.5831370354	-1
16.5831370354	-1
16.5844891071	-1
16.5844891071	-1
16.5844891071	-1
16.5844891071	-1
16.5844891071	-1
16.5844891071	-1
16.585062027	-1
16.585062027	-1
16.585062027	-1
16.585062027	-1
16.585062027	-1
16.6398851871	-1
16.6398851871	-1
16.6398851871	-1
16.6398851871	-1
16.6398851871	-1
16.6398851871	-1
16.6400229931	-1
16.6400229931	-1
16.6407461166	1
16.7568380833	-1
16.7568380833	-1
16.7572681904	-1
16.7572681904	-1
16.7572681904	-1
16.7572681904	-1
16.7572681904	-1
16.7588441372	-1
16.7588441372	-1
16.7589671612	-1
16.7589671612	-1
16.7589671612	-1
16.7589671612	-1
16.7593150139	-1
16.7594370842	-1
16.7594370842	-1
16.7594370842	-1
16.7594370842	-1
16.7594370842	-1
16.759827137	-1
16.7602159977	-1
16.7602159977	-1
16.7602159977	-1
16.7602159977	-1
16.7602159977	-1
16.7602159977	-1
16.761038065	1
16.8200960159	-1
16.8200960159	-1
16.8200960159	-1
16.8200960159	-1
16.8200960159	-1
16.8200960159	-1
16.8203411102	-1
16.8204641342	-1
16.8204641342	-1
16.8204641342	-1
16.8204641342	-1
16.8204641342	-1
16.8205871582	-1
16.8440361023	-1
16.8440361023	-1
16.8440361023	-1
16.8440361023	-1
16.8440361023	-1
16.8833971024	-1
16.8833971024	-1
16.9346330166	-1
16.9346330166	-1
16.9346330166	-1
16.9346330166	-1
16.9346330166	-1
16.9346330166	-1
16.9351451397	-1
16.9351451397	-1
16.9352891445	-1
16.9352891445	-1
16.9357390404	-1
16.9357390404	-1
16.9357390404	-1
16.9357390404	-1
16.9357390404	-1
16.9357390404	-1
16.9359841347	-1
16.9359841347	-1
16.9359841347	-1
16.9359841347	-1
16.9359841347	-1
16.9363930225	-1
16.9363930225	-1
16.9363930225	-1
16.9363930225	-1
16.9363930225	-1
16.9363930225	-1
16.983148098	-1
16.983148098	-1
16.9832701683	-1
16.9832701683	-1
16.9832701683	-1
16.9832701683	-1
16.9832701683	-1
16.9832701683	-1
16.984000206	1
16.9976871014	-1
16.9976871014	-1
16.9976871014	-1
16.9976871014	-1
16.9976871014	-1
16.9976871014	-1
16.9976871014	-1
16.9976871014	-1
16.9976871014	-1
16.9980552197	-1
16.9980552197	-1
16.9980552197	-1
16.9980552197	-1
16.9980552197	-1
16.9980552197	-1
16.9980552197	-1
16.9989361763	-1
16.9989361763	-1
16.9989361763	-1
16.9989361763	-1
16.9989361763	-1
16.9989361763	-1
16.9989361763	-1
16.9989361763	-1
16.9991810322	-1
17.044522047	-1
17.044522047	-1
17.044522047	-1
17.044522047	-1
17.044522047	-1
17.044522047	-1
17.044522047	-1
17.0867331028	1
17.1008172035	-1
17.1101970673	-1
17.1101970673	-1
17.1101970673	-1
17.1101970673	-1
17.1101970673	-1
17.1101970673	-1
17.1101970673	-1
17.1104450226	-1
17.1104450226	-1
17.1104450226	-1
17.1104450226	-1
17.1104450226	-1
17.1104450226	-1
17.1104450226	-1
17.1104450226	-1
17.1114661694	-1
17.1117110252	-1
17.1117110252	-1
17.1117110252	-1
17.1117110252	-1
17.1117110252	-1
17.1117110252	-1
17.1117110252	-1
17.1117110252	-1
17.1122851372	-1
17.1122851372	-1
17.1122851372	-1
17.1122851372	-1
17.1122851372	-1
17.1122851372	-1
17.1122851372	-1
17.1130640507	-1
17.1130640507	-1
17.1130640507	-1
17.1130640507	-1
17.1635651588	-1
17.1635770798	1
17.1905150414	1
17.1905150414	1
17.190926075	1
17.190926075	1
17.190926075	1
17.190926075	1
17.190926075	1
17.190926075	1
17.190926075	1
17.190926075	1
17.190926075	1
17.190926075	1
17.1909592152	1
17.1909592152	1
17.1909592152	1
17.1909592152	1
17.1909592152	1
17.2116560936	1
17.2534601688	1
17.2534601688	1
17.5269989967	-1
17.5522902012	-1
17.5522902012	-1
17.5522902012	-1
17.5550751686	-1
17.5550751686	-1
17.5551970005	-1
17.5551970005	-1
17.5551970005	-1
17.5551970005	-1
17.5551970005	-1
17.5551970005	-1
17.6151192188	-1
17.6275901794	-1
17.6275901794	-1
17.6275901794	-1
17.6275901794	-1
17.6275901794	-1
17.6326491833	-1
17.6326491833	-1
17.6326491833	-1
17.6326491833	-1
17.6358840466	-1
17.6363341808	-1
17.6363341808	-1
17.6363341808	-1
17.6363341808	-1
17.6363341808	-1
17.6429891586	1
17.6476180553	-1
17.6906239986	-1
17.6906239986	-1
17.6906239986	-1
17.6906239986	-1
17.6906239986	-1
17.6907470226	-1
17.6907470226	-1
17.7093811035	-1
17.7093811035	-1
17.7093811035	-1
17.7093811035	-1
17.7093811035	-1
17.7096271515	-1
17.7096271515	-1
17.7096271515	-1
17.710627079	1
17.7337510586	-1
17.7337510586	-1
17.7337510586	-1
17.7341401577	-1
17.7341401577	-1
17.7341401577	-1
17.7488851547	-1
17.7488851547	-1
17.7488851547	-1
17.7490069866	-1
17.7491300106	-1
17.7491300106	-1
17.7491300106	-1
17.7491300106	-1
17.7535741329	-1
17.7535741329	-1
17.8062870502	-1
17.8062870502	-1
17.8062870502	-1
17.8062870502	-1
17.8062870502	-1
17.8062870502	-1
17.8112831116	-1
17.8112831116	-1
17.8112831116	-1
17.8112831116	-1
17.8112831116	-1
17.8112831116	-1
17.8112831116	-1
17.8112831116	-1
17.8116919994	-1
17.8116919994	-1
17.8116919994	-1
17.8116919994	-1
17.8116919994	-1
17.8116919994	-1
17.8116919994	-1
17.8123691082	-1
17.8127779961	-1
17.8127779961	-1
17.8127779961	-1
17.8127779961	-1
17.8127779961	-1
17.8127779961	-1
17.8163001537	-1
17.8170871735	1
17.8259670734	-1
17.8259670734	-1
17.8789851665	-1
17.8789851665	-1
17.8874640465	-1
17.8874640465	-1
17.8874640465	-1
17.8874640465	-1
17.8874640465	-1
17.8877091408	-1
17.8877091408	-1
17.8877091408	-1
17.8877091408	-1
17.8877091408	-1
17.8878321648	-1
17.9052190781	-1
17.9052190781	-1
17.9052190781	-1
17.9052190781	-1
17.9052190781	-1
17.9052190781	-1
17.9052190781	-1
17.9071850777	-1
17.907307148	-1
17.907307148	-1
17.907307148	-1
17.907307148	-1
17.907307148	-1
17.907307148	-1
17.907307148	-1
17.907553196	-1
17.9076762199	-1
17.9076762199	-1
17.9076762199	-1
17.9076762199	-1
17.9076762199	-1
17.9076762199	-1
17.9076762199	-1
17.9076762199	-1
17.9248580933	-1
17.9248580933	-1
17.9248580933	-1
17.9248580933	-1
17.9423060417	-1
17.9423060417	-1
17.9840421677	-1
17.9840421677	-1
17.9840421677	-1
17.9840421677	-1
17.9840421677	-1
17.9840421677	-1
17.9859449863	-1
17.9859449863	-1
17.9859449863	-1
17.9859449863	-1
17.9859449863	-1
17.9859449863	-1
17.9859449863	-1
17.9859449863	-1
17.9859449863	-1
17.9863131046	-1
17.9863131046	-1
17.9863131046	-1
17.9863131046	-1
17.9863131046	-1
17.9863131046	-1
17.9863131046	-1
17.9877471924	-1
17.9877471924	-1
17.9877471924	-1
17.9877471924	-1
17.9877471924	-1
17.9877471924	-1
17.9877471924	-1
17.9877471924	-1
17.9877471924	-1
17.9877610207	1
17.9877610207	1
18.0018570423	-1
18.0018811226	-1
18.0018811226	-1
18.0018811226	-1
18.0018811226	-1
18.0018811226	-1
18.0018811226	-1
18.0056040287	-1
18.0471360683	-1
18.0471360683	-1
18.0471360683	-1
18.0471360683	-1
18.0471360683	-1
18.0471360683	-1
18.0471360683	-1
18.0607550144	-1
18.0607671738	1
18.0608971119	-1
18.0608971119	-1
18.0608971119	-1
18.0608971119	-1
18.0608971119	-1
18.0608971119	-1
18.0608971119	-1
18.0633962154	-1
18.0635590553	-1
18.0635590553	-1
18.0635590553	-1
18.0635590553	-1
18.0635590553	-1
18.0635590553	-1
18.0635590553	-1
18.0635590553	-1
18.0805571079	-1
18.0805571079	-1
18.0805571079	-1
18.0805571079	-1
18.0805571079	-1
18.0805571079	-1
18.0805571079	-1
18.0808022022	-1
18.0809249878	-1
18.0809249878	-1
18.0809249878	-1
18.0809249878	-1
18.0809249878	-1
18.0809249878	-1
18.0809249878	-1
18.0809249878	-1
18.0811710358	-1
18.104763031	-1
18.104763031	-1
18.1626651287	1
18.1626651287	1
18.5383410454	-1
18.5737051964	-1
18.5737051964	-1
18.5852952003	-1
18.5852952003	-1
18.5852952003	-1
18.5852952003	-1
18.5852952003	-1
18.6010630131	-1
18.6010630131	-1
18.6062240601	-1
18.6062240601	-1
18.6062240601	-1
18.6062240601	-1
18.6062240601	-1
18.6120390892	-1
18.6120390892	-1
18.6120390892	-1
18.6120390892	-1
18.6120390892	-1
18.6120390892	-1
18.6135962009	-1
18.6135962009	-1
18.6135962009	-1
18.6135962009	-1
18.6135962009	-1
18.6366550922	-1
18.6366550922	-1
18.6366550922	-1
18.6374311447	1
18.6638300419	-1
18.6638300419	-1
18.7327411175	-1
18.7327411175	-1
18.7327411175	-1
18.76308918	-1
18.8534600735	1
18.8651461601	1
18.8651461601	1
18.8651461601	1
18.8651461601	1
18.8651461601	1
18.8703620434	1
18.8703620434	1
18.9284050465	1
19.2854630947	-1
19.3062050343	-1
19.3062050343	-1
19.3062050343	-1
19.3067371845	-1
19.3067371845	-1
19.3067371845	-1
19.3067371845	-1
19.3067371845	-1
19.3067371845	-1
19.3123891354	-1
19.3127779961	-1
19.3127779961	-1
19.3127779961	-1
19.3127779961	-1
19.3127779961	-1
19.3127779961	-1
19.3127779961	-1
19.3691351414	-1
19.3691601753	-1
19.3691601753	-1
19.3691601753	-1
19.3692560196	-1
19.3703861237	1
19.4693992138	-1
19.4693992138	-1
19.4693992138	-1
19.4693992138	-1
19.4693992138	-1
19.4716920853	-1
19.4797401428	-1
19.4797401428	-1
19.4797401428	-1
19.4797401428	-1
19.4797401428	-1
19.4806611538	-1
19.4806611538	-1
19.4806611538	-1
19.532761097	-1
19.6000151634	1
19.7026400566	1
20.0794200897	-1
20.3126721382	-1
20.3946650028	-1
20.4882941246	-1
20.4882941246	-1
20.4882941246	-1
20.4882941246	-1
20.5511012077	-1
20.5559570789	1
21.0548560619	-1
21.0560691357	1
21.6093990803	-1
21.6156330109	1
21.6237261295	1
21.6237261295	1
21.6784250736	1
21.7869260311	-1
22.1529841423	-1
22.416809082	-1
22.5924332142	-1
22.5924332142	-1
22.5924332142	-1
22.5924332142	-1
22.5924332142	-1
22.6553640366	-1
22.6597800255	1
23.1827549934	-1
23.1839790344	1
23.6447901726	-1
23.6501300335	1
23.6562180519	1
23.6562180519	1
23.7127430439	1
23.8206830025	-1
24.2780311108	-1
24.4776160717	-1
24.4996511936	-1
24.4996511936	-1
24.4996511936	-1
24.5405461788	-1
24.6538360119	-1
