0.0	1
0.0	1
0.0	1
0.0631289482117	1
0.304491043091	1
0.321856975555	-1
0.321856975555	-1
0.367584943771	1
0.535465955734	-1
0.744024038315	-1
0.972913980484	-1
0.999830961227	1
1.03611302376	-1
1.06295490265	1
1.16606593132	-1
1.16606593132	-1
1.16606593132	-1
1.16606593132	-1
1.22952890396	-1
1.23463392258	1
1.85360693932	-1
1.85495996475	1
1.91799688339	1
2.00065302849	1
2.00222492218	1
2.00222492218	1
2.00222492218	1
2.00222492218	1
2.00234508514	1
2.00234508514	1
2.00234508514	1
2.00234508514	1
2.06378793716	1
2.42085909843	-1
2.52054595947	-1
2.622590065	-1
2.63047194481	1
2.63485097885	1
2.63485097885	1
2.68577003479	-1
2.69354987144	1
3.00111794472	1
3.00111794472	1
3.00111794472	1
3.06429886818	1
3.15921092033	-1
3.33609104156	-1
3.39926195145	-1
3.51330804825	-1
3.51330804825	-1
3.51330804825	-1
3.51330804825	-1
3.51330804825	-1
3.57658696175	-1
3.58101606369	1
4.00186800957	1
4.00438594818	-1
4.00563406944	1
4.00563406944	1
4.06507086754	1
4.36233186722	-1
4.8189060688	-1
4.82619404793	1
4.84612488747	1
4.84612488747	1
4.88933396339	1
4.99607801437	-1
5.00193095207	1
5.06501293182	1
5.32213187218	-1
5.48909401894	-1
6.0245859623	-1
6.02487587929	-1
6.02487587929	-1
6.02487587929	-1
6.02487587929	-1
6.02487587929	-1
6.08772301674	-1
6.09221100807	1
6.53026103973	-1
6.53153991699	1
6.59466195107	1
7.00340008736	1
7.00384807587	1
7.00384807587	1
7.06668591499	1
7.33497309685	-1
7.51207900047	-1
7.518846035	1
7.52781009674	1
7.52781009674	1
7.57520890236	-1
7.58194804192	1
7.71077990532	-1
8.0598359108	-1
8.24454593658	-1
8.27553796768	-1
8.27553796768	-1
8.27553796768	-1
8.27553796768	-1
8.27553796768	-1
8.30764698982	-1
8.30832099915	1
8.3714530468	1
9.14403986931	-1
9.14526200294	1
9.2083799839	1
9.87473607063	-1
9.88300204277	1
9.89228987694	1
9.89228987694	1
9.94622802734	-1
9.94626903534	1
10.4263300896	-1
10.6131150723	-1
10.6762850285	-1
10.7811470032	-1
10.7811470032	-1
10.7811470032	-1
10.7811470032	-1
10.8444600105	-1
10.8486049175	1
11.4142789841	-1
11.4154670238	1
11.4785590172	1
12.0607140064	-1
12.0676488876	1
12.0771300793	1
12.0771300793	1
12.1307470798	1
12.2388110161	-1
12.7688190937	-1
12.8548760414	-1
12.9180738926	-1
12.9462680817	-1
12.9462680817	-1
12.9462680817	-1
12.9462680817	-1
12.9813668728	-1
12.985724926	1
13.0489039421	1
13.0489039421	1
13.4739608765	-1
13.5967230797	-1
13.5967230797	-1
13.6004378796	1
13.6635038853	1
14.0048120022	1
14.0048120022	1
14.0048120022	1
14.0679790974	1
14.2311589718	-1
14.2382080555	1
14.243336916	1
14.243336916	1
14.243336916	1
14.3013300896	1
14.339550972	-1
14.4467070103	-1
14.5098240376	-1
15.4291279316	-1
15.8562839031	-1
15.8738179207	-1
15.8738179207	-1
15.8874020576	1
15.8874020576	1
15.9194839001	-1
15.950496912	1
15.9665679932	-1
15.9665679932	-1
15.9665679932	-1
15.9665679932	-1
15.9665679932	-1
15.9785149097	1
15.9785149097	1
16.0139200687	-1
16.0139670372	1
16.1986899376	-1
16.2001709938	1
16.2001709938	1
16.2001709938	1
16.2001709938	1
16.2001709938	1
16.2635350227	1
16.3726320267	-1
16.4189779758	-1
16.4189779758	-1
16.4190380573	-1
16.4190380573	-1
16.4190380573	-1
16.4190380573	-1
16.4190380573	-1
16.4190380573	-1
16.4190380573	-1
16.4193689823	-1
16.4193689823	-1
16.4193689823	-1
16.4193689823	-1
16.4193689823	-1
16.4193689823	-1
16.4193689823	-1
16.4725880623	-1
16.4725880623	-1
16.6014208794	-1
16.6014208794	-1
16.6014208794	-1
16.6014208794	-1
16.6014208794	-1
16.6014208794	-1
16.6014208794	-1
16.6027500629	-1
16.6027500629	-1
16.6027500629	-1
16.6027500629	-1
16.6027500629	-1
16.6027500629	-1
16.6027500629	-1
16.6033270359	-1
16.6033270359	-1
16.6033270359	-1
16.6033270359	-1
16.6033270359	-1
16.6033270359	-1
16.6033270359	-1
16.6344940662	-1
16.6646370888	-1
16.6646370888	-1
16.7737579346	-1
16.7737579346	-1
16.7737579346	-1
16.7737579346	-1
16.7737579346	-1
16.7737579346	-1
16.7737579346	-1
16.7737579346	-1
16.7743499279	-1
16.7743499279	-1
16.7743499279	-1
16.7743499279	-1
16.7743499279	-1
16.7743499279	-1
16.7747340202	-1
16.7747340202	-1
16.7747340202	-1
16.7747340202	-1
16.7747340202	-1
16.7747340202	-1
16.7747340202	-1
16.7749800682	-1
16.7749800682	-1
16.7765469551	1
16.8139660358	-1
16.8139660358	-1
16.8371698856	-1
16.8371698856	-1
16.8371698856	-1
16.8371698856	-1
16.8371698856	-1
16.8371698856	-1
16.8371698856	-1
16.8371698856	-1
16.8374018669	-1
16.8770880699	1
16.9501280785	-1
16.9501280785	-1
16.9501280785	-1
16.9501280785	-1
16.9501280785	-1
16.9501280785	-1
16.9507069588	-1
16.9507069588	-1
16.9507069588	-1
16.9507069588	-1
16.9507069588	-1
16.9507069588	-1
16.9507069588	-1
16.9507069588	-1
16.9507069588	-1
16.9507069588	-1
16.9510760307	-1
16.9510760307	-1
16.9510760307	-1
16.9510760307	-1
16.9510760307	-1
16.9513208866	-1
16.9514138699	-1
16.9514138699	-1
16.9514138699	-1
16.9514138699	-1
16.9514138699	-1
16.9514138699	-1
16.9514138699	-1
17.0136919022	-1
17.0136919022	-1
17.0138020515	-1
17.0138020515	-1
17.0138020515	-1
17.0138020515	-1
17.0138020515	-1
17.0139229298	-1
17.1274349689	-1
17.1274349689	-1
17.1274349689	-1
17.1274349689	-1
17.1274349689	-1
17.1274349689	-1
17.1292769909	-1
17.1292769909	-1
17.1292769909	-1
17.1292769909	-1
17.1292769909	-1
17.1292769909	-1
17.1292769909	-1
17.1292769909	-1
17.1299750805	-1
17.1299750805	-1
17.1299750805	-1
17.1299750805	-1
17.1299750805	-1
17.1299750805	-1
17.1299750805	-1
17.1299750805	-1
17.1316108704	-1
17.1316108704	-1
17.1316108704	-1
17.1316108704	-1
17.1316108704	-1
17.1316108704	-1
17.1316108704	-1
17.1316108704	-1
17.132183075	-1
17.1326489449	1
17.1668889523	-1
17.1668889523	-1
17.1668889523	-1
17.1668889523	-1
17.1668889523	-1
17.1668889523	-1
17.1668889523	-1
17.191286087	-1
17.2116959095	-1
17.2116959095	-1
17.2116959095	-1
17.2116959095	-1
17.2116959095	-1
17.2116959095	-1
17.2116959095	-1
17.2751870155	-1
17.3052120209	-1
17.3052120209	-1
17.3052120209	-1
17.3052120209	-1
17.3052120209	-1
17.3052120209	-1
17.3052120209	-1
17.3052120209	-1
17.3055610657	-1
17.3055610657	-1
17.3055610657	-1
17.3055610657	-1
17.3055610657	-1
17.3055610657	-1
17.3055610657	-1
17.3057179451	-1
17.3059289455	-1
17.3059289455	-1
17.3059289455	-1
17.3059289455	-1
17.3059289455	-1
17.3072140217	1
17.3385698795	-1
17.3460929394	1
17.3460929394	1
17.3473279476	1
17.3473279476	1
17.3473279476	1
17.3474030495	1
17.3474030495	1
17.3474030495	1
17.3474030495	1
17.3474030495	1
17.3474030495	1
17.3474030495	1
17.3474030495	1
17.3474509716	1
17.3474509716	1
17.3474509716	1
17.3474509716	1
17.3474509716	1
17.4090659618	1
17.4090659618	1
17.4090659618	1
17.6227929592	-1
17.6227929592	-1
17.6227929592	-1
17.6227929592	-1
17.6227929592	-1
17.6227929592	-1
17.6227929592	-1
17.6397709846	-1
17.6397709846	-1
17.6402649879	-1
17.6402649879	-1
17.6402649879	-1
17.6402649879	-1
17.6402649879	-1
17.6402649879	-1
17.6402649879	-1
17.6407749653	-1
17.6407749653	-1
17.6407749653	-1
17.6407749653	-1
17.6407749653	-1
17.6407749653	-1
17.6407749653	-1
17.6863999367	-1
17.6863999367	-1
17.6863999367	-1
17.6863999367	-1
17.6863999367	-1
17.6863999367	-1
17.6866269112	-1
17.6866269112	-1
17.6866269112	-1
17.6866269112	-1
17.6866269112	-1
17.6866269112	-1
17.6866269112	-1
17.6866269112	-1
17.7038309574	-1
17.8025739193	-1
17.8025739193	-1
17.8025739193	-1
17.8025739193	-1
17.8025739193	-1
17.8025739193	-1
17.8025739193	-1
17.8034179211	-1
17.8034179211	-1
17.8034179211	-1
17.8034179211	-1
17.803663969	-1
17.8040719032	-1
17.8040719032	-1
17.8040719032	-1
17.8040719032	-1
17.8040719032	-1
17.8040719032	-1
17.8040719032	-1
17.8046679497	1
17.8048739433	-1
17.8048739433	-1
17.8053040504	-1
17.8165230751	-1
17.8165230751	-1
17.8165230751	-1
17.8165230751	-1
17.8165230751	-1
17.8165230751	-1
17.8165230751	-1
17.8165230751	-1
17.8165230751	-1
17.8165230751	-1
17.8551828861	-1
17.8551828861	-1
17.8551828861	-1
17.8551828861	-1
17.8551828861	-1
17.8665289879	-1
17.8665289879	-1
17.8666350842	-1
17.8666350842	-1
17.8666350842	-1
17.8666350842	-1
17.8666350842	-1
17.8666350842	-1
17.8666350842	-1
17.8668789864	-1
17.8670039177	-1
17.8670039177	-1
17.8670039177	-1
17.8670039177	-1
17.8670039177	-1
17.8670039177	-1
17.8670039177	-1
17.8680620193	-1
17.8680870533	1
17.8681120872	-1
17.8681120872	-1
17.8681120872	-1
17.8681120872	-1
17.8681120872	-1
17.8681120872	-1
17.8682999611	-1
17.9690680504	1
17.9775738716	-1
17.9775738716	-1
17.9775738716	-1
17.9775738716	-1
17.9775738716	-1
17.9775738716	-1
17.9775738716	-1
17.9775738716	-1
17.978345871	-1
17.978345871	-1
17.978345871	-1
17.978345871	-1
17.978345871	-1
17.978345871	-1
17.978345871	-1
17.9787549973	-1
17.9787549973	-1
17.9787549973	-1
17.9787549973	-1
17.9787549973	-1
17.9787549973	-1
17.9787549973	-1
17.9787549973	-1
17.9944610596	-1
17.9944610596	-1
17.9944610596	-1
17.9944610596	-1
17.9944610596	-1
17.9944610596	-1
17.9944610596	-1
17.9944610596	-1
17.9944610596	-1
17.9948089123	-1
17.9948089123	-1
17.9948089123	-1
17.9948089123	-1
17.9948089123	-1
17.9948089123	-1
17.9948089123	-1
17.9955890179	-1
17.9955890179	-1
17.9955890179	-1
17.9955890179	-1
17.9955890179	-1
17.9955890179	-1
17.9955890179	-1
17.9955890179	-1
18.0324170589	-1
18.0324170589	-1
18.0324170589	-1
18.0324170589	-1
18.0324170589	-1
18.0324170589	-1
18.0324170589	-1
18.0324170589	-1
18.0324549675	1
18.0326559544	-1
18.0326559544	-1
18.0326559544	-1
18.0326559544	-1
18.0326559544	-1
18.0326559544	-1
18.0326559544	-1
18.0326559544	-1
18.0424730778	-1
18.0425870419	-1
18.0425870419	-1
18.0425870419	-1
18.0425870419	-1
18.0425870419	-1
18.0425870419	-1
18.0425870419	-1
18.0425870419	-1
18.0428369045	-1
18.1544160843	-1
18.1544160843	-1
18.1544160843	-1
18.1544160843	-1
18.1544160843	-1
18.1544160843	-1
18.1544160843	-1
18.1544160843	-1
18.1549139023	-1
18.1549139023	-1
18.1549139023	-1
18.1549139023	-1
18.1549139023	-1
18.1549139023	-1
18.1552820206	-1
18.1552820206	-1
18.1552820206	-1
18.1552820206	-1
18.1552820206	-1
18.1552820206	-1
18.1552820206	-1
18.1552820206	-1
18.1566610336	1
18.170290947	-1
18.1704399586	-1
18.1704399586	-1
18.1704399586	-1
18.1704399586	-1
18.1704399586	-1
18.1704399586	-1
18.1704399586	-1
18.1704399586	-1
18.1707849503	-1
18.1707849503	-1
18.1707849503	-1
18.1707849503	-1
18.1707849503	-1
18.1707849503	-1
18.1707849503	-1
18.1710290909	-1
18.2177848816	-1
18.257060051	1
18.257060051	1
18.6594018936	-1
18.6604990959	1
19.056566	-1
19.056566	-1
19.056566	-1
19.056566	-1
19.056566	-1
19.056566	-1
19.056566	-1
19.0652360916	-1
19.0652360916	-1
19.0652360916	-1
19.0652360916	-1
19.0652360916	-1
19.0652360916	-1
19.0652360916	-1
19.0652360916	-1
19.0725979805	-1
19.0725979805	-1
19.1202149391	-1
19.1202149391	-1
19.1202149391	-1
19.1202149391	-1
19.1202149391	-1
19.1202149391	-1
19.1202149391	-1
19.1204609871	-1
19.1204609871	-1
19.1204609871	-1
19.1204609871	-1
19.1204609871	-1
19.1205830574	-1
19.2333068848	-1
19.2333068848	-1
19.2333068848	-1
19.2967839241	-1
19.4058458805	1
19.4189798832	1
19.4189798832	1
19.4189798832	1
19.4189798832	1
19.4189798832	1
19.4217829704	1
19.4217829704	1
19.4689800739	1
19.7238678932	-1
19.73656106	-1
19.73656106	-1
19.7366158962	-1
19.7366158962	-1
19.7366158962	-1
19.7366158962	-1
19.7366158962	-1
19.7366158962	-1
19.7366158962	-1
19.7871398926	-1
19.8198978901	-1
19.8198978901	-1
19.8198978901	-1
19.8198978901	-1
19.8198978901	-1
19.8198978901	-1
19.8198978901	-1
19.8198978901	-1
19.8206899166	1
19.8321490288	-1
19.8321490288	-1
19.832504034	-1
19.832504034	-1
19.832504034	-1
19.832504034	-1
19.832504034	-1
19.832504034	-1
19.832504034	-1
19.8503789902	-1
19.9711899757	-1
19.9711899757	-1
19.9711899757	-1
19.9711899757	-1
19.9711899757	-1
19.9711899757	-1
19.9711899757	-1
20.0347719193	-1
20.1446790695	1
20.2077620029	1
20.809417963	-1
20.9210419655	-1
20.9215269089	1
20.9510450363	-1
20.9510450363	-1
20.9510450363	-1
20.9510450363	-1
20.9510450363	-1
20.9842588902	-1
20.9893050194	1
21.5073559284	-1
21.5086209774	1
22.0879878998	-1
22.0922489166	1
22.0960969925	1
22.0960969925	1
22.1555359364	-1
22.155577898	1
22.6137480736	-1
22.7889409065	-1
22.8521170616	-1
22.8699760437	-1
22.8699760437	-1
22.8699760437	-1
22.8699760437	-1
22.9154369831	-1
22.9203519821	1
23.353331089	-1
23.354393959	1
23.8097450733	-1
23.8205780983	1
23.8247199059	1
23.8247199059	1
23.8836629391	1
23.9863269329	-1
24.3493349552	-1
24.5390679836	-1
24.5666110516	-1
24.5666110516	-1
24.5666110516	-1
24.5666110516	-1
24.5666110516	-1
24.6022250652	-1
24.6074039936	1
