0.0	-1
0.610426902771	-1
0.718894958496	1
0.830446958542	1
0.942108869553	1
1.22388100624	-1
1.52493906021	-1
1.57698988914	-1
1.57698988914	-1
1.57698988914	-1
1.57698988914	-1
1.57698988914	-1
1.57698988914	-1
1.64166307449	1
1.94219303131	1
2.05524992943	-1
2.05651092529	1
2.20723700523	1
2.73068499565	-1
2.73928594589	1
2.7551920414	1
2.7551920414	1
2.7551920414	1
2.85103607178	-1
3.06804299355	-1
3.21659708023	-1
3.45455694199	-1
3.49987888336	-1
3.49987888336	-1
3.49987888336	-1
3.49987888336	-1
3.49987888336	-1
3.49987888336	-1
3.57055306435	1
3.99783802032	-1
3.99905085564	1
4.11063694954	1
4.6446120739	-1
4.65456295013	1
4.67053794861	1
4.67053794861	1
4.67053794861	1
4.76636099815	-1
4.94320702553	1
5.05507397652	1
5.09760189056	-1
5.26611995697	-1
5.28936290741	-1
5.28936290741	-1
5.28936290741	-1
5.28936290741	-1
5.28936290741	-1
5.28936290741	-1
5.38201093674	1
5.73660087585	-1
5.7379450798	1
5.8495080471	1
5.96107602119	1
6.2941699028	-1
6.30104088783	1
6.31145000458	1
6.31145000458	1
6.31145000458	1
6.41282296181	-1
6.62162208557	-1
6.77261185646	-1
6.90197706223	-1
6.92331385612	-1
6.92331385612	-1
6.92331385612	-1
6.92331385612	-1
6.92331385612	-1
6.92331385612	-1
6.9441049099	1
7.05601096153	1
7.05601096153	1
7.16461205482	-1
7.27633595467	-1
7.47923898697	-1
7.48051404953	1
7.59206104279	1
7.94470500946	1
8.08670687675	-1
8.09483599663	1
8.10113191605	1
8.10113191605	1
8.10113191605	1
8.20669102669	-1
8.53920197487	-1
8.69438290596	-1
8.71729803085	-1
8.71729803085	-1
8.71729803085	-1
8.71729803085	-1
8.71729803085	-1
8.71729803085	-1
8.80669808388	1
8.91831803322	1
9.02987885475	1
9.02987885475	1
9.18372488022	-1
9.33258485794	-1
9.33382987976	1
9.44547104836	1
9.87453103065	-1
9.88151693344	1
9.89556789398	1
9.89556789398	1
9.89556789398	1
9.9453830719	1
9.9453830719	1
9.94704389572	1
9.94704389572	1
9.94704389572	1
9.9471988678	1
9.9471988678	1
9.9471988678	1
9.99331998825	-1
10.1689739227	-1
10.320515871	-1
10.4321858883	-1
10.4565348625	-1
10.4565348625	-1
10.4565348625	-1
10.4565348625	-1
10.4565348625	-1
10.4565348625	-1
10.5483019352	1
10.8910150528	-1
10.8923289776	1
10.9458398819	1
10.9458398819	1
10.9458398819	1
10.9458398819	1
10.9458398819	1
11.1830358505	-1
11.4336760044	-1
11.4405429363	1
11.4460830688	1
11.4460830688	1
11.4460830688	1
11.4460830688	1
11.5453469753	-1
11.5521609783	1
11.7295930386	-1
11.8805639744	-1
11.8810610771	1
12.2320358753	-1
12.2547230721	-1
12.2547230721	-1
12.2547230721	-1
12.2547230721	-1
12.2547230721	-1
12.2547230721	-1
12.2547230721	-1
12.2547230721	-1
12.2695970535	1
12.3811869621	1
12.3811869621	1
12.4930489063	-1
12.4941749573	1
12.4943499565	1
12.4943499565	1
12.4943499565	1
12.4943499565	1
12.4943499565	1
12.4943499565	1
12.6059150696	-1
12.6276569366	-1
12.6276569366	-1
12.6276569366	-1
12.6276569366	-1
12.8662619591	-1
12.9046568871	-1
12.9046568871	-1
12.9046568871	-1
12.9046568871	-1
12.9046568871	-1
12.9046568871	-1
12.9046568871	-1
12.9046568871	-1
12.904886961	-1
12.904886961	-1
12.904886961	-1
12.904886961	-1
12.904886961	-1
12.904886961	-1
12.904886961	-1
12.9116799831	-1
12.9116799831	-1
12.9116799831	-1
12.9116799831	-1
12.9116799831	-1
12.9116799831	-1
12.9116799831	-1
12.9116799831	-1
12.9249210358	-1
12.9249210358	-1
12.9249210358	-1
12.9249210358	-1
12.9249210358	-1
12.9249210358	-1
12.9249210358	-1
12.9249210358	-1
13.0166580677	-1
13.0166580677	-1
13.0166580677	-1
13.0166580677	-1
13.0166580677	-1
13.0166580677	-1
13.0166580677	-1
13.0166580677	-1
13.0176808834	-1
13.0176808834	-1
13.0176808834	-1
13.0176808834	-1
13.0176808834	-1
13.0176808834	-1
13.0176808834	-1
13.0180709362	-1
13.0182950497	-1
13.0182950497	-1
13.0182950497	-1
13.0182950497	-1
13.0182950497	-1
13.0182950497	-1
13.0182950497	-1
13.0182950497	-1
13.0190119743	-1
13.0190119743	-1
13.0190119743	-1
13.0190119743	-1
13.0190119743	-1
13.0190119743	-1
13.0190119743	-1
13.0190119743	-1
13.0194089413	1
13.0235998631	-1
13.0236349106	-1
13.0236349106	-1
13.0236349106	-1
13.0236349106	-1
13.0236349106	-1
13.0236349106	-1
13.0236349106	-1
13.0236349106	-1
13.0766968727	-1
13.0766968727	-1
13.0766968727	-1
13.0766968727	-1
13.0766968727	-1
13.0766968727	-1
13.0766968727	-1
13.0905199051	-1
13.0905199051	-1
13.0905199051	-1
13.0905199051	-1
13.0905199051	-1
13.0905199051	-1
13.0905199051	-1
13.1286928654	-1
13.1286928654	-1
13.1286928654	-1
13.1286928654	-1
13.1286928654	-1
13.1286928654	-1
13.1286928654	-1
13.1286928654	-1
13.1295220852	-1
13.1295220852	-1
13.1295220852	-1
13.1295220852	-1
13.1295220852	-1
13.1295220852	-1
13.1295220852	-1
13.1295220852	-1
13.1299040318	-1
13.1299040318	-1
13.1299040318	-1
13.1299040318	-1
13.1299040318	-1
13.1299040318	-1
13.1299040318	-1
13.1299040318	-1
13.1299040318	-1
13.1303539276	-1
13.1303539276	-1
13.1303539276	-1
13.1303539276	-1
13.1303539276	-1
13.1303539276	-1
13.1303539276	-1
13.1303539276	-1
13.1308450699	-1
13.1308450699	-1
13.1308450699	-1
13.1308450699	-1
13.1308450699	-1
13.1308450699	-1
13.1308450699	-1
13.1308450699	-1
13.1310920715	-1
13.1310920715	-1
13.1310920715	-1
13.1310920715	-1
13.1310920715	-1
13.1310920715	-1
13.1310920715	-1
13.1310920715	-1
13.1354808807	1
13.1354808807	1
13.1356799603	-1
13.1356799603	-1
13.1356799603	-1
13.1356799603	-1
13.1356799603	-1
13.1356799603	-1
13.1356799603	-1
13.1360690594	-1
13.1360690594	-1
13.1360690594	-1
13.1360690594	-1
13.1360690594	-1
13.1360690594	-1
13.1360690594	-1
13.1360690594	-1
13.1885919571	-1
13.1885919571	-1
13.1885919571	-1
13.1885919571	-1
13.1885919571	-1
13.1885919571	-1
13.1885919571	-1
13.1885919571	-1
13.2024559975	-1
13.2024559975	-1
13.2024559975	-1
13.2024559975	-1
13.2024559975	-1
13.2024559975	-1
13.2024559975	-1
13.2024559975	-1
13.2407579422	-1
13.2407579422	-1
13.2407579422	-1
13.2814919949	1
13.2814919949	1
13.2814919949	1
13.2824158669	1
13.2824158669	1
13.282834053	1
13.282834053	1
13.282834053	1
13.282834053	1
13.282834053	1
13.282834053	1
13.282834053	1
13.282834053	1
13.2830049992	1
13.2831380367	1
13.2831380367	1
13.3243908882	1
13.3243908882	1
13.3243908882	1
13.5478730202	-1
13.5833518505	-1
13.5833518505	-1
13.5833518505	-1
13.5833518505	-1
13.5833518505	-1
13.5833518505	-1
13.5833518505	-1
13.5973849297	-1
13.6053929329	-1
13.6053929329	-1
13.6053929329	-1
13.6053929329	-1
13.6053929329	-1
13.6053929329	-1
13.6053929329	-1
13.6296348572	-1
13.637996912	-1
13.637996912	-1
13.637996912	-1
13.637996912	-1
13.637996912	-1
13.637996912	-1
13.637996912	-1
13.637996912	-1
13.6516568661	-1
13.6518218517	-1
13.6518218517	-1
13.6518218517	-1
13.6518218517	-1
13.6518218517	-1
13.6518218517	-1
13.6518218517	-1
13.6518218517	-1
13.65218997	-1
13.65218997	-1
13.65218997	-1
13.65218997	-1
13.65218997	-1
13.65218997	-1
13.6524369717	-1
13.6524369717	-1
13.6524369717	-1
13.6524369717	-1
13.6524369717	-1
13.6524369717	-1
13.6524369717	-1
13.6524369717	-1
13.6543810368	1
13.6613750458	-1
13.6613750458	-1
13.6613750458	-1
13.6613750458	-1
13.6613750458	-1
13.6613750458	-1
13.6613750458	-1
13.6616308689	-1
13.661755085	-1
13.661755085	-1
13.661755085	-1
13.661755085	-1
13.661755085	-1
13.661755085	-1
13.661755085	-1
13.6753098965	-1
13.6754970551	-1
13.6754970551	-1
13.6754970551	-1
13.6759068966	-1
13.6759068966	-1
13.6759068966	-1
13.6759068966	-1
13.6759068966	-1
13.6759068966	-1
13.6832849979	-1
13.6832849979	-1
13.683565855	-1
13.683565855	-1
13.683565855	-1
13.683565855	-1
13.683565855	-1
13.683565855	-1
13.683565855	-1
13.6838099957	-1
13.6838099957	-1
13.6838099957	-1
13.6838099957	-1
13.6838099957	-1
13.6838099957	-1
13.6838099957	-1
13.6952979565	-1
13.7094039917	-1
13.7094039917	-1
13.7094039917	-1
13.7094039917	-1
13.7094039917	-1
13.7094039917	-1
13.7094039917	-1
13.7094039917	-1
13.7096350193	-1
13.7173409462	-1
13.7173409462	-1
13.7173409462	-1
13.7173409462	-1
13.7173409462	-1
13.7173409462	-1
13.7174899578	-1
13.7174899578	-1
13.7174899578	-1
13.7174899578	-1
13.7174899578	-1
13.7174899578	-1
13.7174899578	-1
13.7174899578	-1
13.7174899578	-1
13.7501709461	-1
13.7501709461	-1
13.7501709461	-1
13.7501709461	-1
13.7501709461	-1
13.7501709461	-1
13.7501709461	-1
13.7501709461	-1
13.7644360065	-1
13.7644360065	-1
13.7644360065	-1
13.7644360065	-1
13.7644360065	-1
13.7644360065	-1
13.7644360065	-1
13.7644360065	-1
13.7648029327	-1
13.7648029327	-1
13.764827013	-1
13.764827013	-1
13.764827013	-1
13.764827013	-1
13.764827013	-1
13.764827013	-1
13.764827013	-1
13.764827013	-1
13.7652950287	-1
13.7652950287	-1
13.7652950287	-1
13.7652950287	-1
13.7652950287	-1
13.7652950287	-1
13.7652950287	-1
13.7652950287	-1
13.7655398846	-1
13.7655398846	-1
13.7655398846	-1
13.7655398846	-1
13.7655398846	-1
13.7655398846	-1
13.7655398846	-1
13.7655398846	-1
13.7660720348	-1
13.7660720348	-1
13.7660720348	-1
13.7660720348	-1
13.7660720348	-1
13.7660720348	-1
13.7660720348	-1
13.7660720348	-1
13.773444891	1
13.773444891	1
13.787307024	-1
13.787307024	-1
13.787307024	-1
13.787307024	-1
13.787307024	-1
13.787307024	-1
13.787307024	-1
13.7875599861	-1
13.7875599861	-1
13.7875599861	-1
13.7875599861	-1
13.7875599861	-1
13.7875599861	-1
13.7875599861	-1
13.7875599861	-1
13.8212509155	-1
13.8228619099	1
13.8228619099	1
13.8228619099	1
13.9257929325	1
14.0351798534	-1
14.0362870693	1
14.0362870693	1
14.0362870693	1
14.1870479584	-1
14.1952419281	-1
14.1952419281	-1
14.1952419281	-1
14.1952419281	-1
14.1952419281	-1
14.1952419281	-1
14.1952419281	-1
14.1952419281	-1
14.2057869434	-1
14.2064418793	-1
14.2064418793	-1
14.2064418793	-1
14.2064418793	-1
14.2064418793	-1
14.2064418793	-1
14.2064418793	-1
14.2069079876	1
14.2159039974	-1
14.2162969112	-1
14.2162969112	-1
14.2162969112	-1
14.2162969112	-1
14.2766029835	-1
14.2778909206	1
14.2778909206	1
14.2778909206	1
14.2785379887	-1
14.2785379887	-1
14.2785379887	-1
14.2785379887	-1
14.2785379887	-1
14.2785379887	-1
14.2785379887	-1
14.2793529034	-1
14.2800209522	-1
14.2800209522	-1
14.2800209522	-1
14.2800209522	-1
14.2800209522	-1
14.2800209522	-1
14.2800209522	-1
14.2811388969	-1
14.2811830044	-1
14.2811830044	-1
14.2811830044	-1
14.2811830044	-1
14.2811830044	-1
14.2811830044	-1
14.2811830044	-1
14.2816450596	-1
14.2816450596	-1
14.2816450596	-1
14.2816450596	-1
14.2816450596	-1
14.2816450596	-1
14.2816450596	-1
14.3070728779	-1
14.3070728779	-1
14.4283649921	1
14.4283649921	1
14.4283649921	1
14.4283649921	1
14.4283649921	1
14.4321489334	1
14.4702720642	1
14.6785168648	-1
14.679764986	-1
14.679764986	-1
14.679764986	-1
14.679764986	-1
14.679764986	-1
14.679764986	-1
14.679764986	-1
14.6807019711	-1
14.6807019711	-1
14.6887159348	-1
14.6887159348	-1
14.6887159348	-1
14.6887159348	-1
14.6887159348	-1
14.6887159348	-1
14.6887159348	-1
14.6979708672	-1
14.6980850697	-1
14.6980850697	-1
14.6980850697	-1
14.6980850697	-1
14.6980850697	-1
14.6980850697	-1
14.7151939869	-1
14.7151939869	-1
14.7191588879	-1
14.7191588879	-1
14.7191588879	-1
14.7191588879	-1
14.7191588879	-1
14.7191588879	-1
14.7191588879	-1
14.7191588879	-1
14.7929370403	1
14.904556036	1
15.1064798832	-1
15.1760060787	-1
15.1760060787	-1
15.1760060787	-1
15.1760060787	-1
15.1760060787	-1
15.1760060787	-1
15.1760060787	-1
15.1760060787	-1
15.1760060787	-1
15.3517999649	1
15.463367939	1
15.6840569973	-1
15.8782598972	-1
15.8995509148	-1
15.8995509148	-1
15.8995509148	-1
15.8995509148	-1
15.8995509148	-1
15.8995509148	-1
15.994134903	1
16.3305630684	-1
16.3317499161	1
16.7011408806	-1
16.7077460289	1
16.7140319347	1
16.7140319347	1
16.7140319347	1
16.8194990158	-1
16.9458448887	1
17.057477951	1
17.0801079273	-1
17.2286629677	-1
17.2286629677	-1
17.2773809433	-1
17.2773809433	-1
17.2773809433	-1
17.2773809433	-1
17.2773809433	-1
17.2773809433	-1
17.2773809433	-1
17.3446900845	1
17.6898620129	-1
17.6909959316	1
18.0157999992	-1
18.0163068771	1
18.0240149498	1
18.0240149498	1
18.0240149498	1
18.1281449795	-1
18.1281809807	1
18.4493319988	-1
18.6247720718	-1
18.6466219425	-1
18.6466219425	-1
18.6466219425	-1
18.6466219425	-1
18.6466219425	-1
18.6466219425	-1
18.7406928539	1
18.9467699528	1
19.0686049461	-1
19.069822073	1
19.3987219334	-1
19.4036889076	1
19.4110000134	1
19.4110000134	1
19.4110000134	1
19.5155539513	-1
19.7594730854	-1
19.9373528957	-1
19.9592459202	-1
19.9592459202	-1
19.9592459202	-1
19.9592459202	-1
19.9592459202	-1
19.9592459202	-1
20.075387001	1
20.3611500263	1
20.4057350159	-1
