0.0	1
0.112905025482	1
0.226009130478	1
0.627732038498	-1
0.828710079193	-1
0.877696037292	-1
0.877696037292	-1
0.877696037292	-1
0.877696037292	-1
0.877696037292	-1
0.877696037292	-1
0.946721076965	1
1.05960392952	1
1.05960392952	1
1.1776881218	1
1.29051113129	1
1.4140291214	-1
1.56634902954	-1
1.62915897369	-1
1.62915897369	-1
1.62915897369	-1
1.63010001183	1
1.78325414658	1
1.78325414658	1
2.17846512794	1
2.42311501503	-1
2.43315815926	1
2.4383699894	1
2.4383699894	1
2.4383699894	1
2.53624010086	-1
2.9007999897	-1
3.07736110687	-1
3.1264770031	-1
3.1264770031	-1
3.1264770031	-1
3.1264770031	-1
3.1264770031	-1
3.1264770031	-1
3.17919492722	1
3.19462203979	1
3.19462203979	1
3.19462203979	1
3.70069599152	-1
3.70202898979	1
3.81491398811	1
4.17991304398	1
4.29280304909	1
4.29280304909	1
4.36209607124	-1
4.38041400909	1
4.38041400909	1
4.38041400909	1
4.40573310852	1
4.49374294281	-1
4.86924910545	-1
4.99981999397	-1
5.04888916016	-1
5.04888916016	-1
5.04888916016	-1
5.04888916016	-1
5.04888916016	-1
5.04888916016	-1
5.11724305153	1
5.18034005165	1
5.18034005165	1
5.18034005165	1
5.18034005165	1
5.18095707893	1
5.18095707893	1
5.18127202988	1
5.18127202988	1
5.23010396957	1
5.23010396957	1
5.61840415001	-1
5.61976408958	1
5.73268795013	1
6.18024110794	1
6.18168497086	1
6.18168497086	1
6.18168497086	1
6.18218111992	1
6.18218111992	1
6.24383711815	-1
6.26815795898	1
6.26815795898	1
6.26815795898	1
6.29310703278	1
6.38141298294	-1
6.53448915482	-1
6.53448915482	-1
6.77614212036	-1
6.90515899658	-1
6.95393514633	-1
6.95393514633	-1
6.95393514633	-1
6.95393514633	-1
6.95393514633	-1
6.95393514633	-1
6.95466113091	1
7.0675330162	1
7.18058395386	1
7.2934949398	1
7.45492005348	-1
7.56794595718	-1
7.56922292709	1
7.68207502365	1
8.13610911369	-1
8.14321112633	1
8.15711307526	1
8.15711307526	1
8.15711307526	1
8.18166399002	1
8.18166399002	1
8.25633502007	-1
8.25637102127	1
8.25637102127	1
8.44897794724	-1
8.59836912155	-1
8.71554803848	-1
8.82324695587	-1
8.82324695587	-1
8.82324695587	-1
8.82324695587	-1
8.82324695587	-1
8.82324695587	-1
8.83273601532	1
9.24504995346	-1
9.24637293816	1
9.35922002792	1
9.80414295197	-1
9.81114315987	1
9.82636404037	1
9.82636404037	1
9.82636404037	1
9.92434406281	-1
10.3960700035	-1
10.5463399887	-1
10.5929310322	-1
10.5929310322	-1
10.5929310322	-1
10.5929310322	-1
10.5929310322	-1
10.5929310322	-1
10.6637239456	1
11.1302690506	-1
11.1314580441	1
11.2443940639	1
11.820305109	-1
11.8291521072	1
11.842674017	1
11.842674017	1
11.842674017	1
11.9422490597	-1
11.9422881603	1
12.1821620464	1
12.2953820229	1
12.3874931335	-1
12.538339138	-1
12.6513609886	-1
12.8928899765	-1
12.9440979958	-1
12.9440979958	-1
12.9440979958	-1
12.9440979958	-1
12.9440979958	-1
12.9440979958	-1
12.9440979958	-1
12.962553978	1
13.07543993	1
13.07543993	1
13.1892631054	1
13.1892631054	1
13.3405470848	-1
13.3413619995	1
13.3414139748	1
13.3414139748	1
13.3414139748	1
13.3414139748	1
13.3414139748	1
13.3414139748	1
13.4535751343	-1
13.5679249763	-1
13.7184829712	-1
13.7184829712	-1
13.8596849442	-1
13.8632280827	-1
13.8632280827	-1
13.8632280827	-1
13.8632280827	-1
13.8632280827	-1
13.8632280827	-1
13.8632280827	-1
13.8632280827	-1
13.8636181355	-1
13.8636181355	-1
13.8636181355	-1
13.8636181355	-1
13.8636181355	-1
13.8636181355	-1
13.8636181355	-1
13.9112730026	-1
13.9112730026	-1
13.9114360809	-1
13.9114360809	-1
13.9114360809	-1
13.9114360809	-1
13.9114360809	-1
13.9114360809	-1
13.9114360809	-1
13.9116809368	-1
13.9116809368	-1
13.9116809368	-1
13.9116809368	-1
13.9116809368	-1
13.9729950428	-1
13.976432085	-1
13.976432085	-1
13.976432085	-1
13.976432085	-1
13.976432085	-1
13.976432085	-1
13.976432085	-1
13.976432085	-1
13.9765739441	-1
13.9765739441	-1
13.9765739441	-1
13.9765739441	-1
13.9765739441	-1
13.9765739441	-1
13.9765739441	-1
13.9770281315	-1
13.9770281315	-1
13.9770281315	-1
13.9770281315	-1
13.9770281315	-1
13.9770281315	-1
13.9770281315	-1
13.9770281315	-1
13.979213953	1
14.0088510513	-1
14.0088510513	-1
14.0088510513	-1
14.0088510513	-1
14.0088510513	-1
14.0088510513	-1
14.0805680752	-1
14.0805680752	-1
14.080794096	-1
14.080794096	-1
14.080794096	-1
14.080794096	-1
14.080794096	-1
14.080794096	-1
14.080794096	-1
14.081040144	-1
14.081040144	-1
14.081040144	-1
14.081040144	-1
14.081040144	-1
14.081040144	-1
14.081040144	-1
14.1173260212	-1
14.1173260212	-1
14.1173260212	-1
14.1173260212	-1
14.1173260212	-1
14.1173260212	-1
14.1173260212	-1
14.1173260212	-1
14.1173620224	1
14.1175539494	-1
14.123237133	-1
14.123237133	-1
14.123237133	-1
14.123237133	-1
14.123237133	-1
14.205477953	-1
14.205477953	-1
14.205477953	-1
14.205477953	-1
14.205477953	-1
14.205477953	-1
14.205477953	-1
14.205477953	-1
14.205477953	-1
14.2058370113	-1
14.2058370113	-1
14.2058370113	-1
14.2058370113	-1
14.2058370113	-1
14.2058370113	-1
14.2058370113	-1
14.2072601318	1
14.2072601318	1
14.2072601318	1
14.2158720493	-1
14.2158720493	-1
14.2158720493	-1
14.2158720493	-1
14.2158720493	-1
14.2158720493	-1
14.2158720493	-1
14.2158720493	-1
14.2644660473	-1
14.2644660473	-1
14.2644660473	-1
14.2644660473	-1
14.2644660473	-1
14.2644660473	-1
14.4084300995	-1
14.4084300995	-1
14.4084300995	-1
14.4084300995	-1
14.4084300995	-1
14.4084300995	-1
14.4084300995	-1
14.4084300995	-1
14.4085690975	-1
14.4085690975	-1
14.4085690975	-1
14.4085690975	-1
14.4085690975	-1
14.4085690975	-1
14.4085690975	-1
14.4191219807	-1
14.4191219807	-1
14.4191219807	-1
14.4191219807	-1
14.4191219807	-1
14.4191219807	-1
14.4191219807	-1
14.4191219807	-1
14.4555101395	-1
14.4555101395	-1
14.4556200504	-1
14.4556200504	-1
14.4556200504	-1
14.4556200504	-1
14.4556200504	-1
14.4556200504	-1
14.4645831585	-1
14.4645831585	-1
14.4647490978	-1
14.4647490978	-1
14.4647490978	-1
14.4647490978	-1
14.4647490978	-1
14.4647490978	-1
14.4647490978	-1
14.4650349617	-1
14.465157032	-1
14.465157032	-1
14.465157032	-1
14.465157032	-1
14.465157032	-1
14.465157032	-1
14.465157032	-1
14.4656140804	1
14.4974000454	-1
14.4974000454	-1
14.4974000454	-1
14.4974000454	-1
14.4974000454	-1
14.4974000454	-1
14.4974000454	-1
14.4974000454	-1
14.4974000454	-1
14.5056531429	-1
14.5056531429	-1
14.5056531429	-1
14.5056531429	-1
14.6114640236	1
14.6136410236	1
14.6136410236	1
14.6136410236	1
14.6138501167	1
14.6138501167	1
14.6138501167	1
14.6138501167	1
14.6138501167	1
14.6138501167	1
14.6138501167	1
14.6138501167	1
14.613984108	1
14.613984108	1
14.613984108	1
14.613984108	1
14.627710104	1
14.627710104	1
14.866268158	-1
14.9743981361	-1
14.9743981361	-1
14.9743981361	-1
14.9825689793	-1
14.9825689793	-1
14.9825689793	-1
14.9825689793	-1
14.9825689793	-1
14.9828591347	-1
14.9828591347	-1
14.9828591347	-1
14.9828591347	-1
15.01009202	-1
15.018362999	-1
15.0227050781	-1
15.0227050781	-1
15.0227050781	-1
15.1314070225	-1
15.141477108	1
15.2035970688	-1
15.2035970688	-1
15.2035970688	-1
15.2068920135	-1
15.2068920135	-1
15.2068920135	-1
15.2068920135	-1
15.2068920135	-1
15.2068920135	-1
15.2068920135	-1
15.2068920135	-1
15.244893074	-1
15.244893074	-1
15.2524271011	-1
15.2524271011	-1
15.2524271011	-1
15.365489006	-1
15.3738939762	-1
15.3738939762	-1
15.3738939762	-1
15.3738939762	-1
15.3738939762	-1
15.3738939762	-1
15.3738939762	-1
15.3738939762	-1
15.3741240501	-1
15.3741240501	-1
15.3741240501	-1
15.3741240501	-1
15.3741240501	-1
15.3741240501	-1
15.3741240501	-1
15.4228601456	-1
15.4228601456	-1
15.4228601456	-1
15.4228601456	-1
15.4228601456	-1
15.4228601456	-1
15.4228601456	-1
15.4228601456	-1
15.4228601456	-1
15.423208952	-1
15.423208952	-1
15.423208952	-1
15.423208952	-1
15.423208952	-1
15.4247031212	1
15.4507510662	-1
15.4509601593	-1
15.4509601593	-1
15.4509601593	-1
15.4509601593	-1
15.4509601593	-1
15.4509601593	-1
15.4509601593	-1
15.4509601593	-1
15.4715571404	-1
15.4716050625	-1
15.4716050625	-1
15.4716050625	-1
15.4716050625	-1
15.4716050625	-1
15.4716050625	-1
15.5202651024	-1
15.5202651024	-1
15.5202651024	-1
15.5202651024	-1
15.5202651024	-1
15.5202651024	-1
15.5376200676	1
15.5376200676	1
15.5532870293	-1
15.5532870293	-1
15.5688209534	-1
15.5688209534	-1
15.5688209534	-1
15.5688209534	-1
15.5688209534	-1
15.5688209534	-1
15.5800740719	-1
15.5800740719	-1
15.5801789761	-1
15.5801789761	-1
15.5801789761	-1
15.5895061493	-1
15.5895061493	-1
15.5895061493	-1
15.5895061493	-1
15.5895061493	-1
15.5895061493	-1
15.5895061493	-1
15.5895061493	-1
15.6238780022	-1
15.6238780022	-1
15.6238780022	-1
15.6541440487	-1
15.6541440487	-1
15.6541440487	-1
15.6541769505	1
15.6552300453	-1
15.6552300453	-1
15.6552300453	-1
15.6552300453	-1
15.6552300453	-1
15.6552300453	-1
15.6555211544	-1
15.6555211544	-1
15.6555211544	-1
15.6555211544	-1
15.673705101	-1
15.6738491058	-1
15.6738491058	-1
15.6738491058	-1
15.6738491058	-1
15.6738491058	-1
15.6738491058	-1
15.6738491058	-1
15.6938121319	-1
15.7673709393	-1
15.7673709393	-1
15.805658102	-1
15.805658102	-1
15.805658102	-1
15.805658102	-1
15.805658102	-1
15.805658102	-1
15.805658102	-1
15.805658102	-1
15.805658102	-1
15.810377121	-1
15.810377121	-1
15.810377121	-1
15.810377121	-1
15.8105649948	-1
15.8106880188	-1
15.8106880188	-1
15.8106880188	-1
15.8106880188	-1
15.8106880188	-1
15.8106880188	-1
15.8330471516	-1
15.8330471516	-1
15.8330471516	-1
15.8330471516	-1
15.8330471516	-1
15.8330471516	-1
15.8330471516	-1
15.8330471516	-1
15.83329916	-1
15.83329916	-1
15.83329916	-1
15.83329916	-1
15.83329916	-1
15.83329916	-1
15.83329916	-1
15.833548069	-1
15.8552961349	-1
15.8552961349	-1
15.8552961349	-1
15.8552961349	-1
15.8552961349	-1
15.8552961349	-1
15.8555159569	-1
15.8555159569	-1
15.8555159569	-1
15.8555159569	-1
15.9627039433	-1
15.9627039433	-1
15.9627039433	-1
15.9630479813	1
15.9887299538	1
15.9887299538	1
15.9887299538	1
15.9887299538	1
15.9961431026	1
15.9961431026	1
16.0047430992	-1
16.0047430992	-1
16.0047430992	-1
16.0050661564	-1
16.0050661564	-1
16.0050661564	-1
16.0050661564	-1
16.0050661564	-1
16.0050661564	-1
16.0053110123	-1
16.0053110123	-1
16.0053110123	-1
16.0053110123	-1
16.0053110123	-1
16.0053110123	-1
16.0053110123	-1
16.0118319988	-1
16.0119669437	-1
16.0119669437	-1
16.0119669437	-1
16.0119669437	-1
16.0119669437	-1
16.0119669437	-1
16.0119669437	-1
16.0205149651	-1
16.0211420059	-1
16.0211420059	-1
16.0211420059	-1
16.0211420059	-1
16.0211420059	-1
16.0211420059	-1
16.0211420059	-1
16.0211420059	-1
16.0518009663	-1
16.0518009663	-1
16.0518009663	-1
16.0518009663	-1
16.0518009663	-1
16.0518009663	-1
16.0518009663	-1
16.0518009663	-1
16.0600731373	-1
16.0600731373	-1
16.0600731373	-1
16.1018121243	1
16.1096439362	-1
16.1096439362	-1
16.1097691059	-1
16.1097691059	-1
16.1097691059	-1
16.1097691059	-1
16.1097691059	-1
16.1097691059	-1
16.1602981091	-1
16.1602981091	-1
16.1602981091	-1
16.223263979	1
16.3942029476	-1
16.4892880917	-1
16.4892880917	-1
16.4892880917	-1
16.4894940853	-1
16.4894940853	-1
16.4894940853	-1
16.4894940853	-1
16.4894940853	-1
16.4894940853	-1
16.4894940853	-1
16.4894940853	-1
16.5042700768	-1
16.5042700768	-1
16.5042700768	-1
16.5042700768	-1
16.5042700768	-1
16.5042700768	-1
16.5042700768	-1
16.5042700768	-1
16.5323131084	-1
16.5323131084	-1
16.5323131084	-1
16.6436150074	-1
16.6436150074	-1
16.6436150074	-1
16.659566164	-1
16.6604790688	1
16.7734370232	1
17.4944031239	-1
17.5325319767	-1
17.5325319767	-1
17.5325319767	-1
17.5325319767	-1
17.5325319767	-1
17.5325319767	-1
17.5325319767	-1
17.5325319767	-1
17.5464789867	-1
17.6462900639	1
17.7592749596	1
18.2592141628	-1
18.3085069656	-1
18.3085069656	-1
18.3085069656	-1
18.3085069656	-1
18.3085069656	-1
18.3085069656	-1
18.3085069656	-1
18.3085069656	-1
18.4154670238	1
18.5283761024	1
18.5283761024	1
18.9309909344	-1
19.1038341522	-1
19.1336519718	-1
19.1336519718	-1
19.1336519718	-1
19.1336519718	-1
19.1529829502	-1
19.1529829502	-1
19.2203519344	1
19.6551280022	-1
19.6563820839	1
20.077144146	-1
20.0838029385	1
20.0883820057	1
20.0883820057	1
20.0883820057	1
20.1968641281	-1
20.6343939304	-1
20.8131251335	-1
20.8625819683	-1
20.8625819683	-1
20.8625819683	-1
20.8625819683	-1
20.8625819683	-1
20.8625819683	-1
20.93039608	1
21.4077780247	-1
21.4086639881	1
21.8178241253	-1
21.8233981133	1
21.8316841125	1
21.8316841125	1
21.8316841125	1
21.9364631176	-1
22.2616620064	-1
22.4334230423	-1
22.4835751057	-1
22.4835751057	-1
22.4835751057	-1
22.4835751057	-1
22.4835751057	-1
22.4835751057	-1
22.5507099628	1
22.9523069859	-1
22.9534990788	1
23.385461092	-1
23.3908650875	1
23.3993830681	1
23.3993830681	1
23.3993830681	1
23.5039179325	-1
23.6169109344	1
23.9139430523	-1
