0.0	1
0.250744104385	1
0.351418018341	-1
0.364799022675	1
0.590303897858	-1
0.591846942902	1
0.705923080444	1
0.745303869247	-1
0.911007881165	1
0.918591022491	-1
0.918591022491	-1
0.918591022491	-1
0.918591022491	-1
0.918591022491	-1
0.918591022491	-1
0.918591022491	-1
0.918591022491	-1
0.979640960693	1
0.979640960693	1
0.979640960693	1
1.16183590889	1
1.26498389244	-1
1.26654696465	1
1.26654696465	1
1.26654696465	1
1.40789294243	-1
1.40933704376	1
1.55071091652	-1
1.55183601379	1
1.69987392426	-1
1.70101499557	1
1.81589102745	-1
1.81589102745	-1
1.81763505936	1
1.85190987587	-1
1.85190987587	-1
1.85190987587	-1
1.85190987587	-1
1.85190987587	-1
1.85190987587	-1
1.85190987587	-1
1.85190987587	-1
1.85190987587	-1
1.93191790581	-1
1.94472694397	1
2.01818704605	-1
2.01818704605	-1
2.01818704605	-1
2.01818704605	-1
2.01818704605	-1
2.01818704605	-1
2.01818704605	-1
2.01818704605	-1
2.01818704605	-1
2.16124010086	-1
2.17152810097	-1
2.17152810097	-1
2.17152810097	-1
2.17152810097	-1
2.17152810097	-1
2.17152810097	-1
2.17152810097	-1
2.19623708725	1
2.28603696823	-1
2.31720590591	-1
2.31720590591	-1
2.31720590591	-1
2.31720590591	-1
2.31720590591	-1
2.31720590591	-1
2.31720590591	-1
2.31720590591	-1
2.43158006668	-1
2.43158006668	-1
2.52418708801	-1
2.52418708801	-1
2.52418708801	-1
2.52568793297	1
2.55287599564	-1
2.55287599564	-1
2.59838104248	-1
2.67925405502	1
2.67925405502	1
2.71258807182	-1
2.71258807182	-1
2.7526049614	-1
2.7526049614	-1
2.7526049614	-1
2.75551104546	-1
2.75551104546	-1
2.75551104546	-1
2.75551104546	-1
2.75551104546	-1
2.75551104546	-1
2.80451798439	-1
2.80451798439	-1
2.80453109741	1
2.81322693825	1
2.81322693825	1
2.81322693825	1
2.87169599533	1
2.87169599533	1
2.92877793312	1
2.9860599041	-1
3.06252503395	1
3.06252503395	1
3.06252503395	1
3.07920503616	1
3.14633202553	-1
3.19359087944	1
3.19359087944	1
3.30690097809	-1
3.49843502045	-1
3.49843502045	-1
3.53655004501	-1
3.53655004501	-1
3.53655004501	-1
3.53790688515	-1
3.53790688515	-1
3.53880405426	-1
3.53880405426	-1
3.53880405426	-1
3.53880405426	-1
3.53880405426	-1
3.53880405426	-1
3.53880405426	-1
3.53984594345	1
3.54103398323	1
3.54103398323	1
3.54103398323	1
3.54227399826	-1
3.56313610077	-1
3.56313610077	-1
3.56313610077	-1
3.56313610077	-1
3.56313610077	-1
3.56313610077	-1
3.56313610077	-1
3.56313610077	-1
3.56313610077	-1
3.56313610077	-1
3.58056497574	-1
3.65227603912	-1
3.65227603912	-1
3.65227603912	-1
3.65227603912	-1
3.6523900032	-1
3.6523900032	-1
3.65251398087	-1
3.65251398087	-1
3.65263795853	-1
3.65263795853	-1
3.65275788307	-1
3.65275788307	-1
3.65592098236	1
3.73304104805	-1
3.73304104805	-1
3.73304104805	-1
3.73602890968	-1
3.73602890968	-1
3.73640108109	-1
3.73640108109	-1
3.73640108109	-1
3.73640108109	-1
3.73640108109	-1
3.73640108109	-1
3.73640108109	-1
3.73640108109	-1
3.74494409561	-1
3.76201891899	-1
3.76201891899	-1
3.76723694801	-1
3.76723694801	-1
3.76723694801	-1
3.76723694801	-1
3.76723694801	-1
3.76723694801	-1
3.76723694801	-1
3.76723694801	-1
3.76723694801	-1
3.76754403114	-1
3.76754403114	-1
3.76754403114	-1
3.76754403114	-1
3.7677090168	-1
3.76777100563	-1
3.76777100563	-1
3.76795506477	-1
3.76795506477	-1
3.76795506477	-1
3.77047991753	1
3.77047991753	1
3.79762601852	-1
3.79762601852	-1
3.79762601852	-1
3.79774308205	-1
3.79774308205	-1
3.82117605209	1
3.82117605209	1
3.82117605209	1
3.88626289368	-1
3.88626289368	-1
3.88626289368	-1
3.88626289368	-1
3.88626289368	-1
3.88626289368	-1
3.88626289368	-1
3.88626289368	-1
3.88626289368	-1
3.88630795479	1
3.901252985	-1
3.901252985	-1
3.901252985	-1
3.95814204216	-1
3.95814204216	-1
3.95814204216	-1
3.95814204216	-1
3.95814204216	-1
3.95814204216	-1
3.95814204216	-1
3.95814204216	-1
3.95814204216	-1
3.96713089943	-1
3.96713089943	-1
3.96713089943	-1
3.96713089943	-1
3.96713089943	-1
3.96713089943	-1
3.96713089943	-1
3.97429490089	-1
3.98654198647	-1
3.98654198647	-1
4.0031709671	-1
4.0031709671	-1
4.0031709671	-1
4.0031709671	-1
4.0031709671	-1
4.0031709671	-1
4.0031709671	-1
4.0031709671	-1
4.01070690155	-1
4.01070690155	-1
4.01070690155	-1
4.01070690155	-1
4.01187205315	1
4.02645492554	-1
4.02844190598	-1
4.02844190598	-1
4.02844190598	-1
4.02844190598	-1
4.02844190598	-1
4.02844190598	-1
4.02844190598	-1
4.041629076	-1
4.041629076	-1
4.041629076	-1
4.041629076	-1
4.06235289574	-1
4.06235289574	-1
4.06235289574	-1
4.06235289574	-1
4.06235289574	-1
4.06235289574	-1
4.06235289574	-1
4.06235289574	-1
4.06235289574	-1
4.08138203621	-1
4.08138203621	-1
4.08138203621	-1
4.08148598671	-1
4.08148598671	-1
4.08148598671	-1
4.08148598671	-1
4.08148598671	-1
4.08148598671	-1
4.08148598671	-1
4.10582995415	-1
4.10587596893	-1
4.10587596893	-1
4.10587596893	-1
4.10587596893	-1
4.10587596893	-1
4.11963510513	-1
4.11963510513	-1
4.11963510513	-1
4.11974596977	-1
4.11974596977	-1
4.14045405388	-1
4.14045405388	-1
4.14045405388	-1
4.14045405388	-1
4.14045405388	-1
4.14045405388	-1
4.14045405388	-1
4.14048790932	1
4.14589309692	-1
4.14589309692	-1
4.14589309692	-1
4.14589309692	-1
4.14589309692	-1
4.14589309692	-1
4.14589309692	-1
4.15616893768	-1
4.15616893768	-1
4.15616893768	-1
4.15616893768	-1
4.1767179966	-1
4.1767179966	-1
4.1767179966	-1
4.17967987061	-1
4.17967987061	-1
4.17967987061	-1
4.18547201157	-1
4.18547201157	-1
4.18997788429	-1
4.18997788429	-1
4.18997788429	-1
4.18997788429	-1
4.18997788429	-1
4.18997788429	-1
4.18997788429	-1
4.19577288628	-1
4.20113992691	-1
4.20113992691	-1
4.20113992691	-1
4.20113992691	-1
4.20113992691	-1
4.20113992691	-1
4.20113992691	-1
4.2201230526	-1
4.2201230526	-1
4.2201230526	-1
4.2201230526	-1
4.2201230526	-1
4.2201230526	-1
4.2201230526	-1
4.22047305107	-1
4.22047305107	-1
4.22047305107	-1
4.22047305107	-1
4.22047305107	-1
4.22047305107	-1
4.22047305107	-1
4.22071909904	-1
4.23339605331	1
4.23339605331	1
4.23339605331	1
4.23403787613	-1
4.23403787613	-1
4.23403787613	-1
4.23403787613	-1
4.23403787613	-1
4.23403787613	-1
4.23403787613	-1
4.23403787613	-1
4.24558591843	-1
4.24558591843	-1
4.24558591843	-1
4.24558591843	-1
4.24558591843	-1
4.24558591843	-1
4.24558591843	-1
4.24558591843	-1
4.24594306946	-1
4.25692892075	-1
4.25692892075	-1
4.25692892075	-1
4.25692892075	-1
4.25692892075	-1
4.25692892075	-1
4.25692892075	-1
4.2723839283	-1
4.2723839283	-1
4.2723839283	-1
4.2723839283	-1
4.2723839283	-1
4.2723839283	-1
4.2723839283	-1
4.2723839283	-1
4.28434991837	-1
4.28434991837	-1
4.28434991837	-1
4.28434991837	-1
4.28434991837	-1
4.28434991837	-1
4.28467392921	-1
4.28467392921	-1
4.28467392921	-1
4.28467392921	-1
4.28467392921	-1
4.28467392921	-1
4.28467392921	-1
4.30369591713	-1
4.3102478981	-1
4.3102478981	-1
4.3102478981	-1
4.31868505478	-1
4.31868505478	-1
4.31868505478	-1
4.33397889137	-1
4.33397889137	-1
4.34454607964	-1
4.34454607964	-1
4.34454607964	-1
4.35853910446	-1
4.35853910446	-1
4.37112307549	-1
4.37112307549	-1
4.37116789818	1
4.37116789818	1
4.39757204056	-1
4.39757204056	-1
4.39757204056	-1
4.45067095757	-1
4.45067095757	-1
4.4807779789	-1
4.4807779789	-1
4.4807779789	-1
4.4807779789	-1
4.52846002579	-1
4.52846002579	-1
4.52846002579	-1
4.52846002579	-1
4.52846002579	-1
4.55425095558	-1
4.63993501663	-1
4.63993501663	-1
4.63993501663	-1
4.63993501663	-1
4.63993501663	-1
4.63993501663	-1
4.64257693291	-1
4.64257693291	-1
4.64646792412	-1
4.64646792412	-1
4.64646792412	-1
4.64646792412	-1
4.64646792412	-1
4.66317987442	-1
4.66330695152	-1
4.66330695152	-1
4.66330695152	-1
4.66330695152	-1
4.66330695152	-1
4.66330695152	-1
4.69166707993	-1
4.69166707993	-1
4.69218802452	-1
4.69218802452	-1
4.75099802017	-1
4.75099802017	-1
4.75099802017	-1
4.76549696922	1
4.7774078846	-1
4.7774078846	-1
4.7774078846	-1
4.7774078846	-1
4.7774078846	-1
4.82811307907	-1
4.83390903473	-1
4.83390903473	-1
4.83390903473	-1
4.83390903473	-1
4.83390903473	-1
4.83462500572	-1
4.8350789547	-1
4.8350789547	-1
4.8350789547	-1
4.8350789547	-1
4.8350789547	-1
4.84177899361	-1
4.84177899361	-1
4.84177899361	-1
4.84177899361	-1
4.84177899361	-1
4.84177899361	-1
4.86227297783	-1
4.86227297783	-1
4.94828510284	-1
4.94828510284	-1
4.95319795609	-1
4.95319795609	-1
4.95319795609	-1
4.95319795609	-1
4.95319795609	-1
4.95319795609	-1
4.95319795609	-1
4.95319795609	-1
4.95389699936	-1
4.95508694649	1
4.95823287964	-1
4.95823287964	-1
4.95823287964	-1
4.95823287964	-1
4.95823287964	-1
4.95823287964	-1
4.95823287964	-1
4.95823287964	-1
4.98078107834	-1
4.98078107834	-1
4.98078107834	-1
4.98078107834	-1
4.98078107834	-1
4.98078107834	-1
4.98078107834	-1
4.98078107834	-1
4.98191690445	-1
4.98191690445	-1
4.98191690445	-1
4.98191690445	-1
4.98191690445	-1
4.98191690445	-1
4.98191690445	-1
5.03548693657	-1
5.03720593452	-1
5.03720593452	-1
5.03720593452	-1
5.04030895233	-1
5.04030895233	-1
5.04030895233	-1
5.04030895233	-1
5.04030895233	-1
5.04030895233	-1
5.04030895233	-1
5.04030895233	-1
5.04513096809	-1
5.04513096809	-1
5.04513096809	-1
5.04513096809	-1
5.04513096809	-1
5.04513096809	-1
5.04513096809	-1
5.04513096809	-1
5.05555510521	-1
5.05555510521	-1
5.05555510521	-1
5.05555510521	-1
5.05555510521	-1
5.0626809597	-1
5.07855200768	-1
5.07855200768	-1
5.07855200768	-1
5.07855200768	-1
5.07855200768	-1
5.07855200768	-1
5.07855200768	-1
5.07855200768	-1
5.07855200768	-1
5.07856202126	1
5.0940349102	-1
5.0940349102	-1
5.10085487366	-1
5.10085487366	-1
5.10085487366	-1
5.10085487366	-1
5.10085487366	-1
5.10085487366	-1
5.10085487366	-1
5.10629487038	-1
5.12058997154	-1
5.12058997154	-1
5.12058997154	-1
5.12058997154	-1
5.12058997154	-1
5.12058997154	-1
5.12058997154	-1
5.12058997154	-1
5.12775707245	-1
5.17151808739	-1
5.17151808739	-1
5.17151808739	-1
5.17151808739	-1
5.18413305283	-1
5.18413305283	-1
5.18413305283	-1
5.19734191895	-1
5.19734191895	-1
5.19734191895	-1
5.19737291336	1
5.20604491234	-1
5.20604491234	-1
5.20604491234	-1
5.20604491234	-1
5.20604491234	-1
5.20604491234	-1
5.20604491234	-1
5.2134039402	-1
5.2134039402	-1
5.2134039402	-1
5.2134039402	-1
5.2134039402	-1
5.2134039402	-1
5.2134039402	-1
5.23006606102	-1
5.23006606102	-1
5.24074196815	-1
5.24074196815	-1
5.24074196815	-1
5.24074196815	-1
5.24074196815	-1
5.24720692635	-1
5.24720692635	-1
5.24720692635	-1
5.24720692635	-1
5.24720692635	-1
5.25242090225	-1
5.26310110092	-1
5.26310110092	-1
5.27497601509	-1
5.27497601509	-1
5.27497601509	-1
5.27497601509	-1
5.27497601509	-1
5.27497601509	-1
5.27497601509	-1
5.27497601509	-1
5.28053689003	-1
5.28857398033	-1
5.28857398033	-1
5.29143810272	1
5.29143810272	1
5.29143810272	1
5.30940389633	-1
5.30940389633	-1
5.30940389633	-1
5.3228559494	-1
5.3228559494	-1
5.3228559494	-1
5.3228559494	-1
5.3228559494	-1
5.3228559494	-1
5.3228559494	-1
5.33675193787	-1
5.33675193787	-1
5.33675193787	-1
5.33675193787	-1
5.33675193787	-1
5.33675193787	-1
5.33675193787	-1
5.35442209244	-1
5.35442209244	-1
5.35442209244	-1
5.35442209244	-1
5.35442209244	-1
5.35442209244	-1
5.37374591827	-1
5.37374591827	-1
5.37374591827	-1
5.37374591827	-1
5.37374591827	-1
5.37374591827	-1
5.38549304008	-1
5.394313097	-1
5.394313097	-1
5.394313097	-1
5.394313097	-1
5.394313097	-1
5.394313097	-1
5.394313097	-1
5.42377591133	-1
5.42377591133	-1
5.42377591133	-1
5.43821191788	-1
5.43821191788	-1
5.43821191788	-1
5.43821191788	-1
5.44500994682	-1
5.45776891708	-1
5.45776891708	-1
5.45776891708	-1
5.46501803398	-1
5.46501803398	-1
5.46501803398	-1
5.46501803398	-1
5.46501803398	-1
5.46501803398	-1
5.46501803398	-1
5.47128510475	-1
5.47128510475	-1
5.47128510475	-1
5.47128510475	-1
5.47128510475	-1
5.47128510475	-1
5.47128510475	-1
5.48408389091	-1
5.48408389091	-1
5.48408389091	-1
5.48408389091	-1
5.48408389091	-1
5.48408389091	-1
5.48408389091	-1
5.48408389091	-1
5.48859190941	-1
5.48859190941	-1
5.48859190941	-1
5.48859190941	-1
5.49469590187	-1
5.49571704865	1
5.4980700016	-1
5.4980700016	-1
5.4980700016	-1
5.537981987	-1
5.65256595612	-1
5.65260100365	1
5.65260100365	1
5.76697993279	-1
6.24174404144	-1
6.35600709915	-1
6.35600709915	-1
6.4181599617	-1
6.4181599617	-1
6.4181599617	-1
6.49666309357	1
6.55252099037	1
6.55252099037	1
6.55252099037	1
6.55252099037	1
6.57439398766	1
6.57439398766	1
6.57468008995	1
6.57468008995	1
6.57468008995	1
6.57468008995	1
6.57468008995	1
6.57468008995	1
6.57468008995	1
6.57468008995	1
6.57483696938	1
6.57483696938	1
6.57483696938	1
6.57483696938	1
6.57483696938	1
6.57483696938	1
6.57563304901	1
6.57563304901	1
6.57563304901	1
6.73652696609	-1
6.88722610474	-1
