0.0	1
0.0	1
0.0	1
0.0	1
0.0	1
0.0	1
0.0631358623505	1
0.5177090168	1
0.518321990967	1
0.518321990967	1
0.580796003342	1
0.981613874435	-1
0.981613874435	-1
1.00000691414	1
1.00000691414	1
1.00000691414	1
1.06313204765	1
1.06313204765	1
1.17726397514	-1
1.24529194832	-1
1.24529194832	-1
1.24529194832	-1
1.24529194832	-1
1.24529194832	-1
1.24529194832	-1
1.29509687424	-1
1.35710787773	-1
1.35710787773	-1
1.35826206207	-1
1.36867594719	-1
1.36867594719	-1
1.36867594719	-1
1.36867594719	-1
1.36867594719	-1
1.36867594719	-1
1.36867594719	-1
1.36890602112	-1
1.42171597481	-1
1.42171597481	-1
1.42474889755	1
1.48786091805	1
1.86555099487	-1
1.8667910099	1
2.00018000603	1
2.09302592278	-1
2.30276894569	-1
2.33475899696	-1
2.33475899696	-1
2.33475899696	-1
2.33475899696	-1
2.33475899696	-1
2.33475899696	-1
2.33475899696	-1
2.36607003212	-1
2.39357805252	1
2.49159502983	-1
2.49159502983	-1
2.49159502983	-1
2.49159502983	-1
2.49159502983	-1
2.49159502983	-1
2.49163103104	1
2.49657988548	-1
2.49657988548	-1
2.49657988548	-1
2.49657988548	-1
2.49657988548	-1
2.49657988548	-1
2.49657988548	-1
2.49657988548	-1
2.51872706413	-1
2.51872706413	-1
2.51872706413	-1
2.51872706413	-1
2.51872706413	-1
2.51872706413	-1
2.51872706413	-1
2.51872706413	-1
2.51872706413	-1
2.55483007431	-1
2.55484390259	1
2.55484390259	1
2.68367600441	-1
2.68367600441	-1
2.68367600441	-1
2.68367600441	-1
2.68367600441	-1
2.68367600441	-1
2.68367600441	-1
2.68420791626	-1
2.68420791626	-1
2.68420791626	-1
2.68420791626	-1
2.68420791626	-1
2.68420791626	-1
2.68420791626	-1
2.68457794189	-1
2.68457794189	-1
2.68457794189	-1
2.68457794189	-1
2.68457794189	-1
2.68457794189	-1
2.68457794189	-1
2.68585586548	1
2.74733805656	-1
2.7489528656	1
2.87957286835	-1
3.00061702728	1
3.00061702728	1
3.00147986412	1
3.00181889534	1
3.00181889534	1
3.00181889534	1
3.00222492218	1
3.00222492218	1
3.00222492218	1
3.00222492218	1
3.05767393112	-1
3.06471085548	1
3.1010890007	-1
3.1010890007	-1
3.1010890007	-1
3.1010890007	-1
3.1010890007	-1
3.1010890007	-1
3.12809991837	-1
3.23663806915	-1
3.23663806915	-1
3.23829507828	-1
3.23829507828	-1
3.24047708511	1
3.28352689743	-1
3.28352689743	-1
3.28352689743	-1
3.28352689743	-1
3.28352689743	-1
3.28352689743	-1
3.30157494545	-1
3.46245503426	-1
3.52572488785	-1
3.6263859272	-1
3.6263859272	-1
3.76228785515	-1
4.00201487541	1
4.04588699341	-1
4.04783296585	1
4.04783296585	1
4.04783296585	1
4.04783296585	1
4.06518387794	1
4.44428300858	-1
4.83724403381	-1
4.84251308441	-1
4.84251308441	-1
4.84251308441	-1
4.84251308441	-1
4.84251308441	-1
4.84251308441	-1
4.84486699104	-1
4.84486699104	-1
4.84486699104	-1
4.84486699104	-1
4.84486699104	-1
4.84486699104	-1
4.84486699104	-1
4.84486699104	-1
4.84703707695	-1
4.84703707695	-1
4.84703707695	-1
4.84703707695	-1
4.84703707695	-1
4.84703707695	-1
4.90059494972	-1
4.90065693855	-1
4.90065693855	-1
4.90065693855	-1
4.90065693855	-1
4.90065693855	-1
4.90079689026	-1
4.96403288841	-1
5.00180196762	1
5.02732300758	-1
5.02732300758	-1
5.02732300758	-1
5.02732300758	-1
5.02732300758	-1
5.02732300758	-1
5.02732300758	-1
5.02732300758	-1
5.02756786346	-1
5.02756786346	-1
5.02756786346	-1
5.02756786346	-1
5.02756786346	-1
5.02784585953	-1
5.0280110836	-1
5.0280110836	-1
5.0280110836	-1
5.0280110836	-1
5.0280110836	-1
5.0280110836	-1
5.0280110836	-1
5.02868890762	-1
5.06495189667	1
5.06495189667	1
5.09089803696	-1
5.09089803696	-1
5.09089803696	-1
5.09089803696	-1
5.09089803696	-1
5.09089803696	-1
5.09089803696	-1
5.09089803696	-1
5.09124994278	-1
5.09124994278	-1
5.09124994278	-1
5.09124994278	-1
5.09124994278	-1
5.09124994278	-1
5.09124994278	-1
5.09124994278	-1
5.09124994278	-1
5.09144687653	-1
5.20655894279	-1
5.20655894279	-1
5.20655894279	-1
5.20655894279	-1
5.20655894279	-1
5.20655894279	-1
5.20655894279	-1
5.20705699921	-1
5.20705699921	-1
5.20705699921	-1
5.20705699921	-1
5.20705699921	-1
5.20705699921	-1
5.20705699921	-1
5.2074239254	-1
5.2074239254	-1
5.2074239254	-1
5.2074239254	-1
5.2074239254	-1
5.2074239254	-1
5.2074239254	-1
5.2074239254	-1
5.20768904686	-1
5.20781207085	-1
5.20781207085	-1
5.20781207085	-1
5.20781207085	-1
5.20781207085	-1
5.20781207085	-1
5.20781207085	-1
5.20781207085	-1
5.20855093002	1
5.27008605003	-1
5.27008605003	-1
5.27008605003	-1
5.27008605003	-1
5.27008605003	-1
5.27008605003	-1
5.27008605003	-1
5.27008605003	-1
5.27043485641	-1
5.27043485641	-1
5.27043485641	-1
5.27055907249	-1
5.27055907249	-1
5.27055907249	-1
5.27055907249	-1
5.27055907249	-1
5.27055907249	-1
5.27055907249	-1
5.27078390121	-1
5.27162599564	1
5.39031291008	-1
5.39031291008	-1
5.39031291008	-1
5.39031291008	-1
5.39031291008	-1
5.39031291008	-1
5.39031291008	-1
5.39076900482	-1
5.39076900482	-1
5.39076900482	-1
5.39076900482	-1
5.39076900482	-1
5.39076900482	-1
5.39076900482	-1
5.39113807678	-1
5.39113807678	-1
5.39113807678	-1
5.39113807678	-1
5.39113807678	-1
5.39113807678	-1
5.39113807678	-1
5.39113807678	-1
5.39138293266	-1
5.39150595665	-1
5.39150595665	-1
5.39150595665	-1
5.39150595665	-1
5.39150595665	-1
5.39150595665	-1
5.39150595665	-1
5.39150595665	-1
5.39326906204	1
5.426019907	-1
5.426019907	-1
5.426019907	-1
5.426019907	-1
5.426019907	-1
5.426019907	-1
5.426019907	-1
5.426019907	-1
5.4538629055	-1
5.4538629055	-1
5.4538629055	-1
5.4538629055	-1
5.4538629055	-1
5.4538629055	-1
5.4538629055	-1
5.45408892632	-1
5.45421504974	-1
5.45421504974	-1
5.45421504974	-1
5.45421504974	-1
5.45433998108	-1
5.45433998108	-1
5.45433998108	-1
5.45857095718	1
5.45857095718	1
5.45857095718	1
5.45857095718	1
5.45857095718	1
5.45857095718	1
5.45857095718	1
5.45857095718	1
5.45857095718	1
5.4587059021	1
5.4587059021	1
5.4587059021	1
5.4587059021	1
5.4587059021	1
5.45961499214	1
5.45961499214	1
5.51695990562	1
5.92145586014	-1
5.9219250679	1
5.92999005318	-1
5.92999005318	-1
5.92999005318	-1
5.92999005318	-1
5.92999005318	-1
5.92999005318	-1
5.93183088303	-1
5.93183088303	-1
5.93183088303	-1
5.93183088303	-1
5.93183088303	-1
5.93183088303	-1
5.93183088303	-1
5.93183088303	-1
5.98517990112	-1
6.00272607803	1
6.00272607803	1
6.00394487381	1
6.00408887863	1
6.00408887863	1
6.00408887863	1
6.00408887863	1
6.05990505219	-1
6.05990505219	-1
6.05990505219	-1
6.05990505219	-1
6.05990505219	-1
6.05990505219	-1
6.05990505219	-1
6.06062793732	-1
6.06062793732	-1
6.0672249794	1
6.08419299126	-1
6.08419299126	-1
6.08419299126	-1
6.08419299126	-1
6.11230993271	-1
6.11255908012	-1
6.11255908012	-1
6.11255908012	-1
6.11255908012	-1
6.11255908012	-1
6.11255908012	-1
6.12358903885	-1
6.12358903885	-1
6.12358903885	-1
6.12358903885	-1
6.12358903885	-1
6.12358903885	-1
6.12358903885	-1
6.12358903885	-1
6.12394499779	-1
6.12394499779	-1
6.12394499779	-1
6.12394499779	-1
6.12394499779	-1
6.12394499779	-1
6.12394499779	-1
6.1306810379	-1
6.13078594208	-1
6.13078594208	-1
6.13078594208	-1
6.13078594208	-1
6.13078594208	-1
6.13078594208	-1
6.13078594208	-1
6.1317448616	1
6.17642688751	-1
6.17642688751	-1
6.17642688751	-1
6.19770789146	-1
6.19770789146	-1
6.19770789146	-1
6.19770789146	-1
6.19770789146	-1
6.19770789146	-1
6.19774103165	1
6.23960399628	-1
6.24829006195	-1
6.24829006195	-1
6.24829006195	-1
6.24829006195	-1
6.24829006195	-1
6.24829006195	-1
6.24829006195	-1
6.27148389816	-1
6.27159690857	-1
6.27159690857	-1
6.30084586143	-1
6.30084586143	-1
6.30084586143	-1
6.30084586143	-1
6.30084586143	-1
6.30084586143	-1
6.30084586143	-1
6.30084586143	-1
6.30084586143	-1
6.3011879921	-1
6.3011879921	-1
6.3011879921	-1
6.3011879921	-1
6.3011879921	-1
6.30143404007	-1
6.30143404007	-1
6.30143404007	-1
6.30143404007	-1
6.30143404007	-1
6.30143404007	-1
6.30143404007	-1
6.30143404007	-1
6.30283308029	-1
6.30283308029	-1
6.30383896828	1
6.31371092796	-1
6.31371092796	-1
6.31371092796	-1
6.31371092796	-1
6.31371092796	-1
6.31371092796	-1
6.31371092796	-1
6.33491396904	-1
6.33501887321	-1
6.33501887321	-1
6.33501887321	-1
6.33501887321	-1
6.33501887321	-1
6.33501887321	-1
6.33501887321	-1
6.36690092087	-1
6.42838001251	-1
6.42838001251	-1
6.42838001251	-1
6.42838001251	-1
6.42838001251	-1
6.42838001251	-1
6.42838001251	-1
6.428606987	-1
6.428606987	-1
6.428606987	-1
6.428606987	-1
6.428606987	-1
6.428606987	-1
6.428606987	-1
6.42888903618	-1
6.42888903618	-1
6.42888903618	-1
6.42888903618	-1
6.42888903618	-1
6.43000507355	-1
6.43000507355	-1
6.48106098175	-1
6.48106098175	-1
6.48106098175	-1
6.48106098175	-1
6.48106098175	-1
6.48106098175	-1
6.48106098175	-1
6.48106098175	-1
6.48138785362	-1
6.48138785362	-1
6.48138785362	-1
6.48138785362	-1
6.48138785362	-1
6.49203586578	-1
6.49203586578	-1
6.49203586578	-1
6.49203586578	-1
6.49203586578	-1
6.49203586578	-1
6.49203586578	-1
6.49203586578	-1
6.49226999283	-1
6.49295401573	1
6.49673891068	-1
6.49673891068	-1
6.49673891068	-1
6.49673891068	-1
6.49673891068	-1
6.49673891068	-1
6.49673891068	-1
6.49673891068	-1
6.4973089695	-1
6.4973089695	-1
6.4973089695	-1
6.4973089695	-1
6.4973089695	-1
6.4973089695	-1
6.4973089695	-1
6.4973089695	-1
6.51294589043	-1
6.51294589043	-1
6.51294589043	-1
6.51294589043	-1
6.51294589043	-1
6.51294589043	-1
6.51294589043	-1
6.5131790638	-1
6.53064608574	-1
6.53064608574	-1
6.53064608574	-1
6.53064608574	-1
6.53064608574	-1
6.53064608574	-1
6.53064608574	-1
6.53064608574	-1
6.53097605705	-1
6.53097605705	-1
6.53097605705	-1
6.53097605705	-1
6.53097605705	-1
6.53097605705	-1
6.53097605705	-1
6.55542206764	-1
6.55542206764	-1
6.59380507469	1
6.59380507469	1
6.66688609123	-1
6.66688609123	-1
6.66688609123	-1
6.66688609123	-1
6.66688609123	-1
6.66688609123	-1
6.66688609123	-1
6.66688609123	-1
6.66734099388	-1
6.66734099388	-1
6.66734099388	-1
6.66734099388	-1
6.66734099388	-1
6.66758704185	-1
6.66771006584	-1
6.66771006584	-1
6.66771006584	-1
6.66771006584	-1
6.66771006584	-1
6.66771006584	-1
6.66771006584	-1
6.6679558754	-1
6.6679558754	-1
6.66804289818	-1
6.66804289818	-1
6.6682009697	-1
6.6682009697	-1
6.6682009697	-1
6.6682009697	-1
6.6682009697	-1
6.6682009697	-1
6.6682009697	-1
6.6682009697	-1
6.6682009697	-1
6.66873598099	-1
6.66873598099	-1
6.66891002655	1
6.73046398163	-1
6.73046398163	-1
6.73046398163	-1
6.79786300659	1
6.85599303246	-1
7.00253391266	1
7.00253391266	1
7.00319886208	1
7.00325703621	1
7.00325703621	1
7.00325703621	1
7.05420207977	1
7.05420207977	1
7.06641197205	1
7.06641197205	1
7.06641197205	1
7.45356798172	-1
7.63424992561	-1
7.65398597717	-1
7.65398597717	-1
7.65398597717	-1
7.65398597717	-1
7.65398597717	-1
7.65398597717	-1
7.65398597717	-1
7.65625691414	-1
7.65650701523	-1
7.65650701523	-1
7.65650701523	-1
7.65650701523	-1
7.65650701523	-1
7.65650701523	-1
7.65650701523	-1
7.66143298149	-1
7.68428206444	-1
7.68428206444	-1
7.68428206444	-1
7.68428206444	-1
7.68428206444	-1
7.68428206444	-1
7.68428206444	-1
7.68449997902	-1
7.69743990898	-1
7.69743990898	-1
7.77833104134	-1
7.77833104134	-1
7.77833104134	-1
7.77833104134	-1
7.77833104134	-1
7.77833104134	-1
7.77833104134	-1
7.77833104134	-1
7.7787129879	-1
7.7787129879	-1
7.7787129879	-1
7.7787129879	-1
7.7787129879	-1
7.83731198311	-1
7.83755803108	-1
7.83755803108	-1
7.83755803108	-1
7.83865690231	1
7.83961701393	-1
7.83961701393	-1
7.83961701393	-1
7.84105587006	-1
7.84105587006	-1
7.84105587006	-1
7.84105587006	-1
7.84105587006	-1
7.84105587006	-1
7.84105587006	-1
7.84105587006	-1
7.84183597565	-1
7.87749195099	1
7.87749195099	1
7.90178608894	1
8.02376699448	-1
8.12634086609	-1
8.12846708298	1
8.52946686745	-1
8.71916604042	-1
8.71916604042	-1
8.72131204605	-1
8.72192287445	1
8.78227686882	-1
8.86881899834	-1
8.86881899834	-1
8.86881899834	-1
8.86881899834	-1
8.86881899834	-1
8.86881899834	-1
8.87049794197	-1
8.87049794197	-1
8.88225197792	-1
8.88331604004	1
8.94544792175	-1
8.94754886627	1
9.01194596291	1
9.01194596291	1
9.41548991203	-1
9.53720402718	-1
9.54554700851	1
9.59517097473	-1
9.59517097473	-1
9.60116791725	-1
10.0150170326	-1
10.2503390312	-1
10.2623488903	1
10.7443609238	-1
10.933150053	-1
10.933150053	-1
10.933150053	-1
10.933150053	-1
10.933150053	-1
10.933150053	-1
10.9366300106	-1
10.9366300106	-1
10.9366300106	-1
10.9366300106	-1
10.9366300106	-1
10.9366300106	-1
10.9366300106	-1
10.9366300106	-1
10.9970030785	-1
11.0047600269	1
11.0678470135	1
11.1126849651	-1
11.1126849651	-1
11.1126849651	-1
11.1126849651	-1
11.1126849651	-1
11.1126849651	-1
11.1126849651	-1
11.1131589413	-1
11.1131589413	-1
11.117825985	-1
11.117825985	-1
11.117825985	-1
11.117825985	-1
11.117825985	-1
11.117825985	-1
11.1761369705	-1
11.4602489471	-1
13.0061030388	1
13.0061030388	1
