0.0	1
0.112575054169	1
0.225306987762	-1
0.363002061844	-1
0.38051199913	-1
0.38051199913	-1
0.38051199913	-1
0.38051199913	-1
0.38051199913	-1
0.38051199913	-1
0.38051199913	-1
0.381782054901	-1
0.475739955902	-1
0.485527992249	1
0.686255931854	-1
0.837877035141	-1
0.83900308609	1
1.23498988152	-1
1.25567793846	-1
1.25567793846	-1
1.25567793846	-1
1.25567793846	-1
1.25567793846	-1
1.25567793846	-1
1.25567793846	-1
1.25567793846	-1
1.25849294662	-1
1.25886392593	-1
1.25886392593	-1
1.25886392593	-1
1.25886392593	-1
1.25886392593	-1
1.25886392593	-1
1.25886392593	-1
1.2591919899	-1
1.2591919899	-1
1.2591919899	-1
1.2591919899	-1
1.2591919899	-1
1.2591919899	-1
1.2591919899	-1
1.25956010818	-1
1.25956010818	-1
1.25956010818	-1
1.26086807251	1
1.30502796173	1
1.30502796173	1
1.30502796173	1
1.30643510818	1
1.30643510818	1
1.37284708023	1
1.52743887901	-1
1.5373749733	-1
1.5373749733	-1
1.5373749733	-1
1.5373749733	-1
1.5373749733	-1
1.5373749733	-1
1.5373749733	-1
1.58015298843	-1
1.58241605759	-1
1.58241605759	-1
1.58241605759	-1
1.58241605759	-1
1.58241605759	-1
1.58241605759	-1
1.58241605759	-1
1.58447408676	1
1.6892850399	-1
1.6892850399	-1
1.6892850399	-1
1.68936395645	-1
1.68936395645	-1
1.68936395645	-1
1.68936395645	-1
1.68936395645	-1
1.6975209713	1
1.95357990265	-1
1.95357990265	-1
1.95529198647	1
1.95542001724	1
1.95542001724	1
1.95542001724	1
2.0677280426	1
2.33923387527	-1
2.52837705612	-1
2.53408694267	-1
2.53408694267	-1
2.53408694267	-1
2.53408694267	-1
2.53408694267	-1
2.53408694267	-1
2.53408694267	-1
2.53408694267	-1
2.53431606293	-1
2.53431606293	-1
2.53431606293	-1
2.53431606293	-1
2.53431606293	-1
2.53431606293	-1
2.53431606293	-1
2.53431606293	-1
2.53469491005	-1
2.53469491005	-1
2.53469491005	-1
2.53469491005	-1
2.53469491005	-1
2.53469491005	-1
2.53469491005	-1
2.53469491005	-1
2.536413908	-1
2.536413908	-1
2.536413908	-1
2.536413908	-1
2.536413908	-1
2.536413908	-1
2.536413908	-1
2.536413908	-1
2.64660310745	-1
2.64660310745	-1
2.64660310745	-1
2.64660310745	-1
2.64660310745	-1
2.64660310745	-1
2.64660310745	-1
2.64696907997	-1
2.64696907997	-1
2.64696907997	-1
2.64696907997	-1
2.64696907997	-1
2.64696907997	-1
2.64696907997	-1
2.64696907997	-1
2.6475250721	-1
2.6475250721	-1
2.6475250721	-1
2.6475250721	-1
2.6475250721	-1
2.6475250721	-1
2.6475250721	-1
2.6475250721	-1
2.64793395996	-1
2.64793395996	-1
2.64793395996	-1
2.64793395996	-1
2.64793395996	-1
2.64793395996	-1
2.64793395996	-1
2.64793395996	-1
2.651045084	1
2.75398087502	-1
2.75398087502	-1
2.75398087502	-1
2.75398087502	-1
2.75398087502	-1
2.75398087502	-1
2.75398087502	-1
2.75398087502	-1
2.75413393974	-1
2.75413393974	-1
2.75413393974	-1
2.75413393974	-1
2.75413393974	-1
2.75413393974	-1
2.75413393974	-1
2.75413393974	-1
2.75458288193	-1
2.75458288193	-1
2.75458288193	-1
2.75458288193	-1
2.75458288193	-1
2.75458288193	-1
2.75458288193	-1
2.75458288193	-1
2.76079010963	-1
2.76079010963	-1
2.76079010963	-1
2.76079010963	-1
2.76079010963	-1
2.76079010963	-1
2.76079010963	-1
2.76079010963	-1
2.76103305817	-1
2.76103305817	-1
2.76103305817	-1
2.76103305817	-1
2.76103305817	-1
2.76103305817	-1
2.76103305817	-1
2.76103305817	-1
2.76136898994	-1
2.76136898994	-1
2.76136898994	-1
2.76136898994	-1
2.76136898994	-1
2.76136898994	-1
2.76136898994	-1
2.76136898994	-1
2.76307797432	1
2.86694288254	-1
2.86694288254	-1
2.86694288254	-1
2.86694288254	-1
2.86694288254	-1
2.86694288254	-1
2.86694288254	-1
2.86826109886	-1
2.86826109886	-1
2.86826109886	-1
2.86826109886	-1
2.86826109886	-1
2.86826109886	-1
2.86826109886	-1
2.86826109886	-1
2.86854600906	-1
2.86854600906	-1
2.86854600906	-1
2.86854600906	-1
2.86854600906	-1
2.86854600906	-1
2.86854600906	-1
2.86854600906	-1
2.86899805069	-1
2.86899805069	-1
2.86899805069	-1
2.86899805069	-1
2.86899805069	-1
2.86899805069	-1
2.86899805069	-1
2.86899805069	-1
2.87418293953	-1
2.87418293953	-1
2.87418293953	-1
2.87418293953	-1
2.87418293953	-1
2.87418293953	-1
2.87418293953	-1
2.87418293953	-1
2.87448596954	-1
2.87448596954	-1
2.87448596954	-1
2.87448596954	-1
2.87448596954	-1
2.87448596954	-1
2.87448596954	-1
2.87448596954	-1
2.8748550415	-1
2.8748550415	-1
2.8748550415	-1
2.8748550415	-1
2.8748550415	-1
2.8748550415	-1
2.8748550415	-1
2.91556406021	1
2.91556406021	1
2.99175000191	1
2.99175000191	1
2.99175000191	1
2.99761795998	1
2.99761795998	1
3.16968894005	1
3.16968894005	1
3.16968894005	1
3.16968894005	1
3.17144107819	1
3.17144107819	1
3.17144107819	1
3.17320609093	1
3.21635293961	1
3.21635293961	1
3.41810798645	-1
3.41959691048	1
3.48782110214	-1
3.48782110214	-1
3.48782110214	-1
3.53286290169	1
3.53286290169	1
3.61962795258	-1
3.61962795258	-1
3.61962795258	-1
3.61962795258	-1
3.61962795258	-1
3.61962795258	-1
3.61962795258	-1
3.64785909653	1
3.6481359005	-1
3.6481359005	-1
3.6481359005	-1
3.6481359005	-1
3.6481359005	-1
3.6481359005	-1
3.6481359005	-1
3.6481359005	-1
3.6481359005	-1
3.6481359005	-1
3.64854001999	-1
3.64854001999	-1
3.64854001999	-1
3.64854001999	-1
3.64854001999	-1
3.64886689186	-1
3.64886689186	-1
3.64886689186	-1
3.64886689186	-1
3.64886689186	-1
3.64886689186	-1
3.64886689186	-1
3.64915108681	-1
3.64927887917	-1
3.64927887917	-1
3.64927887917	-1
3.64927887917	-1
3.64927887917	-1
3.64927887917	-1
3.64927887917	-1
3.64927887917	-1
3.73358798027	-1
3.73358798027	-1
3.73358798027	-1
3.73358798027	-1
3.73358798027	-1
3.73358798027	-1
3.73358798027	-1
3.73358798027	-1
3.73358798027	-1
3.76073288918	-1
3.76073288918	-1
3.76073288918	-1
3.76073288918	-1
3.76073288918	-1
3.76073288918	-1
3.76073288918	-1
3.76073288918	-1
3.76115107536	-1
3.76115107536	-1
3.76115107536	-1
3.76115107536	-1
3.76115107536	-1
3.76115107536	-1
3.76115107536	-1
3.76115107536	-1
3.76164603233	-1
3.76164603233	-1
3.76164603233	-1
3.76164603233	-1
3.76164603233	-1
3.76164603233	-1
3.76164603233	-1
3.76164603233	-1
3.76188802719	-1
3.76188802719	-1
3.76188802719	-1
3.76188802719	-1
3.76188802719	-1
3.76188802719	-1
3.76188802719	-1
3.76188802719	-1
3.76225590706	-1
3.76225590706	-1
3.76225590706	-1
3.76225590706	-1
3.76225590706	-1
3.76225590706	-1
3.76225590706	-1
3.76225590706	-1
3.76245808601	1
3.87533187866	-1
3.87533187866	-1
3.87533187866	-1
3.87533187866	-1
3.87533187866	-1
3.87533187866	-1
3.87533187866	-1
3.87560105324	-1
3.87560105324	-1
3.87560105324	-1
3.87560105324	-1
3.87560105324	-1
3.87560105324	-1
3.87560105324	-1
3.87560105324	-1
3.87605595589	-1
3.87605595589	-1
3.87605595589	-1
3.87605595589	-1
3.87605595589	-1
3.87605595589	-1
3.87605595589	-1
3.87605595589	-1
3.87644600868	-1
3.87644600868	-1
3.87644600868	-1
3.87644600868	-1
3.87644600868	-1
3.87644600868	-1
3.87644600868	-1
3.87644600868	-1
3.87659406662	-1
3.87659406662	-1
3.87659406662	-1
3.87659406662	-1
3.87659406662	-1
3.87659406662	-1
3.87659406662	-1
3.87659406662	-1
3.87705993652	-1
3.87705993652	-1
3.87705993652	-1
3.87705993652	-1
3.87705993652	-1
3.87705993652	-1
3.87818789482	1
3.98978304863	-1
3.98978304863	-1
3.98978304863	-1
3.98978304863	-1
3.98978304863	-1
3.98978304863	-1
3.98978304863	-1
3.98978304863	-1
3.99006009102	-1
3.99006009102	-1
3.99006009102	-1
3.99006009102	-1
3.99006009102	-1
3.99006009102	-1
3.99006009102	-1
3.99006009102	-1
3.99042797089	-1
3.99042797089	-1
3.99042797089	-1
3.99042797089	-1
3.99042797089	-1
3.99042797089	-1
3.99042797089	-1
3.99042797089	-1
3.99083304405	-1
3.99083304405	-1
3.99083304405	-1
3.99083304405	-1
3.99083304405	-1
3.99083304405	-1
3.99083304405	-1
3.99083304405	-1
3.99149298668	-1
3.99149298668	-1
3.99149298668	-1
3.99149298668	-1
3.99149298668	-1
3.99149298668	-1
3.99149298668	-1
3.99177193642	-1
3.99177193642	-1
3.99177193642	-1
3.99177193642	-1
3.99177193642	-1
3.99177193642	-1
3.99177193642	-1
3.99177193642	-1
3.99213600159	-1
3.99213600159	-1
3.99213600159	-1
3.99213600159	-1
3.99213600159	-1
3.99213600159	-1
3.99213600159	-1
3.99213600159	-1
4.06793498993	1
4.06793498993	1
4.10350108147	-1
4.10350108147	-1
4.10350108147	-1
4.10350108147	-1
4.10350108147	-1
4.10350108147	-1
4.10350108147	-1
4.10350108147	-1
4.10422992706	-1
4.10422992706	-1
4.10422992706	-1
4.10422992706	-1
4.10422992706	-1
4.10422992706	-1
4.10422992706	-1
4.10422992706	-1
4.10455703735	-1
4.10455703735	-1
4.10455703735	-1
4.10455703735	-1
4.10455703735	-1
4.10455703735	-1
4.10455703735	-1
4.10455703735	-1
4.1050889492	-1
4.1050889492	-1
4.1050889492	-1
4.1050889492	-1
4.1050889492	-1
4.1050889492	-1
4.1050889492	-1
4.1050889492	-1
4.10623502731	-1
4.10623502731	-1
4.10623502731	-1
4.10623502731	-1
4.10623502731	-1
4.10623502731	-1
4.10623502731	-1
4.10623502731	-1
4.21566104889	1
4.21566104889	1
4.21975898743	-1
4.21975898743	-1
4.21975898743	-1
4.21975898743	-1
4.21975898743	-1
4.21975898743	-1
4.21975898743	-1
4.21997594833	-1
4.21997594833	-1
4.21997594833	-1
4.21997594833	-1
4.21997594833	-1
4.21997594833	-1
4.21997594833	-1
4.21997594833	-1
4.22034287453	-1
4.22034287453	-1
4.22034287453	-1
4.22034287453	-1
4.22034287453	-1
4.22034287453	-1
4.22034287453	-1
4.22034287453	-1
4.22085595131	-1
4.22085595131	-1
4.22085595131	-1
4.22085595131	-1
4.22085595131	-1
4.22085595131	-1
4.22085595131	-1
4.22085595131	-1
4.25774097443	-1
4.25774097443	-1
4.25774097443	-1
4.25774097443	-1
4.25774097443	-1
4.25774097443	-1
4.25774097443	-1
4.25774097443	-1
4.25810599327	-1
4.25810599327	-1
4.25810599327	-1
4.25810599327	-1
4.25810599327	-1
4.25810599327	-1
4.25810599327	-1
4.25810599327	-1
4.25847506523	-1
4.25847506523	-1
4.25847506523	-1
4.25847506523	-1
4.25847506523	-1
4.25847506523	-1
4.25847506523	-1
4.25847506523	-1
4.33264398575	1
4.33281302452	-1
4.33281302452	-1
4.33281302452	-1
4.33281302452	-1
4.33281302452	-1
4.33281302452	-1
4.33281302452	-1
4.33281302452	-1
4.3333671093	-1
4.3333671093	-1
4.3333671093	-1
4.3333671093	-1
4.3333671093	-1
4.3333671093	-1
4.3333671093	-1
4.3333671093	-1
4.33397889137	-1
4.33397889137	-1
4.33397889137	-1
4.33397889137	-1
4.33397889137	-1
4.33397889137	-1
4.33397889137	-1
4.33397889137	-1
4.37116789818	-1
4.37116789818	-1
4.37116789818	-1
4.37116789818	-1
4.37116789818	-1
4.37116789818	-1
4.37116789818	-1
4.37184405327	-1
4.37184405327	-1
4.37184405327	-1
4.37184405327	-1
4.37184405327	-1
4.37184405327	-1
4.37184405327	-1
4.37184405327	-1
4.37223887444	-1
4.37223887444	-1
4.37223887444	-1
4.37223887444	-1
4.37223887444	-1
4.37223887444	-1
4.37223887444	-1
4.37223887444	-1
4.37268209457	-1
4.37268209457	-1
4.37268209457	-1
4.37268209457	-1
4.37268209457	-1
4.37268209457	-1
4.37268209457	-1
4.37268209457	-1
4.44689297676	1
4.44689297676	1
4.44707798958	-1
4.44707798958	-1
4.44707798958	-1
4.44707798958	-1
4.44707798958	-1
4.44707798958	-1
4.44707798958	-1
4.44707798958	-1
4.44732403755	-1
4.44732403755	-1
4.44732403755	-1
4.44732403755	-1
4.44732403755	-1
4.44732403755	-1
4.44732403755	-1
4.44732403755	-1
4.44769310951	-1
4.44769310951	-1
4.44769310951	-1
4.44769310951	-1
4.44769310951	-1
4.44769310951	-1
4.44769310951	-1
4.44769310951	-1
4.48473906517	-1
4.48473906517	-1
4.48473906517	-1
4.48473906517	-1
4.48473906517	-1
4.48473906517	-1
4.48473906517	-1
4.48473906517	-1
4.55954504013	1
4.56040787697	-1
4.56040787697	-1
4.56040787697	-1
4.56040787697	-1
4.56040787697	-1
4.56040787697	-1
4.56040787697	-1
4.5656709671	1
4.5656709671	1
4.5656709671	1
4.62395906448	1
4.62395906448	1
4.784044981	1
4.98231291771	-1
5.03142595291	-1
5.03142595291	-1
5.03142595291	-1
5.03142595291	-1
5.03142595291	-1
5.03142595291	-1
5.03142595291	-1
5.05013799667	-1
5.05026197433	-1
5.05026197433	-1
5.05026197433	-1
5.05026197433	-1
5.05282998085	1
5.25266599655	-1
5.25266599655	-1
5.25266599655	-1
5.2527050972	1
5.25300097466	-1
5.25300097466	-1
5.25300097466	-1
5.25300097466	-1
5.25300097466	-1
5.25300097466	-1
5.25300097466	-1
5.25300097466	-1
5.25336909294	-1
5.25336909294	-1
5.25336909294	-1
5.25336909294	-1
5.25336909294	-1
5.25431704521	-1
5.25443410873	-1
5.25443410873	-1
5.25443410873	-1
5.25443410873	-1
5.25443410873	-1
5.25443410873	-1
5.25443410873	-1
5.25596904755	-1
5.44976401329	-1
5.44980788231	1
5.80945396423	-1
5.84187197685	-1
5.84187197685	-1
5.84187197685	-1
5.84187197685	-1
5.84187197685	-1
5.84187197685	-1
5.84187197685	-1
5.84337592125	-1
5.84360599518	-1
5.84360599518	-1
5.84360599518	-1
5.84360599518	-1
5.84360599518	-1
5.84360599518	-1
5.84360599518	-1
5.95426893234	-1
5.99999189377	1
6.25589108467	-1
6.25640106201	1
6.36932706833	1
6.63043189049	-1
6.78179097176	-1
6.78179097176	-1
9.67586994171	1
9.6760289669	1
9.6760289669	1
9.6760289669	1
9.98350405693	-1
