0.0	1
0.111665964127	1
0.253592014313	-1
0.375018119812	-1
0.386870145798	-1
0.386870145798	-1
0.386870145798	-1
0.386870145798	-1
0.386870145798	-1
0.386870145798	-1
0.386870145798	-1
0.386870145798	-1
0.398318052292	-1
0.486886978149	-1
0.497516155243	1
0.752779006958	-1
0.753940105438	1
1.2236571312	-1
1.22460794449	-1
1.22460794449	-1
1.22460794449	-1
1.22460794449	-1
1.22460794449	-1
1.22460794449	-1
1.22460794449	-1
1.22460794449	-1
1.23527693748	-1
1.23627901077	1
1.24170804024	-1
1.24170804024	-1
1.24170804024	-1
1.24170804024	-1
1.24170804024	-1
1.24170804024	-1
1.24170804024	-1
1.24684906006	-1
1.24713897705	-1
1.24713897705	-1
1.24713897705	-1
1.24713897705	-1
1.24713897705	-1
1.24713897705	-1
1.24713897705	-1
1.24738192558	-1
1.24738192558	-1
1.24738192558	-1
1.2924580574	1
1.2924580574	1
1.2924580574	1
1.29446196556	1
1.29446196556	1
1.33651900291	-1
1.3478500843	1
1.46002697945	-1
1.49486899376	-1
1.49486899376	-1
1.49486899376	-1
1.49997615814	-1
1.49997615814	-1
1.49997615814	-1
1.49997615814	-1
1.49997615814	-1
1.49997615814	-1
1.49997615814	-1
1.50643396378	-1
1.50654506683	-1
1.50654506683	-1
1.50654506683	-1
1.50654506683	-1
1.51006102562	1
1.55044603348	-1
1.56637811661	-1
1.56637811661	-1
1.56637811661	-1
1.56642699242	-1
1.56642699242	-1
1.56642699242	-1
1.56642699242	-1
1.66155695915	1
1.71877908707	-1
1.72050905228	1
1.72050905228	1
1.72050905228	1
1.72050905228	1
1.83607792854	-1
2.04561805725	1
2.08167910576	-1
2.08963894844	-1
2.08963894844	-1
2.08963894844	-1
2.09398794174	-1
2.09398794174	-1
2.09398794174	-1
2.09398794174	-1
2.09398794174	-1
2.10146307945	-1
2.10146307945	-1
2.10146307945	-1
2.10146307945	-1
2.10146307945	-1
2.10146307945	-1
2.10146307945	-1
2.10146307945	-1
2.10594892502	-1
2.10594892502	-1
2.10594892502	-1
2.10594892502	-1
2.10594892502	-1
2.10594892502	-1
2.10594892502	-1
2.10594892502	-1
2.10617613792	-1
2.10617613792	-1
2.10617613792	-1
2.10617613792	-1
2.10617613792	-1
2.10617613792	-1
2.10617613792	-1
2.1110470295	-1
2.1110470295	-1
2.11119508743	-1
2.11119508743	-1
2.11119508743	-1
2.11119508743	-1
2.11119508743	-1
2.11119508743	-1
2.11119508743	-1
2.2020380497	-1
2.20207309723	-1
2.20207309723	-1
2.20207309723	-1
2.20207309723	-1
2.20329594612	1
2.20602703094	-1
2.20602703094	-1
2.20602703094	-1
2.20602703094	-1
2.20602703094	-1
2.20616793633	-1
2.20616793633	-1
2.20616793633	-1
2.21346116066	-1
2.21351003647	-1
2.21351003647	-1
2.21351003647	-1
2.21351003647	-1
2.21351003647	-1
2.21351003647	-1
2.21351003647	-1
2.21351003647	-1
2.21351003647	-1
2.21799015999	-1
2.21799015999	-1
2.21799015999	-1
2.21799015999	-1
2.21799015999	-1
2.21823501587	-1
2.21823501587	-1
2.21823501587	-1
2.21823501587	-1
2.21823501587	-1
2.21823501587	-1
2.21823501587	-1
2.21823501587	-1
2.21823501587	-1
2.21862411499	-1
2.21862411499	-1
2.21862411499	-1
2.21862411499	-1
2.21862411499	-1
2.21862411499	-1
2.21862411499	-1
2.21877408028	-1
2.22316002846	-1
2.22316002846	-1
2.22320699692	-1
2.22320699692	-1
2.22320699692	-1
2.22320699692	-1
2.22320699692	-1
2.22320699692	-1
2.22320699692	-1
2.31404209137	-1
2.31404209137	-1
2.31404209137	-1
2.31404209137	-1
2.31404209137	-1
2.31404209137	-1
2.31404209137	-1
2.31532001495	-1
2.31532001495	-1
2.31532001495	-1
2.31532001495	-1
2.31532001495	-1
2.31532001495	-1
2.31532001495	-1
2.31532001495	-1
2.31532001495	-1
2.31535410881	1
2.31535410881	1
2.31841611862	-1
2.31841611862	-1
2.31841611862	-1
2.31841611862	-1
2.31841611862	-1
2.32535600662	-1
2.32535600662	-1
2.32535600662	-1
2.32535600662	-1
2.32535600662	-1
2.32535600662	-1
2.32535600662	-1
2.32535600662	-1
2.32535600662	-1
2.3257060051	-1
2.3257060051	-1
2.3257060051	-1
2.3257060051	-1
2.3257060051	-1
2.3257060051	-1
2.3257060051	-1
2.32595205307	-1
2.32988095284	-1
2.32988095284	-1
2.32988095284	-1
2.32988095284	-1
2.32988095284	-1
2.32988095284	-1
2.32988095284	-1
2.32988095284	-1
2.3302321434	-1
2.3302321434	-1
2.3302321434	-1
2.3302321434	-1
2.3302321434	-1
2.3302321434	-1
2.33047795296	-1
2.33047795296	-1
2.33047795296	-1
2.33047795296	-1
2.33047795296	-1
2.33047795296	-1
2.33047795296	-1
2.33047795296	-1
2.33047795296	-1
2.33084607124	-1
2.33084607124	-1
2.33084607124	-1
2.33084607124	-1
2.33084607124	-1
2.33084607124	-1
2.33084607124	-1
2.33084607124	-1
2.3312151432	-1
2.3312151432	-1
2.3312151432	-1
2.3312151432	-1
2.3312151432	-1
2.3312151432	-1
2.3312151432	-1
2.37435793877	1
2.37435793877	1
2.37435793877	1
2.4673500061	1
2.52903604507	1
2.52903604507	1
2.52903604507	1
2.52903604507	1
2.5302169323	1
2.5302169323	1
2.5302169323	1
2.53202605247	1
2.57912993431	1
2.57912993431	1
2.65337300301	-1
2.69693112373	-1
2.69693112373	-1
2.69693112373	-1
2.69729208946	-1
2.69729208946	-1
2.69729208946	-1
2.69729208946	-1
2.69729208946	-1
2.69729208946	-1
2.69729208946	-1
2.69753813744	-1
2.70363998413	-1
2.70363998413	-1
2.70363998413	-1
2.70363998413	-1
2.70363998413	-1
2.70363998413	-1
2.70363998413	-1
2.71202111244	1
2.7121450901	1
2.7121450901	1
2.7121450901	1
2.71501803398	-1
2.71535515785	-1
2.71535515785	-1
2.71535515785	-1
2.71535515785	-1
2.71535515785	-1
2.71535515785	-1
2.71535515785	-1
2.71572113037	-1
2.71590614319	-1
2.71590614319	-1
2.71590614319	-1
2.71590614319	-1
2.71590614319	-1
2.71590614319	-1
2.71590614319	-1
2.71633815765	-1
2.71633815765	-1
2.71656298637	-1
2.71656298637	-1
2.71656298637	-1
2.71656298637	-1
2.71656298637	-1
2.71656298637	-1
2.80435109138	-1
2.80435109138	-1
2.80435109138	-1
2.80435109138	-1
2.80435109138	-1
2.80435109138	-1
2.80435109138	-1
2.80435109138	-1
2.80537509918	1
2.80537509918	1
2.80537509918	1
2.8093020916	-1
2.8093020916	-1
2.8093020916	-1
2.8093380928	-1
2.8093380928	-1
2.80953407288	-1
2.80953407288	-1
2.80953407288	-1
2.80953407288	-1
2.80953407288	-1
2.80953407288	-1
2.80953407288	-1
2.80978107452	-1
2.80978107452	-1
2.80978107452	-1
2.80978107452	-1
2.80978107452	-1
2.80978107452	-1
2.80978107452	-1
2.81598615646	-1
2.81598615646	-1
2.81598615646	-1
2.81598615646	-1
2.81598615646	-1
2.81598615646	-1
2.81598615646	-1
2.81598615646	-1
2.82757806778	-1
2.82757806778	-1
2.82757806778	-1
2.82757806778	-1
2.82757806778	-1
2.82757806778	-1
2.82757806778	-1
2.82757806778	-1
2.82794594765	-1
2.82794594765	-1
2.82806801796	-1
2.82806801796	-1
2.82806801796	-1
2.82806801796	-1
2.82806801796	-1
2.82806801796	-1
2.82831406593	-1
2.82831406593	-1
2.82831406593	-1
2.82831406593	-1
2.82831406593	-1
2.82831406593	-1
2.82831406593	-1
2.82831406593	-1
2.82870292664	-1
2.82870292664	-1
2.82870292664	-1
2.82870292664	-1
2.82870292664	-1
2.86833310127	-1
2.86833310127	-1
2.86833310127	-1
2.86833310127	-1
2.86833310127	-1
2.86833310127	-1
2.86833310127	-1
2.86833310127	-1
2.91643595695	-1
2.91643595695	-1
2.91643595695	-1
2.91643595695	-1
2.91643595695	-1
2.91643595695	-1
2.91643595695	-1
2.91643595695	-1
2.92124295235	-1
2.92124295235	-1
2.92124295235	-1
2.92124295235	-1
2.92124295235	-1
2.92124295235	-1
2.92124295235	-1
2.92124295235	-1
2.92167615891	-1
2.92167615891	-1
2.92167615891	-1
2.92167615891	-1
2.92167615891	-1
2.92167615891	-1
2.92167615891	-1
2.92167615891	-1
2.92194414139	-1
2.92194414139	-1
2.92194414139	-1
2.92194414139	-1
2.92194414139	-1
2.92194414139	-1
2.92194414139	-1
2.92788100243	-1
2.92788100243	-1
2.92788100243	-1
2.92788100243	-1
2.92788100243	-1
2.92788100243	-1
2.92788100243	-1
2.92788100243	-1
2.9288790226	1
2.9288790226	1
2.9288790226	1
2.93620014191	-1
2.93620014191	-1
2.93620014191	-1
2.93620014191	-1
2.93620014191	-1
2.93620014191	-1
2.93620014191	-1
2.93620014191	-1
2.93936610222	-1
2.93936610222	-1
2.93936610222	-1
2.93936610222	-1
2.93936610222	-1
2.93936610222	-1
2.93936610222	-1
2.93936610222	-1
2.93973493576	-1
2.93973493576	-1
2.93973493576	-1
2.93973493576	-1
2.93973493576	-1
2.93973493576	-1
2.93973493576	-1
2.93973493576	-1
2.94012308121	-1
2.94012308121	-1
2.94012308121	-1
2.94012308121	-1
2.94012308121	-1
2.94012308121	-1
2.94012308121	-1
2.94012308121	-1
2.94049310684	-1
2.94049310684	-1
2.94049310684	-1
2.94049310684	-1
2.94049310684	-1
2.94049310684	-1
2.94049310684	-1
2.94049310684	-1
2.94086003304	-1
2.94086003304	-1
2.94086003304	-1
2.94086003304	-1
2.94086003304	-1
2.94086003304	-1
2.94086003304	-1
2.94086003304	-1
2.94127106667	-1
2.94127106667	-1
2.94127106667	-1
2.94127106667	-1
2.94127106667	-1
2.94127106667	-1
2.94127106667	-1
2.98037910461	-1
2.98037910461	-1
2.98037910461	-1
2.98037910461	-1
2.98037910461	-1
2.98037910461	-1
2.98037910461	-1
2.98037910461	-1
3.02849411964	-1
3.02849411964	-1
3.02849411964	-1
3.02849411964	-1
3.02849411964	-1
3.02849411964	-1
3.02849411964	-1
3.02849411964	-1
3.03328514099	-1
3.03328514099	-1
3.03328514099	-1
3.03328514099	-1
3.03328514099	-1
3.03328514099	-1
3.03328514099	-1
3.03328514099	-1
3.03394794464	-1
3.03394794464	-1
3.03394794464	-1
3.03394794464	-1
3.03394794464	-1
3.03394794464	-1
3.03394794464	-1
3.0343079567	-1
3.0343079567	-1
3.0343079567	-1
3.0343079567	-1
3.0343079567	-1
3.0343079567	-1
3.0343079567	-1
3.0343079567	-1
3.03455400467	-1
3.03455400467	-1
3.03455400467	-1
3.03455400467	-1
3.03455400467	-1
3.03455400467	-1
3.03455400467	-1
3.03455400467	-1
3.038449049	1
3.038449049	1
3.038449049	1
3.03983807564	-1
3.03983807564	-1
3.03983807564	-1
3.03983807564	-1
3.03983807564	-1
3.03983807564	-1
3.03983807564	-1
3.03983807564	-1
3.05157804489	-1
3.05157804489	-1
3.05157804489	-1
3.05157804489	-1
3.05157804489	-1
3.05157804489	-1
3.05157804489	-1
3.05157804489	-1
3.05193805695	-1
3.05193805695	-1
3.05193805695	-1
3.05193805695	-1
3.05193805695	-1
3.05193805695	-1
3.05193805695	-1
3.05193805695	-1
3.05230593681	-1
3.05230593681	-1
3.05230593681	-1
3.05230593681	-1
3.05230593681	-1
3.05230593681	-1
3.05230593681	-1
3.05230593681	-1
3.0526740551	-1
3.0526740551	-1
3.0526740551	-1
3.0526740551	-1
3.0526740551	-1
3.0526740551	-1
3.0526740551	-1
3.0526740551	-1
3.05347204208	-1
3.05347204208	-1
3.05347204208	-1
3.05347204208	-1
3.05347204208	-1
3.05347204208	-1
3.05347204208	-1
3.05371809006	-1
3.05371809006	-1
3.05371809006	-1
3.05371809006	-1
3.05371809006	-1
3.05371809006	-1
3.05371809006	-1
3.05371809006	-1
3.05408596992	-1
3.05408596992	-1
3.05408596992	-1
3.05408596992	-1
3.05408596992	-1
3.05408596992	-1
3.05408596992	-1
3.05408596992	-1
3.05445504189	-1
3.05445504189	-1
3.05445504189	-1
3.05445504189	-1
3.05445504189	-1
3.05445504189	-1
3.05445504189	-1
3.05445504189	-1
3.14554715157	-1
3.14554715157	-1
3.14554715157	-1
3.14554715157	-1
3.14554715157	-1
3.14554715157	-1
3.14554715157	-1
3.14554715157	-1
3.14589595795	-1
3.14589595795	-1
3.14589595795	-1
3.14589595795	-1
3.14589595795	-1
3.14589595795	-1
3.14589595795	-1
3.14589595795	-1
3.14626693726	-1
3.14626693726	-1
3.14626693726	-1
3.14626693726	-1
3.14626693726	-1
3.14626693726	-1
3.14626693726	-1
3.14626693726	-1
3.14665412903	-1
3.14665412903	-1
3.14665412903	-1
3.14665412903	-1
3.14665412903	-1
3.14665412903	-1
3.14665412903	-1
3.14665412903	-1
3.14910292625	1
3.14910292625	1
3.14910292625	1
3.15192914009	-1
3.15192914009	-1
3.15192914009	-1
3.15192914009	-1
3.15192914009	-1
3.15192914009	-1
3.15192914009	-1
3.15228700638	-1
3.15228700638	-1
3.15228700638	-1
3.15228700638	-1
3.15228700638	-1
3.15228700638	-1
3.15228700638	-1
3.15228700638	-1
3.15265512466	-1
3.15265512466	-1
3.15265512466	-1
3.15265512466	-1
3.15265512466	-1
3.15265512466	-1
3.15265512466	-1
3.15265512466	-1
3.15896606445	1
3.15896606445	1
3.16360116005	-1
3.16360116005	-1
3.16360116005	-1
3.16360116005	-1
3.16360116005	-1
3.16360116005	-1
3.16360116005	-1
3.16360116005	-1
3.16363811493	1
3.16473412514	-1
3.16473412514	-1
3.16473412514	-1
3.16473412514	-1
3.16473412514	-1
3.16473412514	-1
3.16473412514	-1
3.16512203217	-1
3.16512203217	-1
3.16512203217	-1
3.16512203217	-1
3.16512203217	-1
3.16512203217	-1
3.16512203217	-1
3.16512203217	-1
3.27663493156	1
3.27663493156	1
3.36131000519	-1
3.36131000519	-1
3.36131000519	-1
3.36290812492	-1
3.36290812492	-1
3.36290812492	-1
3.38152194023	-1
3.38152194023	-1
3.38498210907	-1
3.38498210907	-1
3.38498210907	-1
3.38498210907	-1
3.38498210907	-1
3.38841295242	1
3.5394179821	1
3.57588505745	-1
3.69144415855	1
3.72420215607	-1
3.87218999863	-1
3.98908305168	-1
3.98908305168	-1
3.98908305168	-1
3.98908305168	-1
3.98908305168	-1
3.98908305168	-1
3.98908305168	-1
3.98908305168	-1
3.99581003189	-1
3.9959051609	-1
3.9959051609	-1
3.9959051609	-1
3.9959051609	-1
3.9959051609	-1
3.9959051609	-1
3.9959051609	-1
4.00040006638	-1
4.12003707886	1
4.28931212425	-1
4.29015493393	1
4.45710301399	-1
4.61227703094	-1
4.61227703094	-1
