0.0	1
0.10049200058	1
0.432855844498	-1
0.51073384285	-1
0.51073384285	-1
0.51073384285	-1
0.51073384285	-1
0.51073384285	-1
0.51073384285	-1
0.51073384285	-1
0.51073384285	-1
0.51073384285	-1
0.533748865128	-1
0.634319782257	-1
0.642643928528	1
1.04920887947	-1
1.05040884018	1
1.53289580345	-1
1.58620882034	-1
1.58620882034	-1
1.58620882034	-1
1.58620882034	-1
1.58620882034	-1
1.58620882034	-1
1.58620882034	-1
1.58620882034	-1
1.62229299545	-1
1.62229299545	-1
1.62229299545	-1
1.62229299545	-1
1.62229299545	-1
1.62229299545	-1
1.62229299545	-1
1.64392399788	-1
1.64392399788	-1
1.64392399788	-1
1.64392399788	-1
1.64392399788	-1
1.64392399788	-1
1.64392399788	-1
1.65305280685	1
1.65559983253	1
1.65559983253	1
1.65559983253	1
1.65876984596	1
1.65876984596	1
1.67614078522	-1
1.71336293221	-1
1.71336293221	-1
1.71336293221	-1
1.93600487709	-1
2.03420877457	-1
2.03420877457	-1
2.03420877457	-1
2.03420877457	-1
2.03420877457	-1
2.03420877457	-1
2.03420877457	-1
2.03420877457	-1
2.0753569603	1
2.13739180565	-1
2.21754097939	-1
2.21754097939	-1
2.21754097939	-1
2.21754097939	-1
2.21754097939	-1
2.21754097939	-1
2.21754097939	-1
2.21754097939	-1
2.23607993126	-1
2.23888278008	1
2.27617478371	-1
2.27710390091	-1
2.27710390091	-1
2.27710390091	-1
2.27710390091	-1
2.27710390091	-1
2.51596093178	-1
2.51977682114	1
2.5198969841	1
2.5198969841	1
2.5198969841	1
2.64491176605	-1
2.76076483727	1
2.98592495918	-1
3.02657485008	-1
3.02657485008	-1
3.02657485008	-1
3.02657485008	-1
3.02657485008	-1
3.02657485008	-1
3.02657485008	-1
3.02657485008	-1
3.04912185669	-1
3.04912185669	-1
3.04912185669	-1
3.04912185669	-1
3.04912185669	-1
3.04912185669	-1
3.04912185669	-1
3.08665800095	-1
3.10313391685	-1
3.10313391685	-1
3.10313391685	-1
3.10313391685	-1
3.10313391685	-1
3.10313391685	-1
3.10313391685	-1
3.15131187439	-1
3.15131187439	-1
3.15131187439	-1
3.15131187439	-1
3.15131187439	-1
3.15131187439	-1
3.15131187439	-1
3.15131187439	-1
3.18735289574	-1
3.18852591515	1
3.19084978104	-1
3.19084978104	-1
3.19084978104	-1
3.19084978104	-1
3.19084978104	-1
3.19084978104	-1
3.19084978104	-1
3.21239995956	-1
3.21239995956	-1
3.21239995956	-1
3.21239995956	-1
3.21239995956	-1
3.21239995956	-1
3.21239995956	-1
3.25188779831	-1
3.25188779831	-1
3.25188779831	-1
3.25188779831	-1
3.25188779831	-1
3.25188779831	-1
3.25188779831	-1
3.25188779831	-1
3.27807497978	-1
3.2891638279	1
3.30150198936	-1
3.30150198936	-1
3.30150198936	-1
3.30150198936	-1
3.30150198936	-1
3.30150198936	-1
3.30150198936	-1
3.34538793564	-1
3.34538793564	-1
3.38851284981	-1
3.3943707943	-1
3.3943707943	-1
3.3943707943	-1
3.3943707943	-1
3.3943707943	-1
3.3943707943	-1
3.3943707943	-1
3.42267489433	-1
3.42267489433	-1
3.42267489433	-1
3.42267489433	-1
3.42267489433	-1
3.42267489433	-1
3.42267489433	-1
3.45253276825	-1
3.45253276825	-1
3.45253276825	-1
3.45253276825	-1
3.45253276825	-1
3.45253276825	-1
3.45253276825	-1
3.4830288887	-1
3.4830288887	-1
3.4830288887	-1
3.4830288887	-1
3.4830288887	-1
3.4830288887	-1
3.4830288887	-1
3.49037098885	1
3.54516291618	-1
3.54516291618	-1
3.54516291618	-1
3.57325196266	-1
3.57325196266	-1
3.57325196266	-1
3.57325196266	-1
3.57325196266	-1
3.57325196266	-1
3.65192985535	-1
3.65192985535	-1
3.65192985535	-1
3.65192985535	-1
3.65192985535	-1
3.65192985535	-1
3.65192985535	-1
3.65192985535	-1
3.68642687798	-1
3.68642687798	-1
3.68642687798	-1
3.77220392227	-1
3.77220392227	-1
3.77220392227	-1
3.77220392227	-1
3.77220392227	-1
3.77220392227	-1
3.77220392227	-1
3.77220392227	-1
3.77220392227	-1
3.79730081558	-1
3.79730081558	-1
3.79730081558	-1
3.79730081558	-1
3.79730081558	-1
3.79730081558	-1
3.79730081558	-1
3.82053184509	-1
3.82053184509	-1
3.82053184509	-1
3.82053184509	-1
3.82053184509	-1
3.82053184509	-1
3.82053184509	-1
3.82903790474	1
3.88727283478	-1
3.88727283478	-1
3.88727283478	-1
3.88727283478	-1
3.88727283478	-1
3.88727283478	-1
3.88727283478	-1
3.88727283478	-1
3.88727283478	-1
3.92884397507	-1
3.93322181702	-1
3.93322181702	-1
3.93322181702	-1
3.93322181702	-1
3.93322181702	-1
3.93322181702	-1
3.93322181702	-1
3.95669794083	-1
3.95669794083	-1
3.95669794083	-1
3.95669794083	-1
3.95669794083	-1
3.95669794083	-1
3.95669794083	-1
4.02982378006	-1
4.02982378006	-1
4.02982378006	-1
4.02982378006	-1
4.02982378006	-1
4.02982378006	-1
4.02982378006	-1
4.02982378006	-1
4.0309138298	1
4.16887879372	1
4.16887879372	1
4.19036483765	1
4.19036483765	1
4.19036483765	1
4.19036483765	1
4.19211888313	1
4.19211888313	1
4.19211888313	1
4.19377779961	1
4.26952385902	1
4.26952385902	1
4.56800699234	-1
4.60563397408	-1
4.60563397408	-1
4.60563397408	-1
4.60861682892	1
4.60875797272	1
4.60875797272	1
4.60875797272	1
4.64778280258	-1
4.64778280258	-1
4.64778280258	-1
4.64778280258	-1
4.64778280258	-1
4.64778280258	-1
4.70477390289	-1
4.70477390289	-1
4.70477390289	-1
4.70477390289	-1
4.70477390289	-1
4.70477390289	-1
4.70477390289	-1
4.70916199684	1
4.70916199684	1
4.80992984772	-1
4.85884690285	-1
4.85884690285	-1
4.85884690285	-1
4.85884690285	-1
4.85884690285	-1
4.85884690285	-1
4.85884690285	-1
4.85884690285	-1
4.8842959404	-1
4.8842959404	-1
4.8842959404	-1
4.8842959404	-1
4.8842959404	-1
4.8842959404	-1
4.8842959404	-1
4.94896197319	-1
4.94896197319	-1
4.94896197319	-1
4.94896197319	-1
4.94896197319	-1
4.94896197319	-1
4.94896197319	-1
4.94896197319	-1
4.95303177834	1
5.04588079453	-1
5.04588079453	-1
5.04588079453	-1
5.04588079453	-1
5.04588079453	-1
5.04588079453	-1
5.04588079453	-1
5.04588079453	-1
5.04588079453	-1
5.10549879074	-1
5.10549879074	-1
5.10549879074	-1
5.10549879074	-1
5.10549879074	-1
5.10549879074	-1
5.10549879074	-1
5.10549879074	-1
5.13629984856	-1
5.13629984856	-1
5.13629984856	-1
5.13629984856	-1
5.13629984856	-1
5.13629984856	-1
5.13629984856	-1
5.15375185013	1
5.19302296638	-1
5.19302296638	-1
5.19302296638	-1
5.19302296638	-1
5.19302296638	-1
5.19302296638	-1
5.19302296638	-1
5.19302296638	-1
5.22289085388	-1
5.24874687195	-1
5.24874687195	-1
5.24874687195	-1
5.24874687195	-1
5.24874687195	-1
5.24874687195	-1
5.24874687195	-1
5.32944083214	-1
5.32944083214	-1
5.32944083214	-1
5.32944083214	-1
5.32944083214	-1
5.32944083214	-1
5.32944083214	-1
5.32944083214	-1
5.32944083214	-1
5.35380983353	-1
5.35380983353	-1
5.35380983353	-1
5.35380983353	-1
5.35380983353	-1
5.35380983353	-1
5.35380983353	-1
5.35545778275	1
5.43195080757	-1
5.43195080757	-1
5.43195080757	-1
5.43195080757	-1
5.43195080757	-1
5.43195080757	-1
5.43195080757	-1
5.43195080757	-1
5.43195080757	-1
5.45636796951	-1
5.45636796951	-1
5.45636796951	-1
5.45636796951	-1
5.45636796951	-1
5.45636796951	-1
5.45636796951	-1
5.48159694672	-1
5.48159694672	-1
5.51258087158	-1
5.51258087158	-1
5.51258087158	-1
5.51258087158	-1
5.51258087158	-1
5.51258087158	-1
5.54397583008	-1
5.54397583008	-1
5.54397583008	-1
5.54397583008	-1
5.54397583008	-1
5.54397583008	-1
5.54397583008	-1
5.60862994194	-1
5.60862994194	-1
5.60862994194	-1
5.60862994194	-1
5.60862994194	-1
5.60862994194	-1
5.60862994194	-1
5.60862994194	-1
5.64921879768	-1
5.71426796913	-1
5.71426796913	-1
5.71426796913	-1
5.71426796913	-1
5.71426796913	-1
5.71426796913	-1
5.71426796913	-1
5.74455285072	-1
5.74455285072	-1
5.74455285072	-1
5.74545788765	1
5.80161595345	-1
5.80161595345	-1
5.80161595345	-1
5.80161595345	-1
5.80161595345	-1
5.80161595345	-1
5.80161595345	-1
5.80161595345	-1
5.83237576485	-1
5.83237576485	-1
5.83237576485	-1
5.83237576485	-1
5.83237576485	-1
5.83237576485	-1
5.85943698883	-1
5.85943698883	-1
5.85943698883	-1
5.85943698883	-1
5.85943698883	-1
5.85943698883	-1
5.85943698883	-1
5.88293600082	-1
5.88393092155	1
5.90773582458	-1
5.90773582458	-1
5.90773582458	-1
5.90773582458	-1
5.90773582458	-1
5.90773582458	-1
5.90773582458	-1
5.95696687698	-1
5.95696687698	-1
5.95696687698	-1
6.0395989418	-1
6.0395989418	-1
6.0395989418	-1
6.0395989418	-1
6.0395989418	-1
6.0395989418	-1
6.08436489105	-1
6.08436489105	-1
6.08436489105	-1
6.08436489105	-1
6.08436489105	-1
6.08436489105	-1
6.08436489105	-1
6.08436489105	-1
6.10603189468	-1
6.10603189468	-1
6.10603189468	-1
6.10603189468	-1
6.10603189468	-1
6.10603189468	-1
6.10603189468	-1
6.1070189476	1
6.14736700058	-1
6.14736700058	-1
6.14736700058	-1
6.14736700058	-1
6.14736700058	-1
6.14736700058	-1
6.14736700058	-1
6.14736700058	-1
6.171656847	-1
6.171656847	-1
6.171656847	-1
6.22163391113	-1
6.22163391113	-1
6.22163391113	-1
6.22163391113	-1
6.22163391113	-1
6.22163391113	-1
6.22163391113	-1
6.22163391113	-1
6.24497890472	-1
6.24497890472	-1
6.24497890472	-1
6.24497890472	-1
6.24497890472	-1
6.27015185356	-1
6.27015185356	-1
6.27015185356	-1
6.27015185356	-1
6.27015185356	-1
6.27015185356	-1
6.27015185356	-1
6.32133889198	-1
6.32133889198	-1
6.32133889198	-1
6.32133889198	-1
6.32133889198	-1
6.32133889198	-1
6.32133889198	-1
6.32133889198	-1
6.36952877045	-1
6.36952877045	-1
6.36952877045	-1
6.37132382393	1
6.39024090767	-1
6.39024090767	-1
6.39024090767	-1
6.39024090767	-1
6.39024090767	-1
6.39024090767	-1
6.39024090767	-1
6.40854096413	-1
6.40854096413	-1
6.40854096413	-1
6.40854096413	-1
6.40854096413	-1
6.40854096413	-1
6.40854096413	-1
6.45503592491	-1
6.45503592491	-1
6.45503592491	-1
6.45503592491	-1
6.45503592491	-1
6.45503592491	-1
6.45503592491	-1
6.45503592491	-1
6.50223278999	-1
6.50223278999	-1
6.50223278999	-1
6.50223278999	-1
6.50223278999	-1
6.50223278999	-1
6.50223278999	-1
6.50223278999	-1
6.50226688385	1
6.52753591537	-1
6.5721449852	-1
6.57644486427	-1
6.57644486427	-1
6.57644486427	-1
6.57644486427	-1
6.57644486427	-1
6.57644486427	-1
6.57644486427	-1
6.60214781761	-1
6.60214781761	-1
6.60214781761	-1
6.60214781761	-1
6.60214781761	-1
6.60214781761	-1
6.60214781761	-1
6.6617398262	-1
6.6617398262	-1
6.6617398262	-1
6.6617398262	-1
6.6617398262	-1
6.6617398262	-1
6.6617398262	-1
6.6617398262	-1
6.67798495293	1
6.7171189785	-1
6.7171189785	-1
6.7171189785	-1
6.7171189785	-1
6.7171189785	-1
6.7171189785	-1
6.7171189785	-1
6.7171189785	-1
6.74019885063	-1
6.7786757946	-1
6.78761482239	-1
6.78761482239	-1
6.78761482239	-1
6.78761482239	-1
6.78761482239	-1
6.78761482239	-1
6.78761482239	-1
6.81150579453	-1
6.81150579453	-1
6.81150579453	-1
6.81150579453	-1
6.81150579453	-1
6.81150579453	-1
6.81150579453	-1
6.85640287399	-1
6.85640287399	-1
6.85640287399	-1
6.85640287399	-1
6.85640287399	-1
6.85640287399	-1
6.85640287399	-1
6.85640287399	-1
6.87721586227	-1
6.91711497307	-1
6.91711497307	-1
6.91711497307	-1
6.91711497307	-1
6.91711497307	-1
6.91711497307	-1
6.91711497307	-1
6.95851898193	-1
6.95851898193	-1
6.95851898193	-1
6.95851898193	-1
6.95851898193	-1
6.95851898193	-1
6.95851898193	-1
6.95851898193	-1
6.98089981079	1
6.98208785057	-1
6.98208785057	-1
6.98208785057	-1
6.98208785057	-1
6.98208785057	-1
6.98208785057	-1
6.98208785057	-1
6.98208785057	-1
7.00364899635	-1
7.00364899635	-1
7.00364899635	-1
7.00364899635	-1
7.00364899635	-1
7.00364899635	-1
7.00364899635	-1
7.04892492294	-1
7.04892492294	-1
7.10331583023	1
7.10331583023	1
7.10331583023	1
7.23325681686	-1
7.26570892334	-1
7.26570892334	-1
7.26570892334	-1
7.26570892334	-1
7.26570892334	-1
7.26570892334	-1
7.26570892334	-1
7.33421897888	-1
7.33421897888	-1
7.33421897888	-1
7.33421897888	-1
7.33421897888	-1
7.33421897888	-1
7.33523488045	1
7.35577487946	-1
7.40882086754	-1
7.40882086754	-1
7.40882086754	-1
7.40882086754	-1
7.40882086754	-1
7.40882086754	-1
7.40882086754	-1
7.43413376808	-1
7.43413376808	-1
7.43413376808	-1
7.43413376808	-1
7.43413376808	-1
7.43413376808	-1
7.43413376808	-1
7.46693086624	-1
7.51268982887	-1
7.51268982887	-1
7.51268982887	-1
7.51268982887	-1
7.51268982887	-1
7.51268982887	-1
7.51268982887	-1
7.51268982887	-1
7.53812479973	-1
7.56774687767	-1
7.62186288834	-1
7.62186288834	-1
7.62186288834	-1
7.62186288834	-1
7.62186288834	-1
7.62186288834	-1
7.62186288834	-1
7.62285280228	1
8.91660785675	-1
8.99127483368	-1
8.99127483368	-1
8.99127483368	-1
8.99127483368	-1
9.0176858902	-1
9.04634976387	1
9.07492089272	-1
9.07492089272	-1
9.07492089272	-1
9.07492089272	-1
9.07492089272	-1
9.07492089272	-1
9.07492089272	-1
9.14713096619	1
10.4239139557	-1
10.4241099358	1
10.4260909557	1
10.4260909557	1
10.4260909557	1
10.5248539448	-1
12.1385748386	-1
12.2098519802	-1
12.2098519802	-1
12.2098519802	-1
12.2800798416	-1
12.3700618744	-1
12.3700618744	-1
12.3700618744	-1
12.3700618744	-1
12.3700618744	-1
12.3700618744	-1
12.3824748993	1
13.832215786	-1
