0.0	1
0.250184059143	1
0.730005025864	-1
0.73107790947	1
0.928152084351	-1
0.929675102234	1
0.9349360466	1
0.9349360466	1
0.9349360466	1
0.9349360466	1
0.9349360466	1
0.9349360466	1
1.63827300072	-1
1.63956403732	1
1.68877291679	-1
1.68877291679	-1
1.68877291679	-1
1.71363306046	-1
1.71366691589	1
1.78772306442	-1
1.78775691986	1
1.78775691986	1
1.90219688416	1
2.57986092567	-1
2.59838199615	-1
2.59838199615	-1
2.59838199615	-1
2.59838199615	-1
2.59838199615	-1
2.59838199615	-1
2.59838199615	-1
2.59838199615	-1
2.62826609612	-1
2.62826609612	-1
2.62826609612	-1
2.62826609612	-1
2.63210701942	1
2.64842104912	-1
2.64842104912	-1
2.67571306229	-1
2.67571306229	-1
2.67571306229	-1
2.74716687202	-1
2.74716687202	-1
2.75351595879	-1
2.75351595879	-1
2.75351595879	-1
2.75351595879	-1
2.75351595879	-1
2.80494189262	-1
2.80498409271	-1
2.80498409271	-1
2.82132506371	-1
2.88172101974	1
2.97335600853	-1
2.97376799583	-1
2.97376799583	-1
2.97376799583	-1
2.97376799583	-1
2.97376799583	-1
2.97376799583	-1
3.18078398705	-1
3.23429393768	-1
3.23429393768	-1
3.23429393768	-1
3.24556207657	-1
3.24556207657	-1
3.24556207657	-1
3.26192808151	-1
3.26192808151	-1
3.26192808151	-1
3.26192808151	-1
3.26192808151	-1
3.26192808151	-1
3.26192808151	-1
3.27566504478	-1
3.28147506714	1
3.28925991058	1
3.28925991058	1
3.28925991058	1
3.2916059494	-1
3.2916059494	-1
3.2916059494	-1
3.32069706917	-1
3.32069706917	-1
3.32069706917	-1
3.32069706917	-1
3.32069706917	-1
3.32069706917	-1
3.32069706917	-1
3.36335492134	1
3.36335492134	1
3.36780190468	-1
3.36780190468	-1
3.36780190468	-1
3.36780190468	-1
3.36780190468	-1
3.36780190468	-1
3.36780190468	-1
3.36780190468	-1
3.36796689034	-1
3.36816191673	-1
3.36816191673	-1
3.36816191673	-1
3.36816191673	-1
3.36816191673	-1
3.36816191673	-1
3.36816191673	-1
3.47743988037	-1
3.47743988037	-1
3.60208892822	-1
3.603276968	1
3.67620396614	-1
3.87097501755	-1
4.02255892754	-1
4.09990501404	-1
4.09990501404	-1
4.09990501404	-1
4.10290789604	1
4.15409493446	-1
4.15409493446	-1
4.15409493446	-1
4.1559779644	1
4.1559779644	1
4.1559779644	1
4.17407798767	-1
4.17563796043	1
4.17563796043	1
4.30948996544	-1
4.47294688225	-1
4.48055195808	1
4.71641802788	-1
4.71763586998	1
4.73621892929	-1
4.73621892929	-1
4.73621892929	-1
4.73621892929	-1
4.75976896286	-1
4.75976896286	-1
4.7598760128	-1
4.7598760128	-1
4.7598760128	-1
4.7598760128	-1
4.7598760128	-1
4.7598760128	-1
4.77474594116	-1
4.77474594116	-1
4.77474594116	-1
4.77474594116	-1
4.77474594116	-1
4.77474594116	-1
4.77474594116	-1
4.77474594116	-1
4.79176592827	1
4.79421305656	-1
4.79421305656	-1
4.79421305656	-1
4.79421305656	-1
4.79421305656	-1
4.79421305656	-1
4.79421305656	-1
4.79421305656	-1
4.79947590828	-1
4.85929489136	-1
4.85929489136	-1
4.8618710041	1
4.8618710041	1
4.8618710041	1
4.86615300179	-1
4.96189308167	-1
4.96323609352	1
4.96666502953	-1
4.96666502953	-1
4.96666502953	-1
4.96666502953	-1
4.96666502953	-1
5.03751301765	1
5.13172602654	-1
5.13175988197	1
5.13263201714	-1
5.13263201714	-1
5.13263201714	-1
5.13263201714	-1
5.20850110054	1
5.27983903885	-1
5.38696789742	-1
5.38696789742	-1
5.38696789742	-1
5.41252994537	1
5.4145898819	1
5.4145898819	1
5.4145898819	1
5.4513130188	-1
5.4513130188	-1
5.4513130188	-1
5.46489191055	1
5.46489191055	1
5.61423993111	-1
5.6153550148	1
5.68940591812	-1
5.6903090477	1
5.76436901093	-1
5.76546096802	1
5.97202301025	-1
5.97323799133	1
6.04732108116	-1
6.04818296432	1
6.11494398117	-1
6.11494398117	-1
6.11494398117	-1
6.12233710289	-1
6.12379789352	1
6.17329502106	-1
6.17329502106	-1
6.17329502106	-1
6.17329502106	-1
6.17329502106	-1
6.17329502106	-1
6.17329502106	-1
6.17329502106	-1
6.26921701431	-1
6.26921701431	-1
6.26921701431	-1
6.27168488503	1
6.27437806129	-1
6.27437806129	-1
6.27437806129	-1
6.27437806129	-1
6.27437806129	-1
6.27437806129	-1
6.27437806129	-1
6.27437806129	-1
6.27466988564	-1
6.27466988564	-1
6.27466988564	-1
6.27466988564	-1
6.27466988564	-1
6.2780020237	-1
6.31133699417	-1
6.31133699417	-1
6.31133699417	-1
6.31133699417	-1
6.31133699417	-1
6.31815099716	-1
6.33705496788	-1
6.33705496788	-1
6.33705496788	-1
6.33705496788	-1
6.33705496788	-1
6.33705496788	-1
6.33705496788	-1
6.36409401894	-1
6.36420702934	-1
6.36420702934	-1
6.36420702934	-1
6.36420702934	-1
6.36420702934	-1
6.36420702934	-1
6.36420702934	-1
6.40056610107	-1
6.40056610107	-1
6.40056610107	-1
6.40056610107	-1
6.40056610107	-1
6.40056610107	-1
6.40056610107	-1
6.40056610107	-1
6.41109108925	-1
6.41443800926	1
6.43958902359	-1
6.43958902359	-1
6.43958902359	-1
6.43958902359	-1
6.43958902359	-1
6.43958902359	-1
6.43958902359	-1
6.52848291397	1
6.59455609322	-1
6.59455609322	-1
6.59455609322	-1
6.63640403748	-1
6.63640403748	-1
6.63640403748	-1
6.63640403748	-1
6.63640403748	-1
6.63640403748	-1
6.63640403748	-1
6.63640403748	-1
6.63643693924	1
6.66317105293	-1
6.66317105293	-1
6.66317105293	-1
6.66317105293	-1
6.67799687386	-1
6.67799687386	-1
6.67799687386	-1
6.67799687386	-1
6.67799687386	-1
6.67911100388	1
6.67911100388	1
6.67911100388	1
6.6912651062	-1
6.69153404236	1
6.69153404236	1
6.71566510201	-1
6.71566510201	-1
6.71566510201	-1
6.71566510201	-1
6.71566510201	-1
6.71566510201	-1
6.71566510201	-1
6.71566510201	-1
6.71570110321	1
6.74078989029	-1
6.74078989029	-1
6.74090504646	-1
6.74090504646	-1
6.74090504646	-1
6.74090504646	-1
6.74090504646	-1
6.74090504646	-1
6.7578690052	-1
6.7578690052	-1
6.7578690052	-1
6.7578690052	-1
6.7578690052	-1
6.7578690052	-1
6.7578690052	-1
6.7578690052	-1
6.77191901207	-1
6.77202296257	-1
6.77202296257	-1
6.77202296257	-1
6.77202296257	-1
6.77202296257	-1
6.77202296257	-1
6.77202296257	-1
6.79989409447	-1
6.79994702339	-1
6.79994702339	-1
6.79994702339	-1
6.79994702339	-1
6.79994702339	-1
6.79994702339	-1
6.79994702339	-1
6.81928801537	-1
6.81957507133	-1
6.81957507133	-1
6.81957507133	-1
6.81957507133	-1
6.81957507133	-1
6.81957507133	-1
6.81957507133	-1
6.82058000565	1
6.85368990898	-1
6.85368990898	-1
6.85368990898	-1
6.90397500992	-1
6.90397500992	-1
6.90397500992	-1
6.90397500992	-1
6.90397500992	-1
6.90397500992	-1
6.90397500992	-1
6.90397500992	-1
6.92782402039	-1
6.92782402039	-1
6.93058896065	1
6.9675989151	-1
6.9675989151	-1
6.9675989151	-1
7.02745103836	-1
7.02745103836	-1
7.02745103836	-1
7.02748394012	1
7.07428789139	-1
7.07428789139	-1
7.07428789139	-1
7.07428789139	-1
7.07428789139	-1
7.07428789139	-1
7.07428789139	-1
7.07428789139	-1
7.11808800697	-1
7.11808800697	-1
7.11808800697	-1
7.11808800697	-1
7.11808800697	-1
7.11808800697	-1
7.11808800697	-1
7.11808800697	-1
7.14068388939	-1
7.14068388939	-1
7.14068388939	-1
7.14068388939	-1
7.14068388939	-1
7.14068388939	-1
7.14068388939	-1
7.14068388939	-1
7.18083500862	-1
7.18128991127	-1
7.18128991127	-1
7.18128991127	-1
7.18128991127	-1
7.18128991127	-1
7.18128991127	-1
7.18128991127	-1
7.18168401718	-1
7.21977496147	-1
7.21977496147	-1
7.21977496147	-1
7.21977496147	-1
7.21977496147	-1
7.21977496147	-1
7.21977496147	-1
7.21977496147	-1
7.27784705162	-1
7.27784705162	-1
7.27784705162	-1
7.29377388954	-1
7.31355190277	-1
7.31355190277	-1
7.31355190277	-1
7.34429788589	-1
7.34429788589	-1
7.34429788589	-1
7.34429788589	-1
7.34429788589	-1
7.34429788589	-1
7.34429788589	-1
7.34429788589	-1
7.3753490448	-1
7.3753490448	-1
7.3753490448	-1
7.3753490448	-1
7.3753490448	-1
7.3753490448	-1
7.3753490448	-1
7.3959710598	-1
7.3959710598	-1
7.3959710598	-1
7.3959710598	-1
7.3959710598	-1
7.3959710598	-1
7.3959710598	-1
7.3959710598	-1
7.3959710598	-1
7.39629888535	-1
7.39629888535	-1
7.39629888535	-1
7.39629888535	-1
7.41104388237	-1
7.4274289608	-1
7.4274289608	-1
7.4274289608	-1
7.4274289608	-1
7.4274289608	-1
7.4274289608	-1
7.46823406219	1
7.54576706886	-1
7.54576706886	-1
7.54576706886	-1
7.54580593109	1
7.54580593109	1
7.54583692551	-1
7.54583692551	-1
7.54790687561	1
7.54790687561	1
7.54790687561	1
7.58213591576	-1
7.62203598022	1
7.62203598022	1
7.62204504013	1
7.6962659359	-1
7.73667788506	1
7.81084108353	-1
7.81084108353	-1
8.08763098717	-1
8.22703003883	-1
8.26889896393	-1
8.26889896393	-1
8.26889896393	-1
8.26889896393	-1
8.26889896393	-1
8.26889896393	-1
8.26889896393	-1
8.27818894386	-1
8.27830910683	-1
8.27830910683	-1
8.27830910683	-1
8.27830910683	-1
8.33862900734	-1
8.36120510101	-1
8.36120510101	-1
8.36120510101	-1
8.38305687904	-1
8.38305687904	-1
8.38305687904	-1
8.38305687904	-1
8.38305687904	-1
8.38305687904	-1
8.38305687904	-1
8.39382600784	-1
8.39387488365	-1
8.39387488365	-1
8.39387488365	-1
8.39387488365	-1
8.39387488365	-1
8.41201210022	-1
8.43257498741	-1
8.43257498741	-1
8.43257498741	-1
8.43257498741	-1
8.43257498741	-1
8.43257498741	-1
8.43257498741	-1
8.44332289696	-1
8.44342899323	-1
8.44342899323	-1
8.44342899323	-1
8.44342899323	-1
8.44342899323	-1
8.44342899323	-1
8.44342899323	-1
8.46326899529	-1
8.46326899529	-1
8.46326899529	-1
8.46326899529	-1
8.46326899529	-1
8.46326899529	-1
8.46326899529	-1
8.46326899529	-1
8.4645819664	1
8.48006296158	-1
8.48006296158	-1
8.48006296158	-1
8.48006296158	-1
8.48006296158	-1
8.48006296158	-1
8.48006296158	-1
8.48006296158	-1
8.48041296005	-1
8.48041296005	-1
8.53042387962	-1
8.53042387962	-1
8.53042387962	-1
8.53042387962	-1
8.53042387962	-1
8.53042387962	-1
8.53042387962	-1
8.53042387962	-1
8.53042387962	-1
8.53042387962	-1
8.5307700634	-1
8.5307700634	-1
8.5307700634	-1
8.5307700634	-1
8.57841801643	1
8.57952594757	-1
8.57952594757	-1
8.57952594757	-1
8.58335590363	-1
8.58335590363	-1
8.58335590363	-1
8.58335590363	-1
8.58335590363	-1
8.58335590363	-1
8.58335590363	-1
8.61845088005	-1
8.61845088005	-1
8.61845088005	-1
8.61845088005	-1
8.63087892532	-1
8.63087892532	-1
8.63087892532	-1
8.63087892532	-1
8.63087892532	-1
8.63087892532	-1
8.63087892532	-1
8.63087892532	-1
8.63903903961	-1
8.63903903961	-1
8.63919997215	-1
8.63919997215	-1
8.63919997215	-1
8.63919997215	-1
8.64622688293	-1
8.67844510078	-1
8.67844510078	-1
8.67844510078	-1
8.67844510078	-1
8.67844510078	-1
8.67844510078	-1
8.67844510078	-1
8.69160604477	1
8.69445204735	-1
8.69456505775	-1
8.69456505775	-1
8.69456505775	-1
8.74546599388	-1
8.74546599388	-1
8.74546599388	-1
8.74546599388	-1
8.7843670845	-1
8.7843670845	-1
8.7843670845	-1
8.7942481041	-1
8.7942481041	-1
8.7942481041	-1
8.7942481041	-1
8.7942481041	-1
8.82164692879	-1
8.82213997841	-1
8.82213997841	-1
8.82213997841	-1
8.82213997841	-1
8.82213997841	-1
8.82213997841	-1
8.82213997841	-1
8.84128403664	-1
8.84140610695	-1
8.84140610695	-1
8.84140610695	-1
8.84140610695	-1
8.84140610695	-1
8.84140610695	-1
8.84140610695	-1
8.87149906158	-1
8.87149906158	-1
8.87286400795	1
8.92717599869	-1
8.92717599869	-1
8.92717599869	-1
8.9860470295	1
8.98903989792	-1
8.98903989792	-1
8.98903989792	-1
8.99344396591	-1
8.99344396591	-1
9.04343104362	-1
9.04343104362	-1
9.04343104362	-1
9.04343104362	-1
9.07816410065	-1
9.07816410065	-1
9.07816410065	-1
9.12605309486	-1
9.12605309486	-1
9.12605309486	-1
9.14121890068	-1
9.14121890068	-1
9.14121890068	-1
9.14121890068	-1
9.14121890068	-1
9.16505503654	-1
9.16505503654	-1
9.16505503654	-1
9.16505503654	-1
9.16505503654	-1
9.16505503654	-1
9.16505503654	-1
9.16505503654	-1
9.21647691727	-1
9.21647691727	-1
9.21647691727	-1
9.21652793884	-1
9.21652793884	-1
9.21652793884	-1
9.21652793884	-1
9.23421287537	-1
9.26324796677	-1
9.26324796677	-1
9.26324796677	-1
9.31792807579	-1
9.31792807579	-1
9.31792807579	-1
9.31792807579	-1
9.31792807579	-1
9.31792807579	-1
9.31792807579	-1
9.31792807579	-1
9.31810593605	-1
9.31933188438	1
9.35230588913	-1
9.35230588913	-1
9.35230588913	-1
9.35230588913	-1
9.35230588913	-1
9.35230588913	-1
9.35230588913	-1
9.35230588913	-1
9.36623501778	-1
9.36623501778	-1
9.36623501778	-1
9.40655899048	-1
9.40655899048	-1
9.40655899048	-1
9.40655899048	-1
9.40655899048	-1
9.40655899048	-1
9.40655899048	-1
9.40655899048	-1
9.44026589394	-1
9.52099299431	-1
9.52099299431	-1
9.52099299431	-1
9.52099299431	-1
9.52099299431	-1
9.62278389931	1
9.65543794632	1
9.65543794632	1
9.65543794632	1
9.90369987488	1
10.3447198868	-1
10.4532039165	-1
10.4532039165	-1
10.4532039165	-1
10.4853320122	-1
10.4853320122	-1
10.4866631031	1
10.507600069	-1
10.507600069	-1
10.507600069	-1
10.5605969429	1
10.6743030548	1
10.6941719055	-1
11.0216069221	-1
11.3746180534	-1
11.44967103	-1
11.5375850201	-1
11.5387289524	1
11.6115169525	-1
11.7079041004	1
11.7085559368	1
11.7085559368	1
11.7085559368	1
11.782902956	1
