0.0	1
0.25043296814	1
0.801931858063	-1
0.802907943726	1
1.32508087158	-1
1.32590389252	1
1.33024287224	1
1.33024287224	1
1.33024287224	1
1.33200597763	1
1.33200597763	1
1.33200597763	1
2.192029953	-1
2.19373989105	1
2.32524085045	-1
2.32675695419	1
2.40129899979	-1
2.40227484703	1
2.57737183571	-1
2.57806801796	1
2.98518300056	-1
2.98637795448	1
3.05823302269	-1
3.05823302269	-1
3.05823302269	-1
3.18759393692	-1
3.18790388107	-1
3.18790388107	-1
3.18790388107	-1
3.18790388107	-1
3.18790388107	-1
3.18790388107	-1
3.27545881271	1
3.33802390099	-1
3.33802390099	-1
3.39102697372	-1
3.39102697372	-1
3.39102697372	-1
3.39102697372	-1
3.39102697372	-1
3.39102697372	-1
3.39102697372	-1
3.39102697372	-1
3.39129781723	-1
3.52590203285	1
3.55776691437	-1
3.55807590485	-1
3.55807590485	-1
3.55807590485	-1
3.55807590485	-1
3.55807590485	-1
3.55807590485	-1
3.63345694542	1
3.7068529129	-1
3.90070390701	-1
3.90131187439	-1
3.90131187439	-1
3.90131187439	-1
3.90131187439	-1
3.90131187439	-1
3.90131187439	-1
3.90131187439	-1
3.90131187439	-1
3.90154385567	-1
3.90154385567	-1
3.90159201622	-1
3.90178894997	-1
3.90178894997	-1
3.90178894997	-1
3.90182185173	-1
3.90182185173	-1
3.90182185173	-1
3.91256093979	-1
3.91256093979	-1
3.91256093979	-1
3.91282391548	-1
3.91294598579	-1
3.91294598579	-1
3.91294598579	-1
3.91294598579	-1
3.92950081825	1
3.97644686699	-1
3.97644686699	-1
3.97644686699	-1
3.97655701637	-1
3.97667980194	-1
3.97667980194	-1
3.97667980194	-1
3.97681093216	-1
3.97681093216	-1
3.97681093216	-1
4.0041270256	1
4.09866595268	-1
4.18247580528	1
4.21093297005	-1
4.23175191879	-1
4.23175191879	-1
4.23175191879	-1
4.23198699951	-1
4.23198699951	-1
4.23198699951	-1
4.23198699951	-1
4.23198699951	-1
4.23270797729	-1
4.23270797729	-1
4.23270797729	-1
4.23315882683	-1
4.23315882683	-1
4.23315882683	-1
4.23331999779	-1
4.23331999779	-1
4.24309802055	-1
4.24309802055	-1
4.24309802055	-1
4.24314689636	-1
4.24314689636	-1
4.24333190918	-1
4.24333190918	-1
4.24333190918	-1
4.24333190918	-1
4.24345684052	-1
4.24349784851	-1
4.24349784851	-1
4.24349784851	-1
4.24369883537	-1
4.24369883537	-1
4.24369883537	-1
4.29777979851	1
4.29777979851	1
4.30673098564	-1
4.30673098564	-1
4.30673098564	-1
4.30683588982	-1
4.30683588982	-1
4.30695986748	-1
4.30695986748	-1
4.30710196495	-1
4.30710196495	-1
4.30710196495	-1
4.30722498894	-1
4.30722498894	-1
4.3073489666	-1
4.3073489666	-1
4.3073489666	-1
4.38830900192	-1
4.49239397049	-1
4.49239397049	-1
4.49239397049	-1
4.6618719101	-1
4.66205787659	-1
4.66205787659	-1
4.66205787659	-1
4.66320180893	1
4.77303099632	-1
4.77303099632	-1
4.77303099632	-1
4.77303099632	-1
4.77323794365	-1
4.77323794365	-1
4.77323794365	-1
4.77342200279	-1
4.77347493172	-1
4.77347493172	-1
4.77347493172	-1
4.77525401115	1
4.82626080513	-1
4.82626080513	-1
4.82626080513	-1
5.04015088081	-1
5.15475201607	-1
5.2954659462	-1
5.55128192902	-1
5.55163383484	-1
5.55163383484	-1
5.55163383484	-1
5.57057094574	-1
5.57057094574	-1
5.57057094574	-1
5.57067489624	-1
5.57067489624	-1
5.5707988739	-1
5.5707988739	-1
5.5707988739	-1
5.59396290779	1
5.67300581932	-1
5.67300581932	-1
5.67300581932	-1
5.88919687271	-1
5.90147900581	1
6.01719403267	1
6.32672691345	-1
6.76767086983	-1
6.78331494331	1
6.78543782234	1
6.78543782234	1
6.78543782234	1
6.87092399597	-1
6.98257184029	-1
7.00565385818	-1
7.00565385818	-1
7.00565385818	-1
7.00629591942	1
7.17448091507	-1
7.35260796547	-1
7.40315389633	1
7.47818088531	1
7.56564092636	-1
7.62156701088	1
7.62194395065	1
7.62194395065	1
7.62194395065	1
7.62509298325	1
7.62509298325	1
7.62509298325	1
7.69457602501	1
7.69457602501	1
7.84673285484	-1
7.87214684486	1
7.90246987343	-1
7.90246987343	-1
7.90246987343	-1
7.94665980339	1
7.94665980339	1
8.24368882179	-1
8.35454297066	-1
8.43115091324	-1
8.50550699234	-1
8.61139082909	-1
8.61382579803	1
8.61405682564	1
8.61405682564	1
8.61405682564	1
8.61405682564	1
8.61405682564	1
8.61405682564	1
8.61405682564	1
8.61405682564	1
8.68705296516	-1
8.68705296516	-1
8.76335597038	-1
8.76335597038	-1
8.76338982582	1
8.76338982582	1
8.89357686043	-1
9.2310500145	-1
9.23204493523	1
9.30562281609	-1
9.30562281609	-1
9.30699086189	1
9.38188290596	-1
9.38188290596	-1
9.38190293312	1
9.4954969883	1
9.56124281883	-1
9.56560492516	-1
9.56560492516	-1
9.56560492516	-1
9.56574082375	-1
9.56574082375	-1
9.56574082375	-1
9.56575989723	-1
9.56575989723	-1
9.56597590446	-1
9.56597590446	-1
9.56597590446	-1
9.56609988213	-1
9.56609988213	-1
9.56621003151	-1
9.56621003151	-1
9.56621003151	-1
9.56634497643	-1
9.56634497643	-1
9.56639695168	-1
9.56639695168	-1
9.56639695168	-1
9.56659197807	-1
9.56659197807	-1
9.56659197807	-1
9.64113283157	-1
9.64113283157	-1
9.6412358284	-1
9.6412358284	-1
9.6412358284	-1
9.6412358284	-1
9.64127087593	-1
9.6414809227	-1
9.6414809227	-1
9.6414809227	-1
9.64154481888	-1
9.64154481888	-1
9.64172697067	-1
9.64172697067	-1
9.64172697067	-1
9.64172697067	-1
9.64178681374	-1
9.64197182655	-1
9.64197182655	-1
9.64197182655	-1
9.64209580421	-1
9.64209580421	-1
9.64518785477	1
9.66642189026	-1
9.66642189026	-1
9.66642189026	-1
9.66652703285	-1
9.66652703285	-1
9.66652703285	-1
9.69229888916	-1
9.69229888916	-1
9.69241189957	-1
9.69241189957	-1
9.69241189957	-1
9.7594139576	1
9.77667880058	-1
9.77667880058	-1
9.77667880058	-1
9.77667880058	-1
9.77667880058	-1
9.77774190903	-1
9.77938079834	-1
9.77938079834	-1
9.89762687683	-1
9.89762687683	-1
9.89762687683	-1
9.89799785614	-1
9.89799785614	-1
9.89799785614	-1
9.89859199524	-1
9.89859199524	-1
9.89877581596	-1
9.89877581596	-1
9.89877581596	-1
9.89880990982	-1
9.89880990982	-1
9.89880990982	-1
9.89993882179	-1
9.89993882179	-1
9.89993882179	-1
9.90043497086	-1
9.90080189705	-1
9.90080189705	-1
9.90080189705	-1
9.90165901184	-1
9.90165901184	-1
9.90165901184	-1
9.90178585052	-1
9.90178585052	-1
9.90182089806	-1
9.90182089806	-1
9.90182089806	-1
9.90203094482	-1
9.90203094482	-1
9.90203094482	-1
9.90215301514	-1
9.90215301514	-1
9.90215301514	-1
9.90375590324	1
9.90418791771	-1
9.90418791771	-1
9.90418791771	-1
9.90440583229	-1
9.90991187096	-1
9.90991187096	-1
9.90991187096	-1
9.91002392769	-1
9.91002392769	-1
9.97259998322	-1
9.97259998322	-1
9.97259998322	-1
9.97270202637	-1
9.97270202637	-1
9.97270202637	-1
9.97270202637	-1
9.97270202637	-1
9.97270202637	-1
9.97270202637	-1
9.97270202637	-1
9.97270202637	-1
9.97363495827	-1
9.97363495827	-1
9.97454190254	-1
9.97454190254	-1
9.97454190254	-1
10.0256478786	-1
10.0256478786	-1
10.0256478786	-1
10.026050806	-1
10.026050806	-1
10.026050806	-1
10.026091814	-1
10.026091814	-1
10.026091814	-1
10.026091814	-1
10.026091814	-1
10.026091814	-1
10.026091814	-1
10.026091814	-1
10.0490498543	-1
10.1005008221	-1
10.1005008221	-1
10.1005008221	-1
10.1005008221	-1
10.1005008221	-1
10.1005008221	-1
10.1005008221	-1
10.1007018089	-1
10.1007018089	-1
10.1008589268	-1
10.1008589268	-1
10.101102829	-1
10.101102829	-1
10.101102829	-1
10.1012890339	-1
10.1012890339	-1
10.1012890339	-1
10.1014928818	-1
10.1014928818	-1
10.1014928818	-1
10.1016149521	-1
10.1017389297	-1
10.1017389297	-1
10.1017389297	-1
10.1018469334	-1
10.1018469334	-1
10.1018469334	-1
10.1019859314	-1
10.1019859314	-1
10.1021559238	1
10.2254908085	-1
10.2254908085	-1
10.2254908085	-1
10.2255239487	1
10.2255539894	-1
10.2255539894	-1
10.2257168293	-1
10.2257168293	-1
10.2257168293	-1
10.2257168293	-1
10.2259819508	-1
10.2261869907	-1
10.2261869907	-1
10.2261869907	-1
10.2264568806	-1
10.2264568806	-1
10.226487875	-1
10.226487875	-1
10.226487875	-1
10.226487875	-1
10.2267010212	-1
10.2267010212	-1
10.2267348766	-1
10.2267348766	-1
10.2269468307	-1
10.2269468307	-1
10.2269468307	-1
10.2269809246	-1
10.2269809246	-1
10.2275810242	-1
10.2275810242	-1
10.2275810242	-1
10.2275810242	-1
10.230453968	-1
10.2304959297	-1
10.2304959297	-1
10.2304959297	-1
10.2304959297	-1
10.2304959297	-1
10.2304959297	-1
10.2307260036	-1
10.2307260036	-1
10.2307260036	-1
10.2309389114	-1
10.2309389114	-1
10.2309389114	-1
10.2309389114	-1
10.2309389114	-1
10.2309389114	-1
10.2309389114	-1
10.3025119305	-1
10.3025119305	-1
10.3025119305	-1
10.3025119305	-1
10.3025119305	-1
10.3025119305	-1
10.3025119305	-1
10.3025119305	-1
10.3027980328	-1
10.3027980328	-1
10.3027980328	-1
10.3532090187	1
10.3783609867	-1
10.3783609867	-1
10.3783609867	-1
10.3783609867	-1
10.3783609867	-1
10.3783609867	-1
10.3783609867	-1
10.3783609867	-1
10.3783609867	-1
10.3787288666	-1
10.3787288666	-1
10.3787288666	-1
10.3787288666	-1
10.3787288666	-1
10.3787288666	-1
10.3787288666	-1
10.3787288666	-1
10.3790969849	-1
10.3790969849	-1
10.3790969849	-1
10.3790969849	-1
10.3790969849	-1
10.3790969849	-1
10.3790969849	-1
10.3790969849	-1
10.3793928623	-1
10.3793928623	-1
10.3793928623	-1
10.3793928623	-1
10.3793928623	-1
10.3793928623	-1
10.3793928623	-1
10.3793928623	-1
10.3798339367	-1
10.3798339367	-1
10.3798339367	-1
10.3798339367	-1
10.3798339367	-1
10.3798339367	-1
10.3798339367	-1
10.4530918598	1
10.4530918598	1
10.4531219006	-1
10.4531219006	-1
10.4531219006	-1
10.4531219006	-1
10.4531219006	-1
10.4531219006	-1
10.4531219006	-1
10.4531219006	-1
10.4539928436	-1
10.4539928436	-1
10.4539928436	-1
10.4539928436	-1
10.4539928436	-1
10.4539928436	-1
10.4539928436	-1
10.4539928436	-1
10.4546699524	-1
10.4546699524	-1
10.4546699524	-1
10.4546699524	-1
10.4546699524	-1
10.4550149441	-1
10.4550149441	-1
10.4550149441	-1
10.4550149441	-1
10.5172348022	-1
10.5172348022	-1
10.5172348022	-1
10.5177459717	-1
10.5177459717	-1
10.5177459717	-1
10.5178029537	-1
10.5178029537	-1
10.5180439949	-1
10.5180439949	-1
10.5180439949	-1
10.5181879997	-1
10.5181879997	-1
10.5181879997	-1
10.5282249451	-1
10.5282249451	-1
10.5282249451	-1
10.5282578468	1
10.5589439869	-1
10.5590479374	-1
10.5590479374	-1
10.5590479374	-1
10.5593528748	-1
10.5593528748	-1
10.5593528748	-1
10.5600068569	-1
10.5600068569	-1
10.5600528717	-1
10.5600528717	-1
10.5600528717	-1
10.5600528717	-1
10.5600528717	-1
10.5600528717	-1
10.5600528717	-1
10.5602920055	-1
10.5602920055	-1
10.5602920055	-1
10.5604798794	-1
10.5604798794	-1
10.5604798794	-1
10.5667438507	-1
10.5667438507	-1
10.5923228264	-1
10.5923228264	-1
10.5923228264	-1
10.5923700333	-1
10.5923700333	-1
10.5923700333	-1
10.5925710201	-1
10.5925710201	-1
10.5925710201	-1
10.5925710201	-1
10.5925710201	-1
10.5925710201	-1
10.5925710201	-1
10.5925710201	-1
10.5925710201	-1
10.6033189297	-1
10.6033189297	-1
10.6033189297	-1
10.6033189297	-1
10.6033189297	-1
10.6033189297	-1
10.6033189297	-1
10.6033189297	-1
10.6342868805	-1
10.6417570114	-1
10.6471159458	1
10.6681799889	-1
10.6681799889	-1
10.6681799889	-1
10.6681799889	-1
10.6683838367	-1
10.6683838367	-1
10.6685159206	-1
10.6685159206	-1
10.6685159206	-1
10.6685159206	-1
10.6685159206	-1
10.6685159206	-1
10.6685159206	-1
10.6917059422	-1
10.7200088501	-1
10.7200088501	-1
10.7200088501	-1
10.7200088501	-1
10.7200088501	-1
10.7200088501	-1
10.7200088501	-1
10.7200088501	-1
10.7201738358	-1
10.7201738358	-1
10.7201738358	-1
10.7201738358	-1
10.7201738358	-1
10.7201738358	-1
10.7201738358	-1
10.7440719604	-1
10.7440719604	-1
10.7440719604	-1
10.7440719604	-1
10.7440719604	-1
10.7440719604	-1
10.7440719604	-1
10.7440719604	-1
10.7444398403	-1
10.7444398403	-1
10.7444398403	-1
10.7444398403	-1
10.7444398403	-1
10.7444398403	-1
10.7444398403	-1
10.7444398403	-1
10.7952048779	-1
10.7952048779	-1
10.7952048779	-1
10.7952048779	-1
10.7952048779	-1
10.7952048779	-1
10.7974510193	1
11.2779288292	-1
11.3920128345	-1
11.4072508812	-1
11.4072508812	-1
11.4072508812	-1
11.4072508812	-1
11.4250228405	1
11.5785329342	-1
11.6927018166	-1
11.7673308849	-1
11.7673308849	-1
12.1687510014	-1
12.1792178154	1
12.2539849281	1
12.9267477989	-1
13.2583558559	-1
13.3849349022	-1
13.4028878212	1
13.4773309231	1
13.4773309231	1
13.5150129795	-1
13.5913009644	1
13.629160881	-1
14.4045219421	1
14.479929924	1
14.479929924	1
14.5861718655	-1
14.8072190285	-1
14.8816039562	-1
14.9393320084	-1
14.9393320084	-1
14.9393320084	-1
14.9393320084	-1
14.9393320084	-1
14.9402120113	-1
14.9565238953	1
15.0950930119	-1
15.207146883	-1
15.2829008102	-1
15.3059458733	1
15.3059959412	1
15.3059959412	1
15.3059959412	1
15.3075079918	1
15.3075079918	1
15.3075079918	1
15.3075478077	1
15.3075478077	1
15.598721981	-1
15.7250468731	-1
16.420609951	-1
