0.0	1
0.249785900116	1
0.445717096329	-1
0.446564912796	1
0.733023881912	-1
0.733805894852	1
0.737272024155	1
0.737272024155	1
0.737272024155	1
0.864427089691	1
0.864427089691	1
0.864427089691	1
1.28586387634	-1
1.28763794899	1
1.40223097801	-1
1.40366005898	1
1.52276802063	-1
1.52401804924	1
1.63877892494	-1
1.63995909691	1
1.75470709801	-1
1.75470709801	-1
1.75615501404	1
1.81114792824	-1
1.81114792824	-1
1.81114792824	-1
1.81135702133	-1
1.81135702133	-1
1.81135702133	-1
1.81135702133	-1
1.81135702133	-1
1.81135702133	-1
1.88343691826	1
1.9854619503	-1
2.0696709156	-1
2.0696709156	-1
2.0696709156	-1
2.11055493355	-1
2.11055493355	-1
2.11055493355	-1
2.11055493355	-1
2.11055493355	-1
2.1339840889	1
2.18437004089	-1
2.18437004089	-1
2.1863360405	-1
2.1863360405	-1
2.1863360405	-1
2.1863360405	-1
2.1863360405	-1
2.1863360405	-1
2.1863360405	-1
2.27316808701	-1
2.27316808701	-1
2.28419494629	-1
2.28419494629	-1
2.28419494629	-1
2.28419494629	-1
2.28419494629	-1
2.28419494629	-1
2.28419494629	-1
2.30217504501	1
2.34160494804	-1
2.34160494804	-1
2.34160494804	-1
2.34160494804	-1
2.35304689407	-1
2.35304689407	-1
2.38969302177	1
2.38969302177	1
2.38969302177	1
2.41572093964	-1
2.45367693901	1
2.47536802292	-1
2.47536802292	-1
2.47536802292	-1
2.48512005806	-1
2.48512005806	-1
2.48512005806	-1
2.51471090317	-1
2.51471090317	-1
2.55579400063	-1
2.55579400063	-1
2.56643891335	-1
2.59945702553	1
2.6320130825	-1
2.6320130825	-1
2.6320130825	-1
2.63796496391	-1
2.63796496391	-1
2.63796496391	-1
2.63796496391	-1
2.64237594604	-1
2.64237594604	-1
2.64237594604	-1
2.64237594604	-1
2.64237594604	-1
2.64237594604	-1
2.65050601959	-1
2.65658807755	1
2.65658807755	1
2.65658807755	1
2.66490292549	-1
2.66490292549	-1
2.67312002182	-1
2.67312002182	-1
2.67312002182	-1
2.68109893799	-1
2.6836578846	1
2.6836578846	1
2.73676609993	-1
2.73676609993	-1
2.73676609993	-1
2.73676609993	-1
2.73676609993	-1
2.73676609993	-1
2.76956892014	-1
2.76956892014	-1
2.82072496414	-1
2.82072496414	-1
2.82072496414	-1
2.82072496414	-1
2.86185908318	-1
2.86185908318	-1
2.86185908318	-1
2.86185908318	-1
2.86185908318	-1
2.86185908318	-1
2.86188793182	1
2.86188793182	1
2.86580991745	-1
2.88517594337	1
2.88517594337	1
2.88517594337	1
2.88781404495	1
2.88781404495	1
2.93526291847	-1
3.00723290443	1
3.03233194351	-1
3.03233194351	-1
3.03233194351	-1
3.03398299217	-1
3.03398299217	-1
3.03398299217	-1
3.03398299217	-1
3.03398299217	-1
3.03398299217	-1
3.03398299217	-1
3.06505608559	-1
3.07660198212	1
3.07660198212	1
3.07660198212	1
3.12895107269	1
3.12895107269	1
3.13831591606	1
3.13831591606	1
3.13831591606	1
3.15364599228	-1
3.15364599228	-1
3.15364599228	-1
3.15364599228	-1
3.15364599228	-1
3.15364599228	-1
3.15364599228	-1
3.15364599228	-1
3.15364599228	-1
3.17608189583	-1
3.17608189583	-1
3.17608189583	-1
3.17608189583	-1
3.17608189583	-1
3.26845097542	1
3.29492902756	-1
3.29492902756	-1
3.29492902756	-1
3.34833598137	-1
3.34833598137	-1
3.35410690308	1
3.35410690308	1
3.35410690308	1
3.47315788269	-1
3.47315788269	-1
3.47315788269	-1
3.47499990463	1
3.47499990463	1
3.47499990463	1
3.47832298279	-1
3.47832298279	-1
3.4800028801	1
3.4800028801	1
3.4852540493	-1
3.4852540493	-1
3.4852540493	-1
3.4922990799	-1
3.4922990799	-1
3.52322101593	1
3.52322101593	1
3.52322101593	1
3.52630996704	1
3.52630996704	1
3.58074903488	-1
3.58074903488	-1
3.58074903488	-1
3.63923788071	-1
3.63923788071	-1
3.63923788071	-1
3.64119291306	1
3.64119291306	1
3.64119291306	1
3.71905088425	-1
3.71905088425	-1
3.72102808952	1
3.72102808952	1
3.72368788719	-1
3.72368788719	-1
3.72368788719	-1
3.72368788719	-1
3.72368788719	-1
3.72368788719	-1
3.72368788719	-1
3.83797001839	-1
3.83797001839	-1
3.83797001839	-1
3.83968710899	1
3.83968710899	1
3.83968710899	1
3.87697792053	-1
3.87697792053	-1
3.87697792053	-1
3.87800908089	-1
3.87800908089	-1
3.87800908089	-1
3.87800908089	-1
3.87800908089	-1
3.87800908089	-1
3.89097905159	-1
3.89097905159	-1
3.89466190338	1
3.89466190338	1
3.89466190338	1
3.93557906151	-1
3.93557906151	-1
3.93867993355	-1
3.93867993355	-1
3.93867993355	-1
3.9416949749	1
3.9416949749	1
3.96549510956	-1
3.96549510956	-1
3.96549510956	-1
3.96549510956	-1
3.96549510956	-1
3.96549510956	-1
3.96549510956	-1
3.99331903458	-1
3.99638009071	-1
3.99638009071	-1
3.99638009071	-1
3.99638009071	-1
3.99638009071	-1
3.99638009071	-1
3.99638009071	-1
4.0372068882	-1
4.04520392418	-1
4.04520392418	-1
4.04520392418	-1
4.07025909424	1
4.13169288635	-1
4.13169288635	-1
4.13169288635	-1
4.13886499405	-1
4.13886499405	-1
4.1389799118	-1
4.1389799118	-1
4.1389799118	-1
4.1389799118	-1
4.1389799118	-1
4.15082097054	-1
4.1511220932	-1
4.1511220932	-1
4.1511220932	-1
4.1511220932	-1
4.1511220932	-1
4.1511220932	-1
4.1511220932	-1
4.15136694908	-1
4.17249107361	-1
4.17249107361	-1
4.17259907722	-1
4.17259907722	-1
4.17259907722	-1
4.17259907722	-1
4.17259907722	-1
4.17376708984	-1
4.18501901627	1
4.18501901627	1
4.25390195847	-1
4.25390195847	-1
4.25390195847	-1
4.28940701485	-1
4.28940701485	-1
4.29135704041	-1
4.29135704041	-1
4.29135704041	-1
4.29135704041	-1
4.29135704041	-1
4.29135704041	-1
4.29135704041	-1
4.29696702957	-1
4.29696702957	-1
4.29696702957	-1
4.29696702957	-1
4.29696702957	-1
4.2993209362	-1
4.2993209362	-1
4.2993209362	-1
4.2993209362	-1
4.2993209362	-1
4.2993209362	-1
4.2993209362	-1
4.30890488625	-1
4.30890488625	-1
4.30890488625	-1
4.30890488625	-1
4.30890488625	-1
4.30890488625	-1
4.30890488625	-1
4.32651090622	1
4.36696696281	-1
4.37750411034	1
4.37750411034	1
4.37750411034	1
4.37750411034	1
4.3816049099	-1
4.3816049099	-1
4.3816049099	-1
4.3816049099	-1
4.3816049099	-1
4.3816049099	-1
4.3816049099	-1
4.38181304932	-1
4.38181304932	-1
4.38181304932	-1
4.38181304932	-1
4.38181304932	-1
4.38181304932	-1
4.39591288567	-1
4.41061592102	-1
4.41061592102	-1
4.41061592102	-1
4.41061592102	-1
4.41061592102	-1
4.41085290909	-1
4.41085290909	-1
4.41085290909	-1
4.4109210968	-1
4.4109210968	-1
4.4109210968	-1
4.4109210968	-1
4.4109210968	-1
4.4109210968	-1
4.4109210968	-1
4.4112200737	-1
4.41303706169	1
4.41303706169	1
4.43936109543	1
4.43936109543	1
4.44137406349	-1
4.44137406349	-1
4.44137406349	-1
4.44137406349	-1
4.44137406349	-1
4.44354200363	1
4.44354200363	1
4.44354200363	1
4.50096702576	1
4.50096702576	1
4.51261305809	-1
4.51261305809	-1
4.51261305809	-1
4.51261305809	-1
4.51261305809	-1
4.51568007469	-1
4.51568007469	-1
4.51568007469	-1
4.51568007469	-1
4.51568007469	-1
4.51568007469	-1
4.51568007469	-1
4.52243709564	-1
4.52243709564	-1
4.54628300667	-1
4.54628300667	-1
4.54628300667	-1
4.54628300667	-1
4.54628300667	-1
4.54628300667	-1
4.54628300667	-1
4.55092597008	-1
4.64824104309	-1
4.64824104309	-1
4.64824104309	-1
4.65768289566	-1
4.65768289566	-1
4.65768289566	-1
4.66285896301	-1
4.66285896301	-1
4.66583299637	-1
4.66583299637	-1
4.66583299637	-1
4.66762709618	-1
4.66762709618	-1
4.66762709618	-1
4.66762709618	-1
4.66762709618	-1
4.66762709618	-1
4.66762709618	-1
4.66827702522	1
4.66827702522	1
4.66827702522	1
4.66878390312	-1
4.66878390312	-1
4.66878390312	-1
4.66878390312	-1
4.66878390312	-1
4.66878390312	-1
4.66878390312	-1
4.67071294785	-1
4.67799305916	-1
4.67799305916	-1
4.67799305916	-1
4.67799305916	-1
4.67799305916	-1
4.67799305916	-1
4.67799305916	-1
4.67799305916	-1
4.67799305916	-1
4.67799305916	-1
4.67834210396	-1
4.73610901833	-1
4.73610901833	-1
4.73610901833	-1
4.73701095581	1
4.73701095581	1
4.73701095581	1
4.80826210976	-1
4.80826210976	-1
4.80826210976	-1
4.80888009071	-1
4.80888009071	-1
4.80888009071	-1
4.80888009071	-1
4.80888009071	-1
4.80888009071	-1
4.80952310562	1
4.80952310562	1
4.80952310562	1
4.81195497513	-1
4.81195497513	-1
4.81195497513	-1
4.81195497513	-1
4.81195497513	-1
4.81195497513	-1
4.81195497513	-1
4.81195497513	-1
4.81307506561	-1
4.81307506561	-1
4.81307506561	-1
4.81307506561	-1
4.81307506561	-1
4.81307506561	-1
4.81307506561	-1
4.81307506561	-1
4.81478190422	-1
4.81478190422	-1
4.81478190422	-1
4.81478190422	-1
4.81478190422	-1
4.81478190422	-1
4.81478190422	-1
4.81598305702	-1
4.82556700706	-1
4.82556700706	-1
4.82556700706	-1
4.82556700706	-1
4.82556700706	-1
4.82556700706	-1
4.88459396362	-1
4.88459396362	-1
4.88581800461	1
4.88581800461	1
4.8998939991	-1
4.89992499352	1
4.9072060585	-1
4.9072060585	-1
4.9072060585	-1
4.9072060585	-1
4.9237780571	-1
4.9237780571	-1
4.92711091042	1
4.92711091042	1
4.92711091042	1
4.93995904922	-1
4.93995904922	-1
4.94286394119	-1
4.94286394119	-1
4.94286394119	-1
4.94286394119	-1
4.94286394119	-1
4.94286394119	-1
5.00514292717	-1
5.00514292717	-1
5.01464104652	-1
5.01600193977	-1
5.01600193977	-1
5.01600193977	-1
5.01600193977	-1
5.01600193977	-1
5.01600193977	-1
5.07485604286	-1
5.07485604286	-1
5.07755208015	-1
5.07755208015	-1
5.07755208015	-1
5.09660696983	1
5.09660696983	1
5.09660696983	1
5.12932300568	1
5.14695596695	-1
5.14695596695	-1
5.14695596695	-1
5.14695596695	-1
5.14695596695	-1
5.14695596695	-1
5.20675206184	-1
5.20675206184	-1
5.22731208801	-1
5.22731208801	-1
5.22731208801	-1
5.23055291176	1
5.23055291176	1
5.23055291176	1
5.23687601089	-1
5.23687601089	-1
5.25377607346	-1
5.25377607346	-1
5.25377607346	-1
5.25377607346	-1
5.25377607346	-1
5.25377607346	-1
5.25377607346	-1
5.25377607346	-1
5.25377607346	-1
5.25411987305	-1
5.25411987305	-1
5.25411987305	-1
5.30106091499	-1
5.30106091499	-1
5.31723594666	-1
5.31723594666	-1
5.31723594666	-1
5.31723594666	-1
5.31723594666	-1
5.31723594666	-1
5.31723594666	-1
5.32374405861	-1
5.35880589485	-1
5.35880589485	-1
5.35885095596	1
5.35885095596	1
5.3998029232	-1
5.3998029232	-1
5.3998029232	-1
5.40021705627	-1
5.40021705627	-1
5.40021705627	-1
5.40021705627	-1
5.40021705627	-1
5.40021705627	-1
5.43702197075	-1
5.43702197075	-1
5.44218206406	-1
5.44218206406	-1
5.44218206406	-1
5.44218206406	-1
5.44218206406	-1
5.44218206406	-1
5.44218206406	-1
5.44218206406	-1
5.44245910645	-1
5.44245910645	-1
5.44245910645	-1
5.48107409477	1
5.48669600487	-1
5.48669600487	-1
5.48669600487	-1
5.48669600487	-1
5.48669600487	-1
5.48669600487	-1
5.48669600487	-1
5.48669600487	-1
5.49029994011	-1
5.50637507439	-1
5.50637507439	-1
5.50637507439	-1
5.50637507439	-1
5.50637507439	-1
5.50637507439	-1
5.57684087753	-1
5.57684087753	-1
5.64153790474	1
5.64837002754	-1
5.64837002754	-1
5.64837002754	-1
5.64837002754	-1
5.64837002754	-1
5.64837002754	-1
5.64837002754	-1
5.64837002754	-1
5.64837002754	-1
5.65200901031	-1
5.65200901031	-1
5.65200901031	-1
5.65200901031	-1
5.66276288033	-1
5.67866206169	-1
5.67866206169	-1
5.68097400665	-1
5.68097400665	-1
5.68097400665	-1
5.68097400665	-1
5.68097400665	-1
5.68097400665	-1
5.68097400665	-1
5.69285392761	-1
5.69285392761	-1
5.69285392761	-1
5.69285392761	-1
5.69285392761	-1
5.69285392761	-1
5.69285392761	-1
5.70382189751	1
5.70382189751	1
5.70382189751	1
5.798361063	-1
5.798361063	-1
5.798361063	-1
5.80358099937	-1
5.80358099937	-1
5.80358099937	-1
5.80358099937	-1
5.80358099937	-1
5.80358099937	-1
5.80358099937	-1
5.80358099937	-1
5.80767607689	-1
5.80767607689	-1
5.80767607689	-1
5.83735609055	-1
5.83735609055	-1
5.83735609055	-1
5.83735609055	-1
5.83735609055	-1
5.83735609055	-1
5.83735609055	-1
5.83735609055	-1
5.84496688843	-1
5.84496688843	-1
5.84496688843	-1
5.84496688843	-1
5.84496688843	-1
5.84496688843	-1
5.84496688843	-1
5.84496688843	-1
5.85739803314	-1
5.85942602158	-1
5.85942602158	-1
5.85942602158	-1
5.85942602158	-1
5.85942602158	-1
5.85942602158	-1
5.85942602158	-1
5.86257910728	-1
5.86257910728	-1
5.86257910728	-1
5.86257910728	-1
5.86257910728	-1
5.86257910728	-1
5.86257910728	-1
5.90826010704	-1
5.90826010704	-1
5.90826010704	-1
5.90829491615	1
5.90832304955	-1
5.90832304955	-1
5.90832304955	-1
5.98327589035	-1
5.98327589035	-1
5.98327589035	-1
5.98327589035	-1
5.98327589035	-1
5.98327589035	-1
5.98327589035	-1
5.98327589035	-1
5.98515796661	-1
5.99861693382	-1
5.99861693382	-1
6.00083088875	-1
6.00083088875	-1
6.00083088875	-1
6.00083088875	-1
6.0101890564	-1
6.03230190277	-1
6.03230190277	-1
6.03230190277	-1
6.03230190277	-1
6.17969894409	-1
6.34243988991	-1
6.34243988991	-1
6.4475300312	1
6.44776892662	1
6.44776892662	1
6.44776892662	1
6.44776892662	1
6.44776892662	1
6.45098209381	1
6.45163202286	1
6.45163202286	1
6.45163202286	1
6.45163202286	1
6.45163202286	1
6.45163202286	1
6.45163202286	1
6.45163202286	1
6.45180392265	1
6.45180392265	1
6.45180392265	1
6.45180392265	1
6.45180392265	1
6.45180392265	1
6.45180392265	1
6.45193910599	1
6.45193910599	1
6.45732402802	-1
6.91018509865	-1
