0.0	1
0.249993085861	1
0.288047075272	-1
0.324040174484	1
0.531461000443	-1
0.53290605545	1
0.606751203537	1
0.654678106308	-1
0.734755039215	-1
0.734755039215	-1
0.734755039215	-1
0.734755039215	-1
0.734755039215	-1
0.734755039215	-1
0.734755039215	-1
0.734755039215	-1
0.751494169235	1
0.82560300827	1
0.82560300827	1
1.00363302231	1
1.05607700348	-1
1.05747413635	1
1.05747413635	1
1.05747413635	1
1.18301701546	-1
1.18458914757	1
1.30141115189	-1
1.3026611805	1
1.37712216377	-1
1.37836503983	1
1.46010303497	-1
1.57285904884	-1
1.57402205467	1
1.64697003365	-1
1.67557811737	-1
1.67557811737	-1
1.67557811737	-1
1.67557811737	-1
1.67557811737	-1
1.67557811737	-1
1.67557811737	-1
1.67557811737	-1
1.67580509186	-1
1.6954460144	1
1.74949717522	-1
1.75145220757	-1
1.75145220757	-1
1.75145220757	-1
1.75145220757	-1
1.75145220757	-1
1.75145220757	-1
1.75145220757	-1
1.75145220757	-1
1.75169920921	-1
1.7666862011	-1
1.7666862011	-1
1.7666862011	-1
1.7666862011	-1
1.7666862011	-1
1.7666862011	-1
1.7666862011	-1
1.84657406807	-1
1.84657406807	-1
1.84657406807	-1
1.8466231823	-1
1.8466231823	-1
1.8466231823	-1
1.8466231823	-1
1.8466231823	-1
1.8466231823	-1
1.88960313797	1
1.89134502411	1
1.89134502411	1
1.89134502411	1
1.89180207253	1
1.89180207253	1
1.92200899124	-1
1.92200899124	-1
1.92200899124	-1
1.93893909454	-1
1.93893909454	-1
1.93893909454	-1
1.93893909454	-1
1.93893909454	-1
1.93893909454	-1
1.93893909454	-1
1.96524119377	1
1.96524119377	1
2.1088411808	-1
2.10946202278	1
2.18335103989	1
2.20408916473	-1
2.29693698883	1
2.30978012085	-1
2.30978012085	-1
2.30978012085	-1
2.31700801849	-1
2.31857514381	1
2.31857514381	1
2.31857514381	1
2.39118504524	-1
2.39122200012	1
2.46610713005	-1
2.46614003181	1
2.54193520546	-1
2.54308199883	1
2.61740207672	-1
2.61740207672	-1
2.62115120888	-1
2.62115120888	-1
2.62115120888	-1
2.63176608086	-1
2.63176608086	-1
2.63176608086	-1
2.63176608086	-1
2.63176608086	-1
2.63176608086	-1
2.66164302826	1
2.68483519554	-1
2.68483519554	-1
2.68494701385	-1
2.68494701385	-1
2.68494701385	-1
2.68494701385	-1
2.68494701385	-1
2.68494701385	-1
2.68494701385	-1
2.70205402374	-1
2.70205402374	-1
2.70205402374	-1
2.70205402374	-1
2.70205402374	-1
2.70205402374	-1
2.71850514412	-1
2.71850514412	-1
2.71850514412	-1
2.71850514412	-1
2.71850514412	-1
2.71850514412	-1
2.71850514412	-1
2.71850514412	-1
2.72348213196	1
2.72348213196	1
2.72348213196	1
2.72348213196	1
2.75532507896	-1
2.75532507896	-1
2.75532507896	-1
2.76385211945	-1
2.76385211945	-1
2.76385211945	-1
2.83749508858	-1
2.83749508858	-1
2.83749508858	-1
2.83749508858	-1
2.83749508858	-1
2.83749508858	-1
2.83749508858	-1
2.85104799271	1
2.85209512711	-1
2.85209512711	-1
2.85209512711	-1
2.85220003128	-1
2.85220003128	-1
2.85220003128	-1
2.85220003128	-1
2.85220003128	-1
2.85220003128	-1
2.85289406776	-1
2.85289406776	-1
2.85289406776	-1
2.85289406776	-1
2.85289406776	-1
2.85289406776	-1
2.85289406776	-1
2.85289406776	-1
2.89140701294	-1
2.89140701294	-1
2.89140701294	-1
2.89140701294	-1
2.89140701294	-1
2.89140701294	-1
2.89140701294	-1
2.89140701294	-1
2.93146705627	-1
2.93146705627	-1
2.93146705627	-1
2.93146705627	-1
2.93146705627	-1
2.93146705627	-1
2.93146705627	-1
2.93146705627	-1
2.93162918091	-1
2.93301916122	-1
2.93301916122	-1
2.93301916122	-1
2.93301916122	-1
2.93301916122	-1
2.93301916122	-1
2.93301916122	-1
2.93325400352	-1
2.93325400352	-1
2.93325400352	-1
2.93325400352	-1
2.93325400352	-1
2.93325400352	-1
2.93325400352	-1
2.93352603912	-1
2.93352603912	-1
2.93953800201	-1
2.93953800201	-1
2.93953800201	-1
2.93953800201	-1
2.93953800201	-1
2.93953800201	-1
2.93953800201	-1
2.96569919586	-1
2.99935913086	-1
2.99935913086	-1
2.99935913086	-1
2.99935913086	-1
2.99935913086	-1
2.99935913086	-1
2.99935913086	-1
2.99958610535	-1
3.00554299355	-1
3.00554299355	-1
3.00554299355	-1
3.00554299355	-1
3.00554299355	-1
3.00554299355	-1
3.00554299355	-1
3.00736498833	-1
3.00747799873	-1
3.00747799873	-1
3.00747799873	-1
3.00747799873	-1
3.00747799873	-1
3.00747799873	-1
3.00747799873	-1
3.00747799873	-1
3.00784301758	-1
3.00784301758	-1
3.00784301758	-1
3.00863909721	1
3.0161921978	-1
3.0161921978	-1
3.0161921978	-1
3.0161921978	-1
3.0161921978	-1
3.0161921978	-1
3.0161921978	-1
3.0161921978	-1
3.01634120941	-1
3.01656103134	-1
3.01656103134	-1
3.01656103134	-1
3.01656103134	-1
3.01656103134	-1
3.0405421257	-1
3.0405421257	-1
3.0405421257	-1
3.0405421257	-1
3.0405421257	-1
3.0405421257	-1
3.0405421257	-1
3.07360911369	-1
3.07360911369	-1
3.07360911369	-1
3.07360911369	-1
3.07360911369	-1
3.07360911369	-1
3.07783699036	1
3.07783699036	1
3.07783699036	1
3.07963299751	-1
3.07963299751	-1
3.07963299751	-1
3.07973909378	-1
3.07973909378	-1
3.07973909378	-1
3.07973909378	-1
3.07973909378	-1
3.07973909378	-1
3.10323309898	-1
3.10323309898	-1
3.10323309898	-1
3.10323309898	-1
3.10323309898	-1
3.10323309898	-1
3.10418701172	-1
3.10418701172	-1
3.10988020897	-1
3.10988020897	-1
3.10988020897	-1
3.10988020897	-1
3.10988020897	-1
3.10988020897	-1
3.10988020897	-1
3.12509703636	-1
3.12530398369	-1
3.12530398369	-1
3.12530398369	-1
3.12530398369	-1
3.12530398369	-1
3.12530398369	-1
3.12530398369	-1
3.12577414513	-1
3.12577414513	-1
3.12577414513	-1
3.12577414513	-1
3.12577414513	-1
3.12577414513	-1
3.13136506081	-1
3.17741799355	-1
3.17741799355	-1
3.18309116364	-1
3.18309116364	-1
3.18309116364	-1
3.18327903748	-1
3.18327903748	-1
3.18327903748	-1
3.18327903748	-1
3.18327903748	-1
3.18327903748	-1
3.18327903748	-1
3.18416404724	1
3.19222617149	-1
3.19310307503	-1
3.19310307503	-1
3.19310307503	-1
3.19310307503	-1
3.19310307503	-1
3.19310307503	-1
3.20059704781	1
3.20059704781	1
3.20059704781	1
3.21150302887	-1
3.21150302887	-1
3.21161603928	-1
3.21161603928	-1
3.21161603928	-1
3.21161603928	-1
3.21161603928	-1
3.21161603928	-1
3.21161603928	-1
3.27455210686	1
3.31720209122	1
3.31720209122	1
3.31720209122	1
3.39112401009	1
3.39959812164	-1
3.42874217033	-1
3.42874217033	-1
3.42874217033	-1
3.42874217033	-1
3.42874217033	-1
3.42874217033	-1
3.42874217033	-1
3.42874217033	-1
3.44029402733	1
3.44029402733	1
3.44029402733	1
3.4696700573	-1
3.4696700573	-1
3.4696700573	-1
3.4696700573	-1
3.4696700573	-1
3.4696700573	-1
3.4696700573	-1
3.4705619812	-1
3.50429821014	-1
3.50429821014	-1
3.50429821014	-1
3.50429821014	-1
3.58031201363	1
3.64726519585	-1
3.64726519585	-1
3.64726519585	-1
3.71935105324	-1
3.71935105324	-1
3.71935105324	-1
3.71955299377	-1
3.71955299377	-1
3.72235703468	-1
3.72235703468	-1
3.72235703468	-1
3.72235703468	-1
3.72235703468	-1
3.72235703468	-1
3.72235703468	-1
3.72249603271	-1
3.72249603271	-1
3.72249603271	-1
3.72249603271	-1
3.72249603271	-1
3.72249603271	-1
3.72249603271	-1
3.72657418251	-1
3.72657418251	-1
3.72657418251	-1
3.72657418251	-1
3.72657418251	-1
3.72657418251	-1
3.72657418251	-1
3.72657418251	-1
3.72657418251	-1
3.72803807259	-1
3.72803807259	-1
3.72803807259	-1
3.72803807259	-1
3.72803807259	-1
3.72803807259	-1
3.72803807259	-1
3.72803807259	-1
3.72828817368	-1
3.73014903069	1
3.74588799477	-1
3.74588799477	-1
3.74588799477	-1
3.74588799477	-1
3.74588799477	-1
3.74588799477	-1
3.74588799477	-1
3.74660110474	-1
3.74670910835	-1
3.74670910835	-1
3.74670910835	-1
3.74670910835	-1
3.74670910835	-1
3.74670910835	-1
3.74670910835	-1
3.74670910835	-1
3.77684116364	-1
3.79370713234	-1
3.79370713234	-1
3.79370713234	-1
3.79370713234	-1
3.80453705788	-1
3.80453705788	-1
3.80453705788	-1
3.8046631813	-1
3.8046631813	-1
3.8046631813	-1
3.8046631813	-1
3.8046631813	-1
3.8046631813	-1
3.80969810486	-1
3.80969810486	-1
3.80969810486	-1
3.80969810486	-1
3.80969810486	-1
3.80969810486	-1
3.80969810486	-1
3.80969810486	-1
3.81093502045	-1
3.81093502045	-1
3.81093502045	-1
3.81093502045	-1
3.81093502045	-1
3.81093502045	-1
3.81093502045	-1
3.81108403206	-1
3.81129598618	-1
3.81129598618	-1
3.81129598618	-1
3.81129598618	-1
3.81129598618	-1
3.81129598618	-1
3.81129598618	-1
3.8132121563	-1
3.8133289814	-1
3.8133289814	-1
3.8133289814	-1
3.8133289814	-1
3.8133289814	-1
3.8133289814	-1
3.8133289814	-1
3.8133289814	-1
3.82030916214	-1
3.82030916214	-1
3.82030916214	-1
3.82030916214	-1
3.82030916214	-1
3.82030916214	-1
3.82030916214	-1
3.82106804848	-1
3.82217216492	1
3.85077619553	-1
3.85077619553	-1
3.85077619553	-1
3.85077619553	-1
3.85077619553	-1
3.85077619553	-1
3.85077619553	-1
3.85100603104	-1
3.8778450489	-1
3.8778450489	-1
3.8778450489	-1
3.8778450489	-1
3.8778450489	-1
3.8778450489	-1
3.8778450489	-1
3.87909913063	-1
3.87909913063	-1
3.87909913063	-1
3.87909913063	-1
3.87909913063	-1
3.87909913063	-1
3.87934708595	-1
3.88366508484	-1
3.88366508484	-1
3.88366508484	-1
3.88366508484	-1
3.88366508484	-1
3.88366508484	-1
3.88441300392	-1
3.88441300392	-1
3.88441300392	-1
3.88441300392	-1
3.88445901871	-1
3.89219808578	-1
3.89219808578	-1
3.89219808578	-1
3.89219808578	-1
3.89219808578	-1
3.89219808578	-1
3.89219808578	-1
3.89219808578	-1
3.89988303185	1
3.89990711212	-1
3.89990711212	-1
3.89990711212	-1
3.89990711212	-1
3.89990711212	-1
3.89990711212	-1
3.89990711212	-1
3.89990711212	-1
3.90111899376	-1
3.90123915672	-1
3.90123915672	-1
3.90123915672	-1
3.90123915672	-1
3.90123915672	-1
3.90123915672	-1
3.90148305893	-1
3.90148305893	-1
3.90148305893	-1
3.90148305893	-1
3.90148305893	-1
3.90148305893	-1
3.90148305893	-1
3.90228700638	-1
3.90228700638	-1
3.90228700638	-1
3.90228700638	-1
3.90228700638	-1
3.90228700638	-1
3.90228700638	-1
3.90228700638	-1
3.92534208298	-1
3.92534208298	-1
3.92534208298	-1
3.92534208298	-1
3.92534208298	-1
3.92534208298	-1
3.92534208298	-1
3.92534208298	-1
3.95287299156	-1
3.95287299156	-1
3.95287299156	-1
3.95287299156	-1
3.95287299156	-1
3.95287299156	-1
3.95287299156	-1
3.95287299156	-1
3.95391607285	-1
3.95403909683	-1
3.95403909683	-1
3.95403909683	-1
3.95403909683	-1
3.95403909683	-1
3.95403909683	-1
3.95403909683	-1
3.95850110054	-1
3.95853614807	-1
3.95853614807	-1
3.95853614807	-1
3.95853614807	-1
3.95853614807	-1
3.95853614807	-1
3.95853614807	-1
3.95974707603	-1
3.95975017548	1
3.95975017548	1
3.95975017548	1
3.96007299423	-1
3.96007299423	-1
3.96007299423	-1
3.96007299423	-1
3.96007299423	-1
3.96007299423	-1
3.96007299423	-1
3.96007299423	-1
3.9665210247	-1
3.9665210247	-1
3.9665210247	-1
3.9665210247	-1
3.9665210247	-1
3.9665210247	-1
3.9665210247	-1
3.9665210247	-1
3.98075509071	-1
3.98075509071	-1
3.98075509071	-1
3.98075509071	-1
3.98075509071	-1
3.98075509071	-1
3.98075509071	-1
3.98075509071	-1
3.98970317841	-1
3.98982906342	-1
3.98982906342	-1
3.98982906342	-1
3.98982906342	-1
3.98982906342	-1
3.98982906342	-1
3.99019813538	-1
3.99019813538	-1
3.99019813538	-1
3.99019813538	-1
3.99019813538	-1
3.99019813538	-1
3.99019813538	-1
3.99019813538	-1
3.99019813538	-1
3.99261116982	-1
3.99273705482	-1
3.99273705482	-1
3.99273705482	-1
3.99273705482	-1
3.99273705482	-1
3.99273705482	-1
3.99273705482	-1
3.9929831028	-1
3.9929831028	-1
3.9929831028	-1
3.99938106537	-1
3.99949717522	-1
3.99949717522	-1
3.99949717522	-1
3.99949717522	-1
3.99949717522	-1
3.99949717522	-1
3.99949717522	-1
4.02706003189	-1
4.0270960331	-1
4.0270960331	-1
4.0270960331	-1
4.0270960331	-1
4.0270960331	-1
4.0270960331	-1
4.0270960331	-1
4.0270960331	-1
4.02808308601	-1
4.02808308601	-1
4.02808308601	-1
4.02808308601	-1
4.02808308601	-1
4.02808308601	-1
4.02808308601	-1
4.02808308601	-1
4.02808308601	-1
4.03285217285	-1
4.03285217285	-1
4.03285217285	-1
4.03285217285	-1
4.03285217285	-1
4.03285217285	-1
4.03285217285	-1
4.03285217285	-1
4.03447318077	-1
4.03447318077	-1
4.03447318077	-1
4.03447318077	-1
4.03447318077	-1
4.03447318077	-1
4.03447318077	-1
4.03471803665	-1
4.03484416008	-1
4.03484416008	-1
4.03484416008	-1
4.03484416008	-1
4.03484416008	-1
4.03484416008	-1
4.03484416008	-1
4.03484416008	-1
4.03521108627	-1
4.03521108627	-1
4.03521108627	-1
4.03521108627	-1
4.03521108627	-1
4.03521108627	-1
4.03521108627	-1
4.03521108627	-1
4.03762316704	1
4.03762316704	1
4.03762316704	1
4.04827618599	-1
4.04827618599	-1
4.04827618599	-1
4.06389808655	-1
4.06389808655	-1
4.06389808655	-1
4.06389808655	-1
4.06389808655	-1
4.06389808655	-1
4.06389808655	-1
4.06389808655	-1
4.06461906433	-1
4.25712013245	1
4.25739598274	1
4.25739598274	1
4.25739598274	1
4.25739598274	1
4.25739598274	1
4.25739598274	1
4.25739598274	1
4.25739598274	1
4.25748419762	1
4.25748419762	1
4.25854110718	1
4.25870704651	1
4.25870704651	1
4.25870704651	1
4.25870704651	1
