0.0	1
0.249904870987	1
0.43292593956	-1
0.434337854385	1
0.662326812744	-1
0.663124799728	1
0.66645693779	1
0.66645693779	1
0.66645693779	1
0.86119890213	1
0.86119890213	1
0.86119890213	1
1.20304989815	-1
1.20487499237	1
1.40070700645	-1
1.40213680267	1
1.51686096191	-1
1.51807594299	1
1.63246202469	-1
1.63357686996	1
1.74800086021	-1
1.80018186569	-1
1.80018186569	-1
1.80018186569	-1
1.80018186569	-1
1.80018186569	-1
1.80018186569	-1
1.80018186569	-1
1.87220692635	-1
1.88488602638	1
1.90505099297	-1
1.90505099297	-1
1.90505099297	-1
2.01998591423	-1
2.01998591423	-1
2.01998591423	-1
2.01998591423	-1
2.01998591423	-1
2.01998591423	-1
2.01998591423	-1
2.01998591423	-1
2.01999688148	1
2.10215091705	-1
2.10215091705	-1
2.10215091705	-1
2.10215091705	-1
2.10215091705	-1
2.10215091705	-1
2.10215091705	-1
2.10215091705	-1
2.10215091705	-1
2.10693001747	-1
2.10693001747	-1
2.10693001747	-1
2.14350390434	-1
2.14353585243	1
2.14353585243	1
2.22059297562	-1
2.22059297562	-1
2.22059297562	-1
2.22059297562	-1
2.22059297562	-1
2.41963887215	-1
2.42097997665	1
2.95926880836	-1
3.15983986855	-1
3.27675485611	-1
3.28435897827	1
3.52124786377	-1
3.53459501266	1
3.78521680832	1
3.95516681671	-1
4.10660600662	-1
4.11992192268	1
4.122164011	1
4.122164011	1
4.122164011	1
4.51382684708	-1
4.51517486572	1
4.59342980385	-1
4.59342980385	-1
4.59342980385	-1
4.6296749115	-1
4.77376198769	-1
4.83681702614	-1
4.83681702614	-1
4.83681702614	-1
5.49371194839	-1
5.67621588707	-1
5.6964828968	-1
5.6964828968	-1
5.6964828968	-1
5.6964828968	-1
5.6964828968	-1
5.6964828968	-1
5.6964828968	-1
5.71498084068	1
5.722219944	1
5.722219944	1
5.722219944	1
5.722219944	1
5.79085683823	-1
5.88067388535	-1
5.88067388535	-1
5.88067388535	-1
5.94320988655	1
5.94320988655	1
5.94320988655	1
5.94320988655	1
5.94320988655	1
5.94320988655	1
6.41378998756	-1
6.43124079704	-1
6.43124079704	-1
6.43124079704	-1
6.43124079704	-1
6.43124079704	-1
6.43124079704	-1
6.43124079704	-1
6.43124079704	-1
6.5190448761	1
6.54583883286	-1
6.54583883286	-1
6.54742503166	1
6.54742503166	1
6.54742503166	1
6.59671092033	-1
6.59671092033	-1
6.59671092033	-1
6.60689401627	-1
6.60689401627	-1
6.60689401627	-1
6.60689401627	-1
6.60689401627	-1
6.60689401627	-1
6.60689401627	-1
6.67481398582	-1
6.67481398582	-1
6.67481398582	-1
6.67481398582	-1
6.67481398582	-1
6.67481398582	-1
6.67481398582	-1
6.67481398582	-1
6.72141194344	-1
6.72141194344	-1
6.72141194344	-1
6.78839087486	-1
6.78839087486	-1
6.78913187981	-1
6.78913187981	-1
6.78913187981	-1
6.82115602493	-1
6.82115602493	-1
6.82115602493	-1
6.82158780098	-1
6.82158780098	-1
6.82158780098	-1
6.82158780098	-1
6.82158780098	-1
6.86157798767	-1
6.86157798767	-1
6.86157798767	-1
6.86157798767	-1
6.86157798767	-1
6.86157798767	-1
6.86157798767	-1
6.86157798767	-1
6.87511587143	-1
6.87511587143	-1
6.87511587143	-1
6.90294480324	-1
6.90294480324	-1
6.90299296379	-1
6.90299296379	-1
6.90299296379	-1
6.90299296379	-1
6.90317296982	-1
6.90317296982	-1
6.90329694748	-1
6.90329694748	-1
6.90329694748	-1
6.90329694748	-1
6.90329694748	-1
6.90329694748	-1
6.93678998947	1
6.98529291153	-1
6.98529291153	-1
6.98529291153	-1
6.98529291153	-1
7.05926084518	-1
7.05926084518	-1
7.05926084518	-1
7.05926084518	-1
7.05926084518	-1
7.05926084518	-1
7.05926084518	-1
7.05926084518	-1
7.0635228157	-1
7.0635228157	-1
7.0635228157	-1
7.0635228157	-1
7.07871699333	-1
7.07871699333	-1
7.07959699631	1
7.07991099358	-1
7.07991099358	-1
7.07991099358	-1
7.07991099358	-1
7.07991099358	-1
7.07991099358	-1
7.08641600609	-1
7.08641600609	-1
7.08641600609	-1
7.08641600609	-1
7.08641600609	-1
7.08641600609	-1
7.08641600609	-1
7.08641600609	-1
7.19034481049	-1
7.19034481049	-1
7.19034481049	-1
7.19034481049	-1
7.19034481049	-1
7.19034481049	-1
7.19034481049	-1
7.19034481049	-1
7.25689101219	-1
7.25689101219	-1
7.25689101219	-1
7.26078987122	-1
7.26078987122	-1
7.26078987122	-1
7.26078987122	-1
7.26078987122	-1
7.26078987122	-1
7.26078987122	-1
7.26456785202	-1
7.26524996758	-1
7.26524996758	-1
7.26524996758	-1
7.26524996758	-1
7.26524996758	-1
7.26524996758	-1
7.26524996758	-1
7.26691293716	-1
7.26691293716	-1
7.27510380745	-1
7.27510380745	-1
7.27586197853	-1
7.27586197853	-1
7.27586197853	-1
7.27586197853	-1
7.27586197853	-1
7.27586197853	-1
7.27975392342	1
7.30342483521	-1
7.30342483521	-1
7.30342483521	-1
7.30342483521	-1
7.30342483521	-1
7.30342483521	-1
7.30342483521	-1
7.30342483521	-1
7.30359387398	-1
7.37151694298	-1
7.37151694298	-1
7.37151694298	-1
7.37151694298	-1
7.37151694298	-1
7.41394090652	-1
7.41394090652	-1
7.41394090652	-1
7.41394090652	-1
7.41394090652	-1
7.41394090652	-1
7.41394090652	-1
7.43000793457	-1
7.43091702461	-1
7.43091702461	-1
7.43091702461	-1
7.43091702461	-1
7.43091702461	-1
7.43091702461	-1
7.43091702461	-1
7.43164896965	-1
7.43164896965	-1
7.43164896965	-1
7.43670201302	-1
7.43747782707	1
7.50264501572	-1
7.50264501572	-1
7.50264501572	-1
7.54747080803	-1
7.54747080803	-1
7.54747080803	-1
7.5560708046	-1
7.5560708046	-1
7.55610179901	1
7.55615282059	-1
7.55615282059	-1
7.55615282059	-1
7.55615282059	-1
7.56727194786	-1
7.56727194786	-1
7.56727194786	-1
7.56727194786	-1
7.56727194786	-1
7.56727194786	-1
7.56727194786	-1
7.62188792229	-1
7.62774801254	-1
7.62774801254	-1
7.62774801254	-1
7.62774801254	-1
7.62774801254	-1
7.62774801254	-1
7.62774801254	-1
7.7085750103	1
7.77268600464	-1
7.77268600464	-1
7.77268600464	-1
7.77268600464	-1
7.77268600464	-1
7.77268600464	-1
7.77268600464	-1
7.77268600464	-1
7.77402496338	-1
7.77402496338	-1
7.77402496338	-1
7.77402496338	-1
7.77402496338	-1
7.77402496338	-1
7.77402496338	-1
7.77769184113	-1
7.77769184113	-1
7.77769184113	-1
7.77769184113	-1
7.77769184113	-1
7.77769184113	-1
7.77769184113	-1
7.77769184113	-1
7.78053998947	-1
7.78053998947	-1
7.78080701828	-1
7.78080701828	-1
7.78080701828	-1
7.78080701828	-1
7.78080701828	-1
7.78080701828	-1
7.78080701828	-1
7.7812769413	-1
7.78172898293	-1
7.78172898293	-1
7.78172898293	-1
7.78172898293	-1
7.78172898293	-1
7.78172898293	-1
7.78172898293	-1
7.81138086319	-1
7.81138086319	-1
7.81138086319	-1
7.81138086319	-1
7.81138086319	-1
7.81138086319	-1
7.81138086319	-1
7.81172895432	-1
7.81172895432	-1
7.8118519783	-1
7.8118519783	-1
7.8118519783	-1
7.8118519783	-1
7.8118519783	-1
7.8118519783	-1
7.8118519783	-1
7.85680294037	-1
7.85680294037	-1
7.85683584213	1
7.85687398911	-1
7.85687398911	-1
7.85687398911	-1
7.90754795074	1
7.90754795074	1
7.90754795074	1
7.96057295799	1
7.96057295799	1
7.96132802963	1
7.96132802963	1
7.96132802963	1
8.15269684792	1
8.26902079582	1
8.29872989655	-1
8.4606180191	1
8.52460479736	-1
8.53773498535	-1
8.53773498535	-1
8.53773498535	-1
8.53773498535	-1
8.53773498535	-1
8.53773498535	-1
8.53773498535	-1
8.55176496506	-1
8.55181384087	-1
8.55181384087	-1
8.55181384087	-1
8.55181384087	-1
8.55181384087	-1
8.55181384087	-1
8.55181384087	-1
8.56198191643	-1
8.56198191643	-1
8.56198191643	-1
8.58178591728	-1
8.58181881905	1
8.58181881905	1
8.58399701118	1
8.58399701118	1
8.58399701118	1
8.58399701118	1
8.58399701118	1
8.58399701118	1
8.63898491859	-1
8.64074897766	1
8.64074897766	1
8.69278502464	-1
8.69278502464	-1
8.69278502464	-1
8.69856190681	1
8.70024085045	-1
8.70024085045	-1
8.70024085045	-1
8.70024085045	-1
8.70024085045	-1
8.70024085045	-1
8.70024085045	-1
8.7023358345	-1
8.86305880547	-1
8.86305880547	-1
8.86305880547	-1
8.86462402344	1
8.87381100655	-1
8.87381100655	-1
8.87381100655	-1
8.873939991	-1
8.873939991	-1
8.873939991	-1
8.873939991	-1
8.873939991	-1
8.873939991	-1
8.89021396637	-1
8.89021396637	-1
8.89021396637	-1
8.89021396637	-1
8.89021396637	-1
8.89021396637	-1
8.89021396637	-1
8.89021396637	-1
8.9107530117	-1
8.9107530117	-1
8.98841094971	-1
8.98841094971	-1
8.99876189232	1
9.05914187431	-1
9.05914187431	-1
9.05914187431	-1
9.06125402451	-1
9.06125402451	-1
9.06125402451	-1
9.06125402451	-1
9.06125402451	-1
9.06125402451	-1
9.06125402451	-1
9.07063102722	-1
9.07138800621	-1
9.07138800621	-1
9.07138800621	-1
9.07138800621	-1
9.07138800621	-1
9.07138800621	-1
9.07138800621	-1
9.0724158287	-1
9.0724158287	-1
9.0724158287	-1
9.0724158287	-1
9.0724158287	-1
9.0724158287	-1
9.0724158287	-1
9.11330699921	-1
9.11334681511	1
9.11334681511	1
9.17837095261	-1
9.17837095261	-1
9.17837095261	-1
9.22790884972	1
9.24768996239	-1
9.24768996239	-1
9.24768996239	-1
9.24783682823	-1
9.24783682823	-1
9.24783682823	-1
9.24783682823	-1
9.24783682823	-1
9.24783682823	-1
9.2484498024	-1
9.2484498024	-1
9.2484498024	-1
9.2484498024	-1
9.24902486801	-1
9.24905896187	-1
9.24905896187	-1
9.24905896187	-1
9.24905896187	-1
9.24905896187	-1
9.24905896187	-1
9.25238990784	-1
9.25238990784	-1
9.25238990784	-1
9.25238990784	-1
9.25238990784	-1
9.25238990784	-1
9.25238990784	-1
9.25238990784	-1
9.33076000214	-1
9.33076000214	-1
9.33076000214	-1
9.33076000214	-1
9.33076000214	-1
9.33076000214	-1
9.33076000214	-1
9.33076000214	-1
9.3423409462	1
9.38234496117	-1
9.38234496117	-1
9.38234496117	-1
9.38234496117	-1
9.38234496117	-1
9.38234496117	-1
9.38234496117	-1
9.38234496117	-1
9.38234496117	-1
9.41732382774	-1
9.41732382774	-1
9.41732382774	-1
9.41732382774	-1
9.41732382774	-1
9.41732382774	-1
9.41732382774	-1
9.41732382774	-1
9.41732382774	-1
9.42905092239	-1
9.44031381607	-1
9.44031381607	-1
9.44031381607	-1
9.44045782089	-1
9.44045782089	-1
9.44045782089	-1
9.44045782089	-1
9.45419597626	-1
9.45682692528	-1
9.45747685432	-1
9.45747685432	-1
9.45747685432	-1
9.45747685432	-1
9.45747685432	-1
9.45747685432	-1
9.45747685432	-1
9.47164297104	-1
9.47164297104	-1
9.47164297104	-1
9.47164297104	-1
9.47164297104	-1
9.47164297104	-1
9.47164297104	-1
9.47199392319	-1
9.47199392319	-1
9.47199392319	-1
9.47199392319	-1
9.47199392319	-1
9.47199392319	-1
9.47199392319	-1
9.47199392319	-1
9.47351789474	1
9.53197598457	-1
9.53197598457	-1
9.53197598457	-1
9.53197598457	-1
9.53197598457	-1
9.53197598457	-1
9.53197598457	-1
9.53197598457	-1
9.53197598457	-1
9.53232502937	-1
9.53232502937	-1
9.53237986565	-1
9.53237986565	-1
9.53237986565	-1
9.53237986565	-1
9.53237986565	-1
9.53237986565	-1
9.57141685486	-1
9.57172584534	-1
9.57172584534	-1
9.57172584534	-1
9.57172584534	-1
9.57172584534	-1
9.57172584534	-1
9.57172584534	-1
9.58059287071	-1
9.58059287071	-1
9.58059287071	-1
9.58059287071	-1
9.58059287071	-1
9.58059287071	-1
9.59206080437	-1
9.59209394455	1
9.59209394455	1
9.61149287224	-1
9.61149287224	-1
9.61149287224	-1
9.61159801483	-1
9.61159801483	-1
9.61159801483	-1
9.61159801483	-1
9.61159801483	-1
9.61159801483	-1
9.65345287323	-1
9.65345287323	-1
9.65370202065	-1
9.65370202065	-1
9.65370202065	-1
9.65370202065	-1
9.65370202065	-1
9.65370202065	-1
9.66336488724	-1
9.66336488724	-1
9.66336488724	-1
9.66336488724	-1
9.66336488724	-1
9.66336488724	-1
9.66773891449	-1
9.67647886276	-1
9.67647886276	-1
9.67647886276	-1
9.68122291565	-1
9.68122291565	-1
9.68138980865	-1
9.68138980865	-1
9.68138980865	-1
9.68138980865	-1
9.68138980865	-1
9.68138980865	-1
9.71491789818	1
9.71491789818	1
9.71491789818	1
9.82961082458	-1
9.85420584679	-1
9.85420584679	-1
9.85420584679	-1
9.85420584679	-1
9.85420584679	-1
9.85420584679	-1
9.85420584679	-1
9.85420584679	-1
9.87148189545	1
9.96862196922	-1
10.0610740185	-1
10.0610740185	-1
10.0610740185	-1
10.0610740185	-1
10.0610740185	-1
10.4274058342	-1
10.4343128204	1
10.541921854	-1
10.5486328602	1
10.6317608356	-1
10.6317608356	-1
10.6317608356	-1
10.6342988014	-1
10.6342988014	-1
10.6342988014	-1
10.6342988014	-1
10.6342988014	-1
10.6450920105	-1
10.6450920105	-1
10.6450920105	-1
10.6450920105	-1
10.6450920105	-1
10.6450920105	-1
10.6450920105	-1
10.6450920105	-1
10.6511099339	-1
10.6515858173	-1
10.6515858173	-1
10.6515858173	-1
10.6515858173	-1
10.6515858173	-1
10.6515858173	-1
10.6515858173	-1
10.6625189781	-1
10.6631538868	-1
10.6631538868	-1
10.6631538868	-1
10.6631538868	-1
10.881125927	-1
11.0635118484	-1
11.0903379917	-1
11.0903379917	-1
11.0903379917	-1
11.0903379917	-1
11.0903379917	-1
11.0903379917	-1
11.2046508789	-1
11.2301688194	1
11.3197419643	-1
11.3844568729	1
12.224323988	-1
12.4264500141	-1
12.4315779209	1
12.5458879471	1
13.8651440144	1
13.9793579578	1
14.3430809975	-1
14.4073050022	1
14.4160449505	1
14.4160449505	1
14.4160449505	1
14.4752089977	1
14.4752089977	1
14.4752089977	1
14.4752089977	1
14.4752089977	1
14.4752089977	1
14.4768588543	1
14.4768588543	1
14.4768588543	1
14.4768588543	1
14.4768588543	1
14.4769740105	1
14.4769740105	1
