0.0	1
0.111659049988	1
0.436453104019	-1
0.7376101017	-1
0.83350110054	-1
0.83350110054	-1
0.83350110054	-1
0.83350110054	-1
0.83350110054	-1
0.83350110054	-1
0.83350110054	-1
0.83350110054	-1
0.850449085236	1
0.927849054337	-1
0.927849054337	-1
0.927849054337	-1
0.927849054337	-1
0.927849054337	-1
0.927849054337	-1
0.927849054337	-1
0.927849054337	-1
0.962141036987	1
0.962141036987	1
1.26443195343	-1
1.26547408104	1
1.2656121254	1
1.2656121254	1
1.2656121254	1
1.2656121254	1
1.57175302505	-1
1.73517203331	-1
1.77645897865	-1
1.77645897865	-1
1.77645897865	-1
2.97107815742	-1
3.65799307823	-1
3.87008500099	1
5.29648900032	-1
5.39141511917	-1
5.39141511917	-1
5.39141511917	-1
5.39141511917	-1
5.39141511917	-1
5.39141511917	-1
5.39141511917	-1
5.48646306992	-1
5.48646306992	-1
5.48646306992	-1
5.48646306992	-1
5.48646306992	-1
5.48646306992	-1
5.48646306992	-1
5.48646306992	-1
5.48667907715	-1
5.48667907715	-1
5.48667907715	-1
5.48667907715	-1
5.48667907715	-1
5.48667907715	-1
5.48667907715	-1
5.58120417595	-1
5.58120417595	-1
5.58120417595	-1
5.58120417595	-1
5.58120417595	-1
5.58120417595	-1
5.58120417595	-1
5.58120417595	-1
5.58143305779	-1
5.58143305779	-1
5.58143305779	-1
5.58171916008	-1
5.58171916008	-1
5.58171916008	-1
5.58171916008	-1
5.58171916008	-1
5.58171916008	-1
5.58171916008	-1
5.58171916008	-1
5.66587209702	-1
5.66587209702	-1
5.66587209702	-1
5.66587209702	-1
5.66587209702	-1
5.66587209702	-1
5.66587209702	-1
5.66587209702	-1
5.66610693932	-1
5.6662311554	-1
5.6662311554	-1
5.6662311554	-1
5.6662311554	-1
5.6662311554	-1
5.6662311554	-1
5.6662311554	-1
5.66720604897	1
5.67514801025	-1
5.67532300949	-1
5.67532300949	-1
5.67532300949	-1
5.67532300949	-1
5.67532300949	-1
5.67532300949	-1
5.67532300949	-1
5.75775003433	-1
5.75775003433	-1
5.75775003433	-1
5.75775003433	-1
5.75775003433	-1
5.75775003433	-1
5.75775003433	-1
5.75775003433	-1
5.75812196732	-1
5.7582681179	-1
5.7582681179	-1
5.7582681179	-1
5.7582681179	-1
5.7582681179	-1
5.7582681179	-1
5.75851202011	-1
5.75851202011	-1
5.75851202011	-1
5.75851202011	-1
5.75851202011	-1
5.75851202011	-1
5.75851202011	-1
5.75851202011	-1
5.84853196144	-1
5.84853196144	-1
5.84853196144	-1
5.84853196144	-1
5.84853196144	-1
5.84853196144	-1
5.84853196144	-1
5.84853196144	-1
5.8496119976	1
5.85606813431	-1
5.96134400368	1
5.98225903511	-1
5.98225903511	-1
5.98225903511	-1
5.98225903511	-1
5.98225903511	-1
6.08524799347	1
6.08524799347	1
6.08524799347	1
6.08801102638	1
6.08801102638	1
6.0881831646	1
6.0881831646	1
6.0881831646	1
6.08992815018	1
6.08992815018	1
6.08992815018	1
6.08992815018	1
9.38073301315	-1
9.49281096458	-1
9.49281096458	-1
9.53534603119	-1
9.53534603119	-1
9.53534603119	-1
9.54514908791	1
9.57790994644	-1
9.57790994644	-1
9.57790994644	-1
9.65428614616	-1
9.65428614616	-1
9.65428614616	-1
9.65428614616	-1
9.65428614616	-1
9.65428614616	-1
9.65428614616	-1
9.65683913231	1
9.65683913231	1
9.66890501976	-1
9.66890501976	-1
9.66890501976	-1
9.66890501976	-1
9.66890501976	-1
9.66890501976	-1
9.66890501976	-1
9.67269515991	-1
9.67269515991	-1
9.67269515991	-1
9.67269515991	-1
9.67269515991	-1
9.67269515991	-1
9.67269515991	-1
9.67269515991	-1
9.71647000313	-1
9.75176310539	-1
9.75176310539	-1
9.75176310539	-1
9.75176310539	-1
9.75176310539	-1
9.75176310539	-1
9.75176310539	-1
9.76637816429	-1
9.76637816429	-1
9.76637816429	-1
9.76637816429	-1
9.76637816429	-1
9.76637816429	-1
9.7673060894	-1
9.78100800514	-1
9.78100800514	-1
9.78100800514	-1
9.78100800514	-1
9.78100800514	-1
9.78100800514	-1
9.78100800514	-1
9.781042099	1
9.78123497963	-1
9.78466701508	-1
9.78466701508	-1
9.78466701508	-1
9.78466701508	-1
9.78466701508	-1
9.78466701508	-1
9.78466701508	-1
9.78482413292	-1
9.78502297401	-1
9.78502297401	-1
9.78502297401	-1
9.78502297401	-1
9.78502297401	-1
9.78502297401	-1
9.78502297401	-1
9.78526902199	-1
9.78526902199	-1
9.86382508278	-1
9.86382508278	-1
9.86382508278	-1
9.86382508278	-1
9.86382508278	-1
9.86382508278	-1
9.86382508278	-1
9.86382508278	-1
9.87161898613	1
9.87161898613	1
9.87161898613	1
9.87887597084	-1
9.87887597084	-1
9.87887597084	-1
9.87887597084	-1
9.87898015976	-1
9.8790140152	-1
9.8790140152	-1
9.8790140152	-1
9.8790140152	-1
9.8790140152	-1
9.8790140152	-1
9.8790140152	-1
9.87947010994	-1
9.87947010994	-1
9.87947010994	-1
9.87947010994	-1
9.87947010994	-1
9.87947010994	-1
9.87947010994	-1
9.87947010994	-1
9.89345502853	1
9.89345502853	1
9.93042111397	-1
9.93042111397	-1
9.93042111397	-1
9.93042111397	-1
9.93042111397	-1
9.93042111397	-1
9.93042111397	-1
9.93042111397	-1
9.93056201935	-1
9.93056201935	-1
9.93056201935	-1
9.93056201935	-1
9.93056201935	-1
9.93056201935	-1
9.94073104858	-1
9.94073104858	-1
9.94073104858	-1
9.94073104858	-1
9.94073104858	-1
9.94073104858	-1
9.94073104858	-1
9.94073104858	-1
9.94096899033	-1
9.94734597206	-1
9.94734597206	-1
9.94734597206	-1
9.94734597206	-1
9.94734597206	-1
9.94734597206	-1
9.94734597206	-1
9.94734597206	-1
10.0204629898	-1
10.0204629898	-1
10.0204629898	-1
10.0204629898	-1
10.0204629898	-1
10.0204629898	-1
10.0204629898	-1
10.0204629898	-1
10.0321359634	-1
10.0322611332	-1
10.0322611332	-1
10.0322611332	-1
10.0322611332	-1
10.0322611332	-1
10.0322611332	-1
10.0325269699	-1
10.0325269699	-1
10.0325269699	-1
10.0325269699	-1
10.0325269699	-1
10.0325269699	-1
10.0325269699	-1
10.0325269699	-1
10.0332419872	1
10.0405869484	-1
10.0405869484	-1
10.1119840145	-1
10.1119840145	-1
10.112416029	-1
10.112416029	-1
10.112416029	-1
10.112416029	-1
10.112416029	-1
10.112416029	-1
10.112416029	-1
10.1126639843	-1
10.1126639843	-1
10.1126639843	-1
10.1126639843	-1
10.1126639843	-1
10.1126639843	-1
10.1126639843	-1
10.1245379448	-1
10.1245379448	-1
10.1245379448	-1
10.1245379448	-1
10.1245379448	-1
10.1245379448	-1
10.1245379448	-1
10.1245379448	-1
10.1246781349	-1
10.140460968	-1
10.140460968	-1
10.140460968	-1
10.140460968	-1
10.140460968	-1
10.140460968	-1
10.140460968	-1
10.140460968	-1
10.1492869854	-1
10.1492869854	-1
10.1493999958	-1
10.1493999958	-1
10.1493999958	-1
10.1493999958	-1
10.1493999958	-1
10.1493999958	-1
10.1493999958	-1
10.149597168	1
10.2153291702	-1
10.2153291702	-1
10.2154841423	-1
10.2154841423	-1
10.2154841423	-1
10.2154841423	-1
10.2154841423	-1
10.2154841423	-1
10.2166171074	-1
10.2166171074	-1
10.2169611454	-1
10.2169611454	-1
10.2169611454	-1
10.2169611454	-1
10.2169611454	-1
10.2169611454	-1
10.2169611454	-1
10.2442271709	-1
10.2442271709	-1
10.2442271709	-1
10.2442271709	-1
10.2442271709	-1
10.2442271709	-1
10.2442271709	-1
10.2442271709	-1
10.3037731647	1
10.3072650433	-1
10.3074140549	-1
10.3074140549	-1
10.3074140549	-1
10.3074140549	-1
10.3074140549	-1
10.3074140549	-1
10.3074140549	-1
10.3076791763	-1
10.3079040051	-1
10.3079040051	-1
10.3079040051	-1
10.3079040051	-1
10.3079040051	-1
10.3079040051	-1
10.3083150387	-1
10.3083150387	-1
10.3083150387	-1
10.3083150387	-1
10.3083150387	-1
10.3083150387	-1
10.3083150387	-1
10.3083150387	-1
10.3087050915	-1
10.3087050915	-1
10.3087050915	-1
10.3087050915	-1
10.3087050915	-1
10.3087050915	-1
10.3087050915	-1
10.3087050915	-1
10.3570711613	1
10.3570711613	1
10.3570711613	1
10.4004671574	-1
10.4004671574	-1
10.4004671574	-1
10.4004671574	-1
10.4004671574	-1
10.4004671574	-1
10.4004671574	-1
10.4004671574	-1
10.4006111622	-1
10.4008159637	-1
10.4008159637	-1
10.4008159637	-1
10.4008159637	-1
10.4008159637	-1
10.4008159637	-1
10.4008159637	-1
10.4010620117	-1
10.4010901451	-1
10.4010901451	-1
10.4010901451	-1
10.4010901451	-1
10.4010901451	-1
10.4010901451	-1
10.4013381004	-1
10.4013381004	-1
10.4013381004	-1
10.4013381004	-1
10.4013381004	-1
10.4013381004	-1
10.4013381004	-1
10.4017989635	-1
10.4017989635	-1
10.4017989635	-1
10.4017989635	-1
10.4017989635	-1
10.4017989635	-1
10.4017989635	-1
10.4908390045	-1
10.4908390045	-1
10.4908390045	-1
10.4911489487	-1
10.4911489487	-1
10.4911489487	-1
10.4911489487	-1
10.4911489487	-1
10.4911489487	-1
10.4911489487	-1
10.4913301468	-1
10.4913301468	-1
10.4913301468	-1
10.4913301468	-1
10.4913301468	-1
10.4913301468	-1
10.4913301468	-1
10.4918019772	-1
10.4918019772	-1
10.4920470715	-1
10.4920470715	-1
10.4920470715	-1
10.4920470715	-1
10.4920470715	-1
10.4920470715	-1
10.5827710629	-1
10.5827710629	-1
10.5828101635	1
10.5828101635	1
10.5828411579	-1
10.5828411579	-1
10.5828411579	-1
10.5828411579	-1
10.5828411579	-1
10.5828411579	-1
10.5828411579	-1
10.5831570625	-1
10.5831570625	-1
10.5831570625	-1
10.5831570625	-1
10.5831570625	-1
10.5831570625	-1
10.5831570625	-1
10.5835261345	-1
10.5835261345	-1
10.5835261345	-1
10.5835261345	-1
10.5835261345	-1
10.5835261345	-1
10.5835261345	-1
10.5836701393	-1
10.5836701393	-1
10.5838961601	-1
10.5838961601	-1
10.5838961601	-1
10.6029400826	-1
10.6743040085	-1
10.6743040085	-1
10.6743040085	-1
10.6743040085	-1
10.6743040085	-1
10.6743040085	-1
10.7510771751	-1
10.7510859966	1
10.7510859966	1
10.7660069466	-1
10.7660069466	-1
10.7660069466	-1
10.7660069466	-1
10.7660069466	-1
10.7660069466	-1
10.7660069466	-1
10.8631570339	-1
10.8641991615	1
11.0707139969	1
11.0707139969	1
11.2091231346	-1
11.3592531681	-1
11.3592531681	-1
11.3923380375	1
11.4715411663	-1
11.4715411663	-1
11.5447070599	1
11.5447070599	1
11.6231889725	-1
11.6231889725	-1
11.8454649448	-1
11.871227026	1
11.9408500195	-1
11.9408500195	-1
11.9408500195	-1
11.9408500195	-1
11.9408500195	-1
11.983643055	1
11.983643055	1
12.0757780075	-1
12.2509961128	-1
12.3996839523	-1
12.3996839523	-1
12.4984200001	-1
12.4984200001	-1
12.4984200001	-1
12.4984200001	-1
12.4984200001	-1
12.4984200001	-1
12.6011209488	1
12.7033030987	-1
12.7751309872	-1
12.7751309872	-1
12.7751309872	-1
12.7751309872	-1
12.7751309872	-1
12.7751309872	-1
12.7751309872	-1
12.7751309872	-1
12.7786300182	-1
12.7789189816	-1
12.7789189816	-1
12.7789189816	-1
12.7789189816	-1
12.7789189816	-1
12.7789189816	-1
12.7789189816	-1
12.7789189816	-1
12.779692173	1
12.8743300438	-1
12.8743300438	-1
12.8743300438	-1
12.8743300438	-1
12.8744950294	-1
12.9006431103	-1
12.9006431103	-1
12.9006431103	-1
12.9006431103	-1
12.9006431103	-1
12.9006431103	-1
12.9006431103	-1
12.9006781578	1
12.9727461338	-1
12.9727461338	-1
12.9727461338	-1
12.9727461338	-1
13.0133559704	-1
13.0581440926	-1
13.0581440926	-1
13.0581440926	-1
13.0581440926	-1
13.0581440926	-1
13.0581440926	-1
13.0581440926	-1
13.0634469986	-1
13.0634469986	-1
13.0634469986	-1
13.0634469986	-1
13.0634469986	-1
13.0640940666	-1
13.0640940666	-1
13.0640940666	-1
13.0640940666	-1
13.0640940666	-1
13.0640940666	-1
13.0640940666	-1
13.0640940666	-1
13.0651249886	1
13.1363520622	-1
13.1363520622	-1
13.1363520622	-1
13.1363520622	-1
13.1363520622	-1
13.1363520622	-1
13.1363520622	-1
13.154802084	-1
13.154802084	-1
13.1548490524	-1
13.1548490524	-1
13.1548490524	-1
13.1548490524	-1
13.1548490524	-1
13.1548490524	-1
13.2107110023	-1
13.2107110023	-1
13.2107110023	-1
13.2107110023	-1
13.2107110023	-1
13.2107110023	-1
13.2107110023	-1
13.2107110023	-1
13.2107110023	-1
13.2107441425	1
13.2128090858	-1
13.2483291626	-1
13.3006801605	-1
13.3006801605	-1
13.3006801605	-1
13.3006801605	-1
13.3006801605	-1
13.3006801605	-1
13.3006801605	-1
13.3009011745	-1
13.3009011745	-1
13.3009011745	-1
13.3009011745	-1
13.3009011745	-1
13.3009011745	-1
13.3009011745	-1
13.3015539646	-1
13.3015539646	-1
13.3015539646	-1
13.3015799522	-1
13.3015799522	-1
13.3015799522	-1
13.3015799522	-1
13.3015799522	-1
13.3015799522	-1
13.3015799522	-1
13.3045320511	-1
13.3046481609	-1
13.3046481609	-1
13.3046481609	-1
13.3046481609	-1
13.3046481609	-1
13.3046481609	-1
13.3046481609	-1
13.3048930168	-1
13.3602130413	1
13.3602130413	1
13.399657011	-1
13.399657011	-1
13.399657011	-1
13.399657011	-1
13.5847501755	-1
13.597121954	-1
13.597121954	-1
13.597121954	-1
13.5974521637	-1
13.5974521637	-1
13.5974521637	-1
13.5974521637	-1
13.5974521637	-1
13.5974521637	-1
13.5974521637	-1
13.5976970196	-1
13.6041150093	-1
13.6041150093	-1
13.6041150093	-1
13.6041150093	-1
13.6041150093	-1
13.6041150093	-1
13.6041150093	-1
13.604393959	-1
13.604516983	-1
13.604516983	-1
13.604516983	-1
13.604516983	-1
13.604516983	-1
13.604516983	-1
13.604516983	-1
13.6945221424	-1
13.6947259903	-1
13.6947259903	-1
13.6947259903	-1
13.6947259903	-1
13.6947259903	-1
13.7832050323	-1
13.7832050323	-1
13.7832050323	-1
13.7832050323	-1
13.8426451683	1
13.9945840836	1
14.5179920197	-1
14.5445711613	1
14.656676054	1
15.269037962	-1
15.2699270248	1
15.689207077	-1
15.8725559711	1
15.9806730747	-1
16.0926480293	-1
