0.0	1
0.111695051193	1
0.488525152206	-1
0.634449005127	-1
0.746397972107	-1
0.746397972107	-1
0.746460199356	-1
0.746460199356	-1
0.746460199356	-1
0.746460199356	-1
0.746460199356	-1
0.746460199356	-1
0.748100042343	-1
0.748100042343	-1
0.748100042343	-1
0.748100042343	-1
0.748100042343	-1
0.748100042343	-1
0.748100042343	-1
0.748100042343	-1
0.767024993896	1
0.879301071167	1
1.22262310982	-1
1.3907930851	-1
1.39179515839	1
1.39194011688	1
1.39194011688	1
1.39194011688	1
1.39194011688	1
1.48448610306	-1
1.48448610306	-1
1.48448610306	-1
1.48448610306	-1
1.48448610306	-1
1.48448610306	-1
1.48448610306	-1
1.48448610306	-1
1.48448610306	-1
1.50471615791	-1
1.50471615791	-1
1.50471615791	-1
1.50471615791	-1
1.50471615791	-1
1.50471615791	-1
1.50471615791	-1
1.50471615791	-1
1.50471615791	-1
1.50506997108	-1
1.50506997108	-1
1.50506997108	-1
1.50506997108	-1
1.50506997108	-1
1.50506997108	-1
1.59769010544	-1
1.59769010544	-1
1.59774017334	-1
1.59774017334	-1
1.59774017334	-1
1.59774017334	-1
1.59774017334	-1
1.59774017334	-1
1.59774017334	-1
1.59774017334	-1
1.61475419998	-1
1.61475419998	-1
1.61475419998	-1
1.61475419998	-1
1.61863899231	-1
1.61863899231	-1
1.61863899231	-1
1.61863899231	-1
1.61863899231	-1
1.61863899231	-1
1.61863899231	-1
1.61863899231	-1
1.61866998672	1
1.6188890934	-1
1.61891818047	-1
1.61891818047	-1
1.61891818047	-1
1.61891818047	-1
1.61891818047	-1
1.61891818047	-1
1.61891818047	-1
1.7107231617	-1
1.71087908745	-1
1.71087908745	-1
1.71087908745	-1
1.71087908745	-1
1.71087908745	-1
1.71087908745	-1
1.71087908745	-1
1.71087908745	-1
1.73159909248	-1
1.73159909248	-1
1.73159909248	-1
1.73159909248	-1
1.73159909248	-1
1.73159909248	-1
1.73163104057	1
1.89923906326	-1
1.89923906326	-1
1.89923906326	-1
1.89940500259	-1
1.89940500259	-1
1.89940500259	-1
1.89940500259	-1
1.89940500259	-1
1.89940500259	-1
1.89940500259	-1
1.95880913734	-1
1.95880913734	-1
1.95880913734	-1
1.95880913734	-1
1.95880913734	-1
1.95880913734	-1
1.95880913734	-1
1.95880913734	-1
1.95880913734	-1
2.00279808044	-1
2.00279808044	-1
2.01178908348	-1
2.01178908348	-1
2.01178908348	-1
2.01178908348	-1
2.01178908348	-1
2.01178908348	-1
2.01178908348	-1
2.11262607574	-1
2.11262607574	-1
2.11262607574	-1
2.11262607574	-1
2.11262607574	-1
2.11262607574	-1
2.17897701263	-1
2.17993211746	1
2.2268781662	-1
2.2268781662	-1
2.2268781662	-1
2.2268781662	-1
2.2268781662	-1
2.2268781662	-1
2.32535719872	1
2.32535719872	1
2.32535719872	1
2.33171701431	1
2.33235001564	1
2.33235001564	1
2.33235001564	1
2.33235001564	1
2.33494019508	1
2.33494019508	1
2.33494019508	1
2.33494019508	1
2.72544598579	-1
2.89673614502	-1
2.89673614502	-1
2.90732097626	-1
2.90732097626	-1
2.90732097626	-1
2.93530511856	-1
2.93530511856	-1
2.93530511856	-1
2.93535208702	-1
2.93535208702	-1
2.93535208702	-1
2.93535208702	-1
2.93535208702	-1
2.93535208702	-1
2.95761418343	1
3.00862598419	-1
3.00900411606	1
3.00900411606	1
3.00900411606	1
3.01929807663	-1
3.01929807663	-1
3.01929807663	-1
3.01929807663	-1
3.01929807663	-1
3.01929807663	-1
3.01929807663	-1
3.01929807663	-1
3.01929807663	-1
3.02064919472	-1
3.02064919472	-1
3.02093410492	-1
3.02093410492	-1
3.02093410492	-1
3.02093410492	-1
3.02093410492	-1
3.02093410492	-1
3.02093410492	-1
3.02117919922	-1
3.02117919922	-1
3.02117919922	-1
3.02117919922	-1
3.02117919922	-1
3.02117919922	-1
3.02117919922	-1
3.04122304916	1
3.04122304916	1
3.04941320419	-1
3.04941320419	-1
3.04941320419	-1
3.04941320419	-1
3.04941320419	-1
3.04941320419	-1
3.04941320419	-1
3.04941320419	-1
3.06930017471	1
3.12100601196	-1
3.13167119026	-1
3.13167119026	-1
3.13167119026	-1
3.13167119026	-1
3.13167119026	-1
3.13167119026	-1
3.13167119026	-1
3.13276815414	-1
3.13276815414	-1
3.13276815414	-1
3.13276815414	-1
3.13276815414	-1
3.13276815414	-1
3.13276815414	-1
3.13276815414	-1
3.13314008713	-1
3.13314008713	-1
3.13314008713	-1
3.13314008713	-1
3.13314008713	-1
3.13314008713	-1
3.13314008713	-1
3.16230106354	-1
3.16235613823	-1
3.16235613823	-1
3.16235613823	-1
3.16235613823	-1
3.16235613823	-1
3.16235613823	-1
3.16235613823	-1
3.23329210281	-1
3.23332214355	1
3.23332214355	1
3.23334813118	-1
3.23334813118	-1
3.23334813118	-1
3.23334813118	-1
3.23334813118	-1
3.23334813118	-1
3.23334813118	-1
3.23355507851	-1
3.2434360981	-1
3.2443151474	-1
3.2443151474	-1
3.2443151474	-1
3.2443151474	-1
3.2443151474	-1
3.2443151474	-1
3.2443151474	-1
3.2443151474	-1
3.24580097198	-1
3.24608302116	-1
3.24608302116	-1
3.24608302116	-1
3.24608302116	-1
3.24608302116	-1
3.24608302116	-1
3.24608302116	-1
3.24608302116	-1
3.24637103081	-1
3.24637103081	-1
3.24637103081	-1
3.24637103081	-1
3.24637103081	-1
3.24637103081	-1
3.24660110474	-1
3.24660110474	-1
3.24660110474	-1
3.24660110474	-1
3.24660110474	-1
3.24660110474	-1
3.24660110474	-1
3.24685311317	-1
3.29526901245	-1
3.29526901245	-1
3.3167309761	-1
3.3167309761	-1
3.3167309761	-1
3.34548020363	-1
3.34548020363	-1
3.34548020363	-1
3.34548020363	-1
3.34548020363	-1
3.34548020363	-1
3.34548020363	-1
3.34757208824	-1
3.34760499001	1
3.34760499001	1
3.34763503075	-1
3.34763503075	-1
3.34763503075	-1
3.34763503075	-1
3.34763503075	-1
3.34763503075	-1
3.34763503075	-1
3.35601806641	-1
3.35601806641	-1
3.35601806641	-1
3.35601806641	-1
3.35601806641	-1
3.35601806641	-1
3.35601806641	-1
3.35601806641	-1
3.35601806641	-1
3.3577311039	-1
3.3577311039	-1
3.3577311039	-1
3.3577311039	-1
3.3577311039	-1
3.3577311039	-1
3.3577311039	-1
3.3577311039	-1
3.35814213753	-1
3.35814213753	-1
3.35814213753	-1
3.35814213753	-1
3.35814213753	-1
3.35814213753	-1
3.35814213753	-1
3.35838413239	-1
3.35838413239	-1
3.35838413239	-1
3.35838413239	-1
3.44711709023	-1
3.44711709023	-1
3.44788098335	-1
3.44788098335	-1
3.44788098335	-1
3.44788098335	-1
3.44788098335	-1
3.44788098335	-1
3.44788098335	-1
3.44788098335	-1
3.45747900009	-1
3.45774912834	-1
3.45774912834	-1
3.45774912834	-1
3.45774912834	-1
3.45774912834	-1
3.45774912834	-1
3.45774912834	-1
3.45892906189	-1
3.45926499367	-1
3.45926499367	-1
3.45926499367	-1
3.45926499367	-1
3.45926499367	-1
3.45926499367	-1
3.45926499367	-1
3.45926499367	-1
3.45954203606	-1
3.45954203606	-1
3.45954203606	-1
3.45954203606	-1
3.45954203606	-1
3.45954203606	-1
3.46781420708	-1
3.46785020828	1
3.46785020828	1
3.49761104584	-1
3.49761104584	-1
3.49761104584	-1
3.49761104584	-1
3.49761104584	-1
3.49761104584	-1
3.49761104584	-1
3.49761104584	-1
3.49778318405	-1
3.49778318405	-1
3.49778318405	-1
3.49778318405	-1
3.49778318405	-1
3.49778318405	-1
3.49778318405	-1
3.49821400642	-1
3.49821400642	-1
3.49833512306	-1
3.49833512306	-1
3.49833512306	-1
3.49833512306	-1
3.49833512306	-1
3.49833512306	-1
3.49833512306	-1
3.49833512306	-1
3.54398798943	-1
3.54398798943	-1
3.54398798943	-1
3.54398798943	-1
3.54398798943	-1
3.54398798943	-1
3.56155204773	-1
3.56155204773	-1
3.56169915199	-1
3.56169915199	-1
3.56169915199	-1
3.56169915199	-1
3.56169915199	-1
3.56169915199	-1
3.56169915199	-1
3.56169915199	-1
3.5619430542	-1
3.5619430542	-1
3.5619430542	-1
3.5619430542	-1
3.5619430542	-1
3.56218910217	-1
3.57542419434	-1
3.57542419434	-1
3.57542419434	-1
3.57542419434	-1
3.57542419434	-1
3.57542419434	-1
3.57542419434	-1
3.57542419434	-1
3.57590508461	-1
3.57590508461	-1
3.57590508461	-1
3.57590508461	-1
3.57590508461	-1
3.57590508461	-1
3.57590508461	-1
3.57590508461	-1
3.57615017891	-1
3.5762732029	-1
3.5762732029	-1
3.5762732029	-1
3.5762732029	-1
3.5762732029	-1
3.5762732029	-1
3.5762732029	-1
3.57985901833	1
3.57985901833	1
3.62264513969	-1
3.62264513969	-1
3.62264513969	-1
3.62264513969	-1
3.62264513969	-1
3.62264513969	-1
3.62264513969	-1
3.62264513969	-1
3.62290811539	-1
3.62307214737	-1
3.62307214737	-1
3.62307214737	-1
3.62307214737	-1
3.62307214737	-1
3.62307214737	-1
3.62307214737	-1
3.62337899208	-1
3.65806913376	-1
3.65806913376	-1
3.65806913376	-1
3.65806913376	-1
3.65806913376	-1
3.65806913376	-1
3.65806913376	-1
3.67361211777	-1
3.67371606827	-1
3.67371606827	-1
3.67371606827	-1
3.67371606827	-1
3.67371606827	-1
3.67371606827	-1
3.67371606827	-1
3.67476916313	-1
3.67481899261	-1
3.67481899261	-1
3.67481899261	-1
3.67481899261	-1
3.67481899261	-1
3.67481899261	-1
3.67481899261	-1
3.67481899261	-1
3.67505216599	-1
3.67505216599	-1
3.67505216599	-1
3.67505216599	-1
3.67505216599	-1
3.67505216599	-1
3.68323111534	-1
3.68323111534	-1
3.68323111534	-1
3.68364906311	-1
3.68364906311	-1
3.68364906311	-1
3.68364906311	-1
3.68364906311	-1
3.68364906311	-1
3.68364906311	-1
3.68379807472	-1
3.68379807472	-1
3.68379807472	-1
3.68379807472	-1
3.68379807472	-1
3.68379807472	-1
3.68379807472	-1
3.68739104271	-1
3.68739104271	-1
3.68739104271	-1
3.68739104271	-1
3.68739104271	-1
3.68739104271	-1
3.68739104271	-1
3.68739104271	-1
3.68739104271	-1
3.68774318695	-1
3.68774318695	-1
3.68774318695	-1
3.68774318695	-1
3.68774318695	-1
3.68774318695	-1
3.68798804283	-1
3.69153308868	1
3.69153308868	1
3.69153308868	1
3.6917181015	-1
3.7877202034	-1
3.7877202034	-1
3.7877202034	-1
3.80365014076	-1
3.80365014076	-1
3.80368518829	1
3.80368518829	1
3.90881299973	-1
3.90881299973	-1
3.90881299973	-1
3.91710114479	1
4.06871008873	1
4.38464999199	-1
4.53422498703	-1
4.53932404518	-1
4.53932404518	-1
4.53932404518	-1
4.53932404518	-1
4.65213799477	-1
4.65213799477	-1
4.65213799477	-1
4.77406907082	1
4.84838008881	1
4.84838008881	1
4.84838008881	1
5.01411318779	-1
5.01611304283	1
5.22257614136	1
5.36844110489	-1
5.37528204918	-1
5.37528204918	-1
5.37528204918	-1
5.37528204918	-1
5.37528204918	-1
5.37528204918	-1
5.37528204918	-1
5.37528204918	-1
5.38564300537	-1
5.38580799103	-1
5.38580799103	-1
5.38580799103	-1
5.38580799103	-1
5.38580799103	-1
5.38580799103	-1
5.38580799103	-1
5.38674807549	1
5.48996210098	-1
5.48996210098	-1
5.48996210098	-1
5.48996210098	-1
5.48996210098	-1
5.48996210098	-1
5.48996210098	-1
5.48996210098	-1
5.49020719528	-1
5.49020719528	-1
5.49020719528	-1
5.49020719528	-1
5.49020719528	-1
5.49020719528	-1
5.49020719528	-1
5.4908220768	-1
5.4908220768	-1
5.49749803543	-1
5.49749803543	-1
5.49749803543	-1
5.49749803543	-1
5.49749803543	-1
5.49749803543	-1
5.49749803543	-1
5.4977440834	-1
5.4977440834	-1
5.4977440834	-1
5.4977440834	-1
5.4977440834	-1
5.4977440834	-1
5.4977440834	-1
5.5406870842	-1
5.5406870842	-1
5.54183602333	1
5.6018819809	-1
5.6018819809	-1
5.6018819809	-1
5.6018819809	-1
5.6018819809	-1
5.6018819809	-1
5.6018819809	-1
5.60212612152	-1
5.60212612152	-1
5.61825013161	-1
5.61825013161	-1
5.61825013161	-1
5.61825013161	-1
5.61825013161	-1
5.61825013161	-1
5.61825013161	-1
5.61825013161	-1
5.61850714684	-1
5.61850714684	-1
5.61850714684	-1
5.61850714684	-1
5.61850714684	-1
5.61850714684	-1
5.61850714684	-1
5.62052202225	-1
5.62052202225	-1
5.62052202225	-1
5.62052202225	-1
5.62052202225	-1
5.62052202225	-1
5.62052202225	-1
5.62052202225	-1
5.65539002419	-1
5.65539002419	-1
5.65539002419	-1
5.65539002419	-1
5.65539002419	-1
5.65539002419	-1
5.65539002419	-1
5.65539002419	-1
5.65586400032	-1
5.65586400032	-1
5.65586400032	-1
5.65586400032	-1
5.65586400032	-1
5.65586400032	-1
5.65586400032	-1
5.65586400032	-1
5.65588212013	1
5.65588212013	1
5.71394014359	-1
5.71394014359	-1
5.71394014359	-1
5.71404504776	-1
5.71404504776	-1
5.71404504776	-1
5.71404504776	-1
5.71404504776	-1
5.71404504776	-1
5.71404504776	-1
5.73219418526	-1
5.73219418526	-1
5.73219418526	-1
5.73219418526	-1
5.73219418526	-1
5.73219418526	-1
5.73219418526	-1
5.73219418526	-1
5.73251509666	-1
5.73251509666	-1
5.73251509666	-1
5.73251509666	-1
5.73251509666	-1
5.73251509666	-1
5.73251509666	-1
5.73251509666	-1
5.7328851223	-1
5.7328851223	-1
5.7328851223	-1
5.7328851223	-1
5.7328851223	-1
5.7328851223	-1
5.7328851223	-1
5.73316502571	-1
5.73316502571	-1
5.73347997665	-1
5.73347997665	-1
5.73347997665	-1
5.73347997665	-1
5.73347997665	-1
5.73347997665	-1
5.73347997665	-1
5.76949906349	-1
5.76953411102	1
5.76953411102	1
5.76970720291	-1
5.76970720291	-1
5.76970720291	-1
5.76970720291	-1
5.76970720291	-1
5.76970720291	-1
5.77001214027	-1
5.77001214027	-1
5.77001214027	-1
5.77001214027	-1
5.77001214027	-1
5.82608008385	-1
5.82608008385	-1
5.92157506943	1
6.07849907875	-1
6.12223410606	1
6.27462506294	1
6.49949908257	-1
6.81019210815	-1
6.81105518341	1
7.25927901268	-1
7.4087331295	-1
7.4087331295	-1
10.0018341541	1
11.0023469925	1
