0.0	1
0.102350950241	1
0.358240127563	-1
0.411456108093	-1
0.411456108093	-1
0.411456108093	-1
0.411456108093	-1
0.411456108093	-1
0.411456108093	-1
0.411456108093	-1
0.411456108093	-1
0.412431001663	-1
0.413417100906	1
0.422440052032	-1
0.422440052032	-1
0.422440052032	-1
0.422440052032	-1
0.446103096008	-1
0.456999063492	-1
0.456999063492	-1
0.456999063492	-1
0.515804052353	1
0.515804052353	1
0.654784917831	-1
0.79319190979	-1
0.794233083725	1
0.794378995895	1
0.794378995895	1
0.794378995895	1
0.794378995895	1
0.805517911911	-1
0.805517911911	-1
0.805517911911	-1
0.805517911911	-1
0.805517911911	-1
0.805517911911	-1
0.805517911911	-1
0.805517911911	-1
0.815942049026	-1
0.816468954086	-1
0.816468954086	-1
0.816468954086	-1
0.816468954086	-1
0.816468954086	-1
0.816468954086	-1
0.816468954086	-1
0.835079908371	-1
0.845901966095	-1
0.845901966095	-1
0.845901966095	-1
0.845901966095	-1
0.845901966095	-1
0.845901966095	-1
0.845901966095	-1
0.877089977264	-1
0.877195119858	-1
0.877195119858	-1
0.877195119858	-1
0.877195119858	-1
0.877195119858	-1
0.905538082123	-1
0.905538082123	-1
0.905538082123	-1
0.915672063828	-1
0.915672063828	-1
0.915672063828	-1
0.915672063828	-1
0.915672063828	-1
0.915672063828	-1
0.915672063828	-1
0.915672063828	-1
0.937575101852	-1
0.937575101852	-1
0.937575101852	-1
0.937575101852	-1
0.937575101852	-1
0.937575101852	-1
0.937575101852	-1
0.93781208992	-1
0.937840938568	-1
0.937840938568	-1
0.937840938568	-1
0.937840938568	-1
0.937840938568	-1
0.937840938568	-1
0.937840938568	-1
0.938180923462	-1
0.938180923462	-1
0.938180923462	-1
0.938180923462	-1
0.938180923462	-1
0.938180923462	-1
0.938180923462	-1
0.938180923462	-1
0.979761123657	-1
0.979761123657	-1
0.979962110519	-1
0.979962110519	-1
0.979962110519	-1
1.03514504433	1
1.03771591187	-1
1.03771591187	-1
1.03771591187	-1
1.03771591187	-1
1.03771591187	-1
1.03771591187	-1
1.03771591187	-1
1.03771591187	-1
1.04263901711	-1
1.04571008682	-1
1.04571008682	-1
1.04571008682	-1
1.04571008682	-1
1.04571008682	-1
1.04571008682	-1
1.04571008682	-1
1.134526968	-1
1.134526968	-1
1.134526968	-1
1.14152002335	1
1.14303708076	-1
1.14303708076	-1
1.14605093002	-1
1.14605093002	-1
1.14605093002	-1
1.17334103584	-1
1.17334103584	-1
1.17334103584	-1
1.17334103584	-1
1.17334103584	-1
1.17334103584	-1
1.17334103584	-1
1.17334103584	-1
1.18495798111	-1
1.18495798111	-1
1.23525691032	-1
1.23525691032	-1
1.23525691032	-1
1.23525691032	-1
1.23525691032	-1
1.23525691032	-1
1.23525691032	-1
1.28333091736	1
1.32466292381	1
1.32466292381	1
1.32466292381	1
1.32573509216	1
1.32573509216	1
1.32589101791	1
1.32589101791	1
1.32589101791	1
1.32760500908	1
1.32760500908	1
1.32760500908	1
1.32760500908	1
1.42716407776	-1
1.60704898834	-1
1.60922002792	-1
1.60922002792	-1
1.60922002792	-1
1.60922002792	-1
1.60922002792	-1
1.60922002792	-1
1.60922002792	-1
1.61564993858	-1
1.61564993858	-1
1.61683797836	-1
1.61683797836	-1
1.61683797836	-1
1.61683797836	-1
1.61683797836	-1
1.61683797836	-1
1.6586151123	-1
1.6586151123	-1
1.6586151123	-1
1.6586151123	-1
1.6586151123	-1
1.6586151123	-1
1.65974211693	-1
1.66159391403	-1
1.66159391403	-1
1.66159391403	-1
1.66159391403	-1
1.66159391403	-1
1.66159391403	-1
1.66159391403	-1
1.68969011307	-1
1.69196295738	-1
1.69196295738	-1
1.69196295738	-1
1.69196295738	-1
1.69196295738	-1
1.69196295738	-1
1.69196295738	-1
1.69970011711	1
1.70142793655	-1
1.70142793655	-1
1.70142793655	-1
1.70142793655	-1
1.70142793655	-1
1.70142793655	-1
1.70142793655	-1
1.70142793655	-1
1.70178794861	-1
1.70178794861	-1
1.70178794861	-1
1.70178794861	-1
1.70203304291	-1
1.70203304291	-1
1.70203304291	-1
1.70203304291	-1
1.70203304291	-1
1.70203304291	-1
1.70203304291	-1
1.71948194504	-1
1.71948194504	-1
1.71951699257	-1
1.71951699257	-1
1.71972799301	-1
1.71972799301	-1
1.71972799301	-1
1.71972799301	-1
1.71972799301	-1
1.71972799301	-1
1.71972799301	-1
1.71972799301	-1
1.72000193596	-1
1.72000193596	-1
1.72000193596	-1
1.72000193596	-1
1.72000193596	-1
1.72000193596	-1
1.72000193596	-1
1.72025108337	-1
1.72025108337	-1
1.72025108337	-1
1.72025108337	-1
1.72025108337	-1
1.72025108337	-1
1.72025108337	-1
1.72025108337	-1
1.72411704063	1
1.72411704063	1
1.72411704063	1
1.77995705605	-1
1.77995705605	-1
1.78007793427	-1
1.78007793427	-1
1.78007793427	-1
1.78007793427	-1
1.78007793427	-1
1.78007793427	-1
1.78032302856	-1
1.78032302856	-1
1.78032302856	-1
1.78032302856	-1
1.78032302856	-1
1.802298069	-1
1.802298069	-1
1.80233502388	-1
1.80233502388	-1
1.80233502388	-1
1.80233502388	-1
1.80233502388	-1
1.80233502388	-1
1.8025701046	-1
1.8025701046	-1
1.8025701046	-1
1.8025701046	-1
1.8025701046	-1
1.8025701046	-1
1.8025701046	-1
1.8025701046	-1
1.8065969944	1
1.81553411484	-1
1.81553411484	-1
1.81553411484	-1
1.81553411484	-1
1.81553411484	-1
1.81553411484	-1
1.81553411484	-1
1.81553411484	-1
1.81590104103	-1
1.81590104103	-1
1.81590104103	-1
1.81590104103	-1
1.81590104103	-1
1.81590104103	-1
1.81590104103	-1
1.81590104103	-1
1.81636595726	-1
1.81636595726	-1
1.81636595726	-1
1.81636595726	-1
1.81636595726	-1
1.81636595726	-1
1.81636595726	-1
1.81636595726	-1
1.82282996178	-1
1.82282996178	-1
1.82282996178	-1
1.82282996178	-1
1.82282996178	-1
1.82282996178	-1
1.82282996178	-1
1.82282996178	-1
1.82309412956	-1
1.8233089447	-1
1.8233089447	-1
1.83880996704	-1
1.83880996704	-1
1.83880996704	-1
1.83880996704	-1
1.83880996704	-1
1.83880996704	-1
1.83880996704	-1
1.83880996704	-1
1.83896613121	-1
1.83896613121	-1
1.83896613121	-1
1.83896613121	-1
1.83896613121	-1
1.83896613121	-1
1.83896613121	-1
1.85786795616	-1
1.85786795616	-1
1.85791993141	-1
1.85791993141	-1
1.85791993141	-1
1.85791993141	-1
1.85791993141	-1
1.85791993141	-1
1.85791993141	-1
1.85813212395	-1
1.85813212395	-1
1.85813212395	-1
1.85813212395	-1
1.85813212395	-1
1.85813212395	-1
1.85813212395	-1
1.85813212395	-1
1.89129900932	-1
1.89144206047	-1
1.89144206047	-1
1.89144206047	-1
1.89144206047	-1
1.89144206047	-1
1.89144206047	-1
1.89158892632	-1
1.89158892632	-1
1.89334106445	1
1.89334106445	1
1.89334106445	1
1.91166591644	-1
1.91166591644	-1
1.91166591644	-1
1.91166591644	-1
1.91166591644	-1
1.91166591644	-1
1.91166591644	-1
1.91166591644	-1
1.91188001633	-1
1.91188001633	-1
1.91188001633	-1
1.91188001633	-1
1.91188001633	-1
1.91188001633	-1
1.91188001633	-1
1.92383599281	-1
1.92383599281	-1
1.92383599281	-1
1.92383599281	-1
1.92383599281	-1
1.92383599281	-1
1.92383599281	-1
1.92383599281	-1
1.93479704857	1
1.93479704857	1
1.93479704857	1
1.93938803673	-1
1.93938803673	-1
1.93938803673	-1
1.93938803673	-1
1.93938803673	-1
1.93938803673	-1
1.93938803673	-1
1.9566860199	-1
1.9566860199	-1
1.9566860199	-1
1.96554303169	-1
1.98541307449	-1
1.98541307449	-1
1.98541307449	-1
1.98541307449	-1
1.98541307449	-1
1.98541307449	-1
1.98541307449	-1
1.98541307449	-1
1.99760103226	-1
1.99760103226	-1
1.99760103226	-1
1.99760103226	-1
1.99760103226	-1
1.99760103226	-1
1.99760103226	-1
2.01952004433	-1
2.01952004433	-1
2.01952004433	-1
2.01952004433	-1
2.01952004433	-1
2.01952004433	-1
2.01952004433	-1
2.01952004433	-1
2.02945303917	-1
2.02945303917	-1
2.02945303917	-1
2.05079197884	-1
2.05079197884	-1
2.05079197884	-1
2.05079197884	-1
2.05079197884	-1
2.05079197884	-1
2.05079197884	-1
2.05079197884	-1
2.06131005287	-1
2.06131005287	-1
2.06131005287	-1
2.06131005287	-1
2.06944012642	-1
2.06944012642	-1
2.06944012642	-1
2.06944012642	-1
2.06944012642	-1
2.06944012642	-1
2.06944012642	-1
2.07807803154	-1
2.07807803154	-1
2.07807803154	-1
2.07807803154	-1
2.07807803154	-1
2.07807803154	-1
2.07807803154	-1
2.07807803154	-1
2.08672404289	-1
2.08672404289	-1
2.08672404289	-1
2.08672404289	-1
2.08672404289	-1
2.08672404289	-1
2.08672404289	-1
2.08672404289	-1
2.09410905838	-1
2.09410905838	-1
2.09410905838	-1
2.09410905838	-1
2.09410905838	-1
2.09410905838	-1
2.09410905838	-1
2.09410905838	-1
2.10279798508	-1
2.10389208794	1
2.10389208794	1
2.10389208794	1
2.12099695206	-1
2.12099695206	-1
2.12099695206	-1
2.13158011436	-1
2.13158011436	-1
2.13158011436	-1
2.13158011436	-1
2.13158011436	-1
2.13158011436	-1
2.14926600456	-1
2.14926600456	-1
2.14926600456	-1
2.14926600456	-1
2.14926600456	-1
2.14926600456	-1
2.14926600456	-1
2.14926600456	-1
2.15815210342	-1
2.16630196571	-1
2.16630196571	-1
2.16630196571	-1
2.16630196571	-1
2.16630196571	-1
2.16630196571	-1
2.16630196571	-1
2.17453408241	-1
2.17453408241	-1
2.17453408241	-1
2.17453408241	-1
2.17453408241	-1
2.17453408241	-1
2.17453408241	-1
2.17453408241	-1
2.18088412285	-1
2.18088412285	-1
2.18088412285	-1
2.18088412285	-1
2.18088412285	-1
2.18088412285	-1
2.18088412285	-1
2.18779706955	-1
2.18779706955	-1
2.18779706955	-1
2.18779706955	-1
2.18779706955	-1
2.20564293861	-1
2.20564293861	-1
2.20564293861	-1
2.20564293861	-1
2.2126660347	-1
2.2126660347	-1
2.2126660347	-1
2.21853709221	-1
2.25167393684	1
2.35401105881	-1
2.35404610634	1
2.35404610634	1
2.40582299232	-1
2.40582299232	-1
2.40582299232	-1
2.45679497719	-1
2.45800495148	1
2.47741603851	-1
2.47741603851	-1
2.47741603851	-1
2.48335313797	-1
2.48335313797	-1
2.48335313797	-1
2.48335313797	-1
2.48335313797	-1
2.48335313797	-1
2.60723900795	1
2.65203595161	-1
2.65203595161	-1
2.65203595161	-1
2.65203595161	-1
2.65203595161	-1
2.76462006569	-1
2.85328292847	-1
2.85328292847	-1
2.85328292847	-1
2.85328292847	-1
2.86723709106	-1
2.96991014481	-1
2.96991014481	-1
2.98323106766	1
3.01423811913	1
3.01423811913	1
3.01423811913	1
3.07262992859	-1
3.38955402374	-1
3.4125521183	-1
3.4125521183	-1
3.4125521183	-1
3.4125521183	-1
3.4125521183	-1
3.4125521183	-1
3.4125521183	-1
3.43590593338	-1
3.43590593338	-1
3.43590593338	-1
3.43590593338	-1
3.43590593338	-1
3.43590593338	-1
3.43590593338	-1
3.43590593338	-1
3.43701004982	1
3.44533991814	-1
3.44533991814	-1
3.44533991814	-1
3.44533991814	-1
3.44533991814	-1
3.44533991814	-1
3.44533991814	-1
3.44533991814	-1
3.46379494667	-1
3.46379494667	-1
3.46379494667	-1
3.46379494667	-1
3.46379494667	-1
3.46379494667	-1
3.46379494667	-1
3.46379494667	-1
3.48656201363	-1
3.48656201363	-1
3.5091919899	-1
3.5091919899	-1
3.5091919899	-1
3.5091919899	-1
3.5091919899	-1
3.5091919899	-1
3.5091919899	-1
3.5091919899	-1
3.5200779438	-1
3.5200779438	-1
3.5200779438	-1
3.5200779438	-1
3.5200779438	-1
3.5200779438	-1
3.5200779438	-1
3.54431796074	1
3.54484295845	-1
3.54484295845	-1
3.54484295845	-1
3.54484295845	-1
3.54484295845	-1
3.54484295845	-1
3.54484295845	-1
3.54484295845	-1
3.5697479248	-1
3.5697479248	-1
3.5697479248	-1
3.5697479248	-1
3.5697479248	-1
3.5697479248	-1
3.5697479248	-1
3.58383607864	-1
3.58383607864	-1
3.58383607864	-1
3.58383607864	-1
3.58383607864	-1
3.58383607864	-1
3.58383607864	-1
3.59622502327	-1
3.59622502327	-1
3.59622502327	-1
3.59622502327	-1
3.59622502327	-1
3.59622502327	-1
3.59622502327	-1
3.61694908142	-1
3.61805200577	1
3.61805200577	1
3.61805200577	1
3.63506507874	-1
3.63506507874	-1
3.63506507874	-1
3.64741706848	-1
3.64741706848	-1
3.64741706848	-1
3.64741706848	-1
3.64741706848	-1
3.66380596161	-1
3.67801713943	-1
3.67801713943	-1
3.70070695877	-1
3.70070695877	-1
3.70070695877	-1
3.71700811386	-1
3.71700811386	-1
3.73768806458	-1
3.73768806458	-1
3.73768806458	-1
3.77307009697	-1
3.77307009697	-1
3.77307009697	-1
3.77307009697	-1
3.77307009697	-1
3.77307009697	-1
3.77307009697	-1
3.79101896286	-1
3.81890106201	-1
3.81890106201	-1
3.81890106201	-1
3.8196310997	1
3.83453607559	-1
3.83453607559	-1
3.86865592003	-1
3.86865592003	-1
3.86865592003	-1
3.86865592003	-1
3.86865592003	-1
3.88532114029	-1
3.90172505379	-1
3.90172505379	-1
3.96079993248	-1
3.96079993248	-1
3.96079993248	-1
4.0006570816	-1
4.0006570816	-1
4.0006570816	-1
4.0006570816	-1
4.01460409164	-1
4.03987503052	-1
4.03987503052	-1
4.03987503052	-1
4.04052805901	1
4.06255102158	-1
4.06255102158	-1
4.06255102158	-1
4.07192993164	-1
4.07192993164	-1
4.07192993164	-1
4.07192993164	-1
4.07192993164	-1
4.07192993164	-1
4.07192993164	-1
4.0815551281	-1
4.09813594818	-1
4.09813594818	-1
4.09813594818	-1
4.09813594818	-1
4.09813594818	-1
4.09813594818	-1
4.1072499752	-1
4.1072499752	-1
4.13401508331	-1
4.13401508331	-1
4.13401508331	-1
4.13401508331	-1
4.13401508331	-1
4.13401508331	-1
4.16504001617	-1
4.20622110367	1
4.35504603386	1
4.67877602577	-1
4.67961812019	1
4.97370696068	-1
5.1253259182	-1
5.1253259182	-1
8.00246405602	1
8.1046230793	1
10.0025250912	1
