0.0	1
0.102742910385	1
0.363559007645	-1
0.702719926834	-1
0.761208057404	-1
0.761208057404	-1
0.761208057404	-1
0.761208057404	-1
0.761208057404	-1
0.761208057404	-1
0.761208057404	-1
0.805538892746	-1
0.816289901733	-1
0.816289901733	-1
0.816289901733	-1
0.816289901733	-1
0.816289901733	-1
0.816289901733	-1
0.816289901733	-1
0.832411050797	1
0.908257007599	-1
0.935375928879	1
0.935375928879	1
1.22290492058	-1
1.22392296791	1
1.22406101227	1
1.22406101227	1
1.22406101227	1
1.22406101227	1
1.32658886909	-1
1.38399004936	-1
1.38399004936	-1
1.38399004936	-1
1.38399004936	-1
1.38399004936	-1
1.38399004936	-1
1.38399004936	-1
1.42942500114	-1
1.44677901268	-1
1.44677901268	-1
1.44677901268	-1
1.44677901268	-1
1.44677901268	-1
1.44677901268	-1
1.44677901268	-1
1.54953193665	-1
1.57395100594	-1
1.57395100594	-1
1.57395100594	-1
1.57395100594	-1
1.57395100594	-1
1.57395100594	-1
1.57395100594	-1
1.60573387146	-1
1.60573387146	-1
1.60573387146	-1
1.60573387146	-1
1.60573387146	-1
1.60573387146	-1
1.6397690773	-1
1.67370486259	-1
1.67370486259	-1
1.67370486259	-1
1.67370486259	-1
1.67370486259	-1
1.67370486259	-1
1.67370486259	-1
1.70682907104	-1
1.70682907104	-1
1.70682907104	-1
1.70682907104	-1
1.70682907104	-1
1.70682907104	-1
1.70682907104	-1
1.75471305847	-1
1.76941895485	-1
1.76941895485	-1
1.76941895485	-1
1.76941895485	-1
1.76941895485	-1
1.76941895485	-1
1.76941895485	-1
1.825715065	-1
1.825715065	-1
1.825715065	-1
1.825715065	-1
1.825715065	-1
1.825715065	-1
1.825715065	-1
1.82682991028	1
1.85812306404	-1
1.91381406784	-1
1.91381406784	-1
1.91381406784	-1
1.91381406784	-1
1.91381406784	-1
1.91381406784	-1
1.91381406784	-1
1.91381406784	-1
1.93732404709	-1
1.98550987244	-1
1.98550987244	-1
2.01630997658	-1
2.03510189056	-1
2.03510189056	-1
2.03510189056	-1
2.11896800995	-1
2.11896800995	-1
2.11967992783	-1
2.11967992783	-1
2.11967992783	-1
2.17423295975	-1
2.17423295975	-1
2.17423295975	-1
2.17423295975	-1
2.17423295975	-1
2.17423295975	-1
2.17423295975	-1
2.2116560936	-1
2.27266192436	-1
2.27266192436	-1
2.27266192436	-1
2.3045668602	-1
2.3045668602	-1
2.3045668602	-1
2.3045668602	-1
2.3045668602	-1
2.3045668602	-1
2.32573890686	1
2.36926198006	-1
2.36926198006	-1
2.36926198006	-1
2.36926198006	-1
2.36926198006	-1
2.36926198006	-1
2.36926198006	-1
2.36926198006	-1
2.40540409088	-1
2.40540409088	-1
2.40540409088	-1
2.40540409088	-1
2.40540409088	-1
2.46678304672	1
2.4945089817	1
2.4945089817	1
2.4945089817	1
2.49773406982	1
2.49773406982	1
2.49773406982	1
2.50042200089	1
2.50042200089	1
2.50042200089	1
2.50042200089	1
2.56966686249	-1
2.56966686249	-1
2.99525499344	-1
3.04617190361	-1
3.04617190361	-1
3.04617190361	-1
3.04617190361	-1
3.04617190361	-1
3.04617190361	-1
3.04617190361	-1
3.11813306808	-1
3.11813306808	-1
3.11813306808	-1
3.11813306808	-1
3.11813306808	-1
3.11813306808	-1
3.11813306808	-1
3.11813306808	-1
3.18729901314	-1
3.18729901314	-1
3.18729901314	-1
3.18729901314	-1
3.18729901314	-1
3.18729901314	-1
3.24738287926	-1
3.26101589203	1
3.30358099937	-1
3.30358099937	-1
3.30358099937	-1
3.33757305145	-1
3.33757305145	-1
3.33757305145	-1
3.33757305145	-1
3.33757305145	-1
3.36346793175	1
3.40624809265	-1
3.40624809265	-1
3.40624809265	-1
3.46610498428	-1
3.51626992226	-1
3.51626992226	-1
3.51626992226	-1
3.51626992226	-1
3.51626992226	-1
3.51626992226	-1
3.51626992226	-1
3.56883597374	-1
3.56986498833	1
3.59950089455	-1
3.59950089455	-1
3.59950089455	-1
3.59950089455	-1
3.59950089455	-1
3.59950089455	-1
3.59950089455	-1
3.66953706741	-1
3.66953706741	-1
3.66953706741	-1
3.66953706741	-1
3.66953706741	-1
3.66953706741	-1
3.66953706741	-1
3.66953706741	-1
3.74824595451	-1
3.74824595451	-1
3.74824595451	-1
3.74824595451	-1
3.74824595451	-1
3.74824595451	-1
3.74824595451	-1
3.74824595451	-1
3.8707280159	-1
3.8707280159	-1
3.8707280159	-1
3.90639996529	-1
3.90639996529	-1
3.90639996529	-1
3.90639996529	-1
3.90639996529	-1
3.98169493675	-1
3.98169493675	-1
3.98169493675	-1
3.98169493675	-1
3.98169493675	-1
3.98169493675	-1
3.98169493675	-1
4.03135895729	-1
4.05315804482	-1
4.05315804482	-1
4.05315804482	-1
4.05315804482	-1
4.05315804482	-1
4.05315804482	-1
4.05315804482	-1
4.12329602242	-1
4.12329602242	-1
4.12329602242	-1
4.12329602242	-1
4.12329602242	-1
4.12329602242	-1
4.12329602242	-1
4.12329602242	-1
4.12446498871	1
4.22688603401	1
4.24632406235	-1
4.24632406235	-1
4.24632406235	-1
4.24632406235	-1
4.24632406235	-1
4.24632406235	-1
4.24632406235	-1
4.24632406235	-1
4.32951807976	-1
4.32951807976	-1
4.32951807976	-1
4.32951807976	-1
4.32951807976	-1
4.32951807976	-1
4.32951807976	-1
4.32951807976	-1
4.36858797073	-1
4.41208100319	-1
4.41208100319	-1
4.41208100319	-1
4.41208100319	-1
4.41208100319	-1
4.4499669075	-1
4.56823801994	-1
4.56823801994	-1
4.56823801994	-1
4.60554003716	-1
4.60554003716	-1
4.60554003716	-1
4.60554003716	-1
4.60554003716	-1
4.60554003716	-1
4.68138098717	-1
4.68138098717	-1
4.68138098717	-1
4.68138098717	-1
4.68138098717	-1
4.68138098717	-1
4.68138098717	-1
4.68138098717	-1
4.75016593933	-1
4.75016593933	-1
4.75016593933	-1
4.75016593933	-1
4.75016593933	-1
4.75016593933	-1
4.75016593933	-1
4.75016593933	-1
4.78300595284	-1
4.78343987465	1
4.81955695152	-1
4.81955695152	-1
4.81955695152	-1
4.81955695152	-1
4.81955695152	-1
4.81955695152	-1
4.81955695152	-1
4.85412788391	-1
4.85412788391	-1
4.85412788391	-1
4.85412788391	-1
4.85412788391	-1
4.85412788391	-1
4.85412788391	-1
4.91965699196	-1
4.91965699196	-1
4.91965699196	-1
4.91965699196	-1
4.91965699196	-1
4.91965699196	-1
4.98865199089	-1
4.98865199089	-1
4.98865199089	-1
4.98865199089	-1
4.98865199089	-1
4.98865199089	-1
4.98865199089	-1
4.98865199089	-1
5.02452993393	-1
5.06279301643	-1
5.06279301643	-1
5.06279301643	-1
5.06279301643	-1
5.06279301643	-1
5.06279301643	-1
5.06279301643	-1
5.13531303406	-1
5.13531303406	-1
5.13531303406	-1
5.13531303406	-1
5.13531303406	-1
5.13531303406	-1
5.13531303406	-1
5.13531303406	-1
5.16861891747	1
5.20956707001	-1
5.20956707001	-1
5.20956707001	-1
5.20956707001	-1
5.20956707001	-1
5.20956707001	-1
5.20956707001	-1
5.20956707001	-1
5.2575480938	-1
5.31074690819	1
5.33616495132	-1
5.33616495132	-1
5.33616495132	-1
5.33616495132	-1
5.33616495132	-1
5.33616495132	-1
5.33616495132	-1
5.37321090698	-1
5.40929508209	-1
5.40929508209	-1
5.40929508209	-1
5.40929508209	-1
5.40929508209	-1
5.40929508209	-1
5.40929508209	-1
5.47418093681	-1
5.47418093681	-1
5.47418093681	-1
5.47418093681	-1
5.47418093681	-1
5.47418093681	-1
5.47418093681	-1
5.47418093681	-1
5.51211690903	-1
5.53332805634	-1
5.53332805634	-1
5.53332805634	-1
5.59288597107	-1
5.59288597107	-1
5.59288597107	-1
5.59288597107	-1
5.59288597107	-1
5.59288597107	-1
5.59288597107	-1
5.65050888062	-1
5.65050888062	-1
5.65050888062	-1
5.65050888062	-1
5.65050888062	-1
5.65050888062	-1
5.65050888062	-1
5.65050888062	-1
5.68499994278	-1
5.68598890305	1
5.72349691391	-1
5.72349691391	-1
5.72349691391	-1
5.72349691391	-1
5.72349691391	-1
5.72349691391	-1
5.72349691391	-1
5.76081109047	-1
5.76081109047	-1
5.76081109047	-1
5.79974102974	-1
5.86121797562	-1
5.86121797562	-1
5.86121797562	-1
5.86121797562	-1
5.86121797562	-1
5.86121797562	-1
5.86121797562	-1
5.91706895828	-1
5.91706895828	-1
5.91706895828	-1
5.91706895828	-1
5.91706895828	-1
5.91706895828	-1
5.91706895828	-1
5.91706895828	-1
6.01025295258	-1
6.01025295258	-1
6.01025295258	-1
6.01025295258	-1
6.01025295258	-1
6.01025295258	-1
6.01025295258	-1
6.01025295258	-1
6.09203195572	-1
6.09203195572	-1
6.09203195572	-1
6.09203195572	-1
6.09203195572	-1
6.09203195572	-1
6.09203195572	-1
6.09203195572	-1
6.11490797997	-1
6.1199400425	1
6.16359591484	-1
6.16359591484	-1
6.16359591484	-1
6.16359591484	-1
6.16359591484	-1
6.25866389275	1
6.26964306831	-1
6.26964306831	-1
6.26964306831	-1
6.26964306831	-1
6.26964306831	-1
6.26964306831	-1
6.26964306831	-1
6.26964306831	-1
6.37999391556	-1
6.37999391556	-1
6.37999391556	-1
6.37999391556	-1
6.37999391556	-1
6.37999391556	-1
6.37999391556	-1
6.37999391556	-1
6.40812206268	-1
6.43967890739	-1
6.43967890739	-1
6.43967890739	-1
6.51768088341	-1
6.51768088341	-1
6.51891899109	1
6.55334496498	1
6.55334496498	1
6.55334496498	1
6.55334496498	1
6.60362505913	-1
6.60362505913	-1
6.60362505913	-1
7.00005602837	-1
7.05924201012	-1
7.05924201012	-1
7.05924201012	-1
7.05924201012	-1
7.05924201012	-1
7.05924201012	-1
7.05924201012	-1
7.12505888939	-1
7.12505888939	-1
7.12505888939	-1
7.12505888939	-1
7.12505888939	-1
7.12505888939	-1
7.12505888939	-1
7.12505888939	-1
7.16207289696	-1
7.18605709076	-1
7.18605709076	-1
7.18605709076	-1
7.18605709076	-1
7.18605709076	-1
7.18605709076	-1
7.18605709076	-1
7.28882408142	-1
7.35190200806	-1
7.35190200806	-1
7.35190200806	-1
7.35190200806	-1
7.35190200806	-1
7.35190200806	-1
7.35190200806	-1
7.35190200806	-1
7.38093900681	-1
7.38194298744	1
7.44547986984	-1
7.44547986984	-1
7.44547986984	-1
7.44547986984	-1
7.44547986984	-1
7.44547986984	-1
7.44547986984	-1
7.44547986984	-1
7.47804808617	-1
7.48425292969	1
7.48425292969	1
7.53669786453	-1
7.60421586037	-1
7.60421586037	-1
7.60421586037	-1
7.60526704788	1
7.63245201111	-1
7.63245201111	-1
7.63245201111	-1
7.7464029789	1
7.94829893112	-1
8.06425309181	-1
8.08702206612	-1
8.08702206612	-1
8.08702206612	-1
8.18951797485	-1
8.29254603386	-1
8.39537000656	-1
8.39537000656	-1
8.4105219841	1
8.44656586647	1
8.44656586647	1
8.44656586647	1
8.88454604149	-1
9.02852702141	-1
9.03569793701	-1
9.03569793701	-1
9.03569793701	-1
9.03569793701	-1
9.03569793701	-1
9.03569793701	-1
9.09635400772	-1
9.09635400772	-1
9.09635400772	-1
9.09635400772	-1
9.09635400772	-1
9.09635400772	-1
9.09635400772	-1
9.09635400772	-1
9.1312520504	-1
9.13242387772	1
9.15905809402	-1
9.15905809402	-1
9.15905809402	-1
9.15905809402	-1
9.15905809402	-1
9.15905809402	-1
9.22227406502	-1
9.22227406502	-1
9.22227406502	-1
9.22227406502	-1
9.22227406502	-1
9.22227406502	-1
9.22227406502	-1
9.22227406502	-1
9.23479199409	1
9.27942585945	-1
9.27942585945	-1
9.27942585945	-1
9.27942585945	-1
9.27942585945	-1
9.27942585945	-1
9.27942585945	-1
9.33613586426	-1
9.36342906952	-1
9.36342906952	-1
9.36342906952	-1
9.46656894684	-1
9.46656894684	-1
9.46782588959	-1
9.46782588959	-1
9.46782588959	-1
9.46782588959	-1
9.46782588959	-1
9.46782588959	-1
9.49562096596	1
9.53591394424	-1
9.53591394424	-1
9.53591394424	-1
9.53591394424	-1
9.53591394424	-1
9.53591394424	-1
9.53591394424	-1
9.53591394424	-1
9.57052588463	-1
9.60180592537	-1
9.60180592537	-1
9.60180592537	-1
9.60180592537	-1
9.60180592537	-1
9.60180592537	-1
9.60180592537	-1
9.66982793808	-1
9.66982793808	-1
9.76030993462	-1
9.76030993462	-1
9.76030993462	-1
9.76030993462	-1
9.76030993462	-1
9.76030993462	-1
9.76030993462	-1
9.76030993462	-1
9.76030993462	-1
9.85374808311	-1
9.85374808311	-1
9.85374808311	-1
9.85374808311	-1
9.85374808311	-1
9.85374808311	-1
9.85374808311	-1
9.85374808311	-1
9.85374808311	-1
9.85437989235	1
9.87888908386	-1
9.87888908386	-1
9.87888908386	-1
9.87888908386	-1
9.87888908386	-1
9.87888908386	-1
9.87888908386	-1
9.90947699547	-1
9.90947699547	-1
9.9813170433	-1
10.0747389793	-1
10.0747389793	-1
10.0747389793	-1
10.0747389793	-1
10.0747389793	-1
10.0747389793	-1
10.0747389793	-1
10.0747389793	-1
10.0969390869	-1
10.0969390869	-1
10.0969390869	-1
10.0969390869	-1
10.0969390869	-1
10.0969390869	-1
10.1284189224	-1
10.3788690567	-1
10.4003710747	-1
10.4003710747	-1
10.4003710747	-1
10.4003710747	-1
10.4003710747	-1
10.4272370338	-1
10.4272370338	-1
10.4272370338	-1
10.4272370338	-1
10.4272370338	-1
10.4280660152	1
10.454720974	-1
10.5159740448	-1
10.5159740448	-1
10.5159740448	-1
10.5159740448	-1
10.5159740448	-1
10.5159740448	-1
10.5159740448	-1
10.5703969002	1
10.584774971	-1
10.6286149025	-1
10.6286149025	-1
10.6286149025	-1
10.6286149025	-1
10.6286149025	-1
10.6286149025	-1
10.6286149025	-1
10.6729469299	1
10.8979718685	-1
10.8979718685	-1
10.8979718685	-1
10.8979718685	-1
10.8979718685	-1
10.8979718685	-1
10.8979718685	-1
10.8979718685	-1
11.1925110817	-1
11.2100040913	-1
11.2100040913	-1
11.2100040913	-1
11.2100040913	-1
11.2100040913	-1
11.2100040913	-1
11.2100040913	-1
11.2954928875	-1
11.3265359402	1
11.4287800789	1
11.5313210487	1
12.2319450378	-1
12.2651109695	1
12.3677909374	1
12.782490015	-1
12.7833650112	1
13.2095310688	-1
13.3487489223	-1
13.3487489223	-1
13.4983780384	1
14.4988400936	1
14.6011879444	1
14.8560330868	-1
14.9600229263	-1
17.2955009937	-1
