0.0	1
0.111893892288	1
0.667912006378	-1
1.18393492699	-1
4.8581738472	-1
5.08822202682	-1
5.09838294983	-1
5.09838294983	-1
5.09838294983	-1
5.09838294983	-1
5.09838294983	-1
5.09838294983	-1
5.09838294983	-1
5.124325037	-1
5.124325037	-1
5.12436294556	-1
5.12436294556	-1
5.12436294556	-1
5.12436294556	-1
5.12436294556	-1
5.12436294556	-1
5.15186691284	1
5.20047783852	-1
5.26386594772	1
5.47902202606	-1
5.48006081581	1
5.48019599915	1
5.48019599915	1
5.48019599915	1
5.48019599915	1
5.64796996117	-1
5.65464782715	-1
5.65464782715	-1
5.65464782715	-1
5.65464782715	-1
5.65464782715	-1
5.65464782715	-1
5.65464782715	-1
5.66153883934	-1
5.66153883934	-1
5.66153883934	-1
5.66153883934	-1
5.66153883934	-1
5.66153883934	-1
5.66153883934	-1
5.66153883934	-1
5.66990399361	-1
5.66990399361	-1
5.66990399361	-1
5.66990399361	-1
5.66990399361	-1
5.66990399361	-1
5.66990399361	-1
5.66990399361	-1
5.70122885704	-1
5.70122885704	-1
5.70127892494	-1
5.70127892494	-1
5.70127892494	-1
5.70127892494	-1
5.80840182304	-1
5.80840182304	-1
5.80840182304	-1
5.80840182304	-1
5.80840182304	-1
5.80840182304	-1
5.80840182304	-1
5.80840182304	-1
5.81741285324	-1
5.81751704216	-1
5.81751704216	-1
5.81751704216	-1
5.81751704216	-1
5.81751704216	-1
5.81751704216	-1
5.81751704216	-1
5.81829094887	-1
5.81848096848	-1
5.81848096848	-1
5.81848096848	-1
5.81848096848	-1
5.81848096848	-1
5.81848096848	-1
5.81848096848	-1
5.82548189163	-1
5.82558584213	-1
5.82558584213	-1
5.82558584213	-1
5.82558584213	-1
5.82558584213	-1
5.82558584213	-1
5.82558584213	-1
5.82640099525	-1
5.82662081718	1
5.85734701157	-1
5.85734701157	-1
5.85734701157	-1
5.85734701157	-1
5.85734701157	-1
5.85734701157	-1
5.85734701157	-1
5.87912297249	-1
5.87912297249	-1
5.87912297249	-1
5.93856287003	1
6.01801991463	-1
6.02744197845	-1
6.02744197845	-1
6.02744197845	-1
6.02744197845	-1
6.02744197845	-1
6.02744197845	-1
6.02744197845	-1
6.03843784332	-1
6.03843784332	-1
6.03843784332	-1
6.03843784332	-1
6.03843784332	-1
6.03843784332	-1
6.03843784332	-1
6.03843784332	-1
6.11129999161	-1
6.11129999161	-1
6.11155080795	-1
6.11155080795	-1
6.11158680916	-1
6.11158680916	-1
6.11158680916	-1
6.11158680916	-1
6.11158680916	-1
6.11158680916	-1
6.14948487282	-1
6.14948487282	-1
6.14948487282	-1
6.14948487282	-1
6.14948487282	-1
6.14948487282	-1
6.14948487282	-1
6.14948487282	-1
6.15017986298	1
6.41327095032	-1
6.41327095032	-1
6.41434884071	1
6.43648481369	1
6.43648481369	1
6.43648481369	1
6.45080494881	1
6.45080494881	1
6.45080494881	1
6.45080494881	1
6.45237898827	1
6.54863500595	1
6.54863500595	1
6.71116185188	-1
6.76680183411	-1
6.76680183411	-1
6.76680183411	-1
6.77231097221	-1
6.77231097221	-1
6.77231097221	-1
6.7881398201	-1
6.7881398201	-1
6.78842997551	-1
6.78842997551	-1
6.78842997551	-1
6.78842997551	-1
6.78842997551	-1
6.78842997551	-1
6.78842997551	-1
6.78867793083	-1
6.78867793083	-1
6.78867793083	-1
6.78867793083	-1
6.78867793083	-1
6.78867793083	-1
6.78867793083	-1
6.78895998001	-1
6.78895998001	-1
6.78895998001	-1
6.78895998001	-1
6.78895998001	-1
6.78895998001	-1
6.78895998001	-1
6.78895998001	-1
6.80207490921	1
6.82179284096	-1
6.82179284096	-1
6.82179284096	-1
6.86123895645	-1
6.88204884529	-1
6.88204884529	-1
6.88204884529	-1
6.88204884529	-1
6.88204884529	-1
6.88272690773	1
6.88272690773	1
6.88272690773	1
6.89039087296	-1
6.89049696922	-1
6.89049696922	-1
6.89049696922	-1
6.89049696922	-1
6.89049696922	-1
6.89049696922	-1
6.89049696922	-1
6.89074087143	-1
6.89074087143	-1
6.89074087143	-1
6.89074087143	-1
6.89074087143	-1
6.89074087143	-1
6.89074087143	-1
6.89101791382	-1
6.89101791382	-1
6.89101791382	-1
6.89101791382	-1
6.89101791382	-1
6.89101791382	-1
6.89101791382	-1
6.89101791382	-1
6.90106296539	-1
6.90106296539	-1
6.90111494064	-1
6.90111494064	-1
6.90111494064	-1
6.90111494064	-1
6.90111494064	-1
6.90111494064	-1
6.90111494064	-1
6.90530991554	-1
6.90530991554	-1
6.9054248333	-1
6.9054248333	-1
6.91413497925	1
6.99259901047	-1
6.99259901047	-1
6.99259901047	-1
6.99259901047	-1
6.99259901047	-1
6.99259901047	-1
6.99259901047	-1
6.99259901047	-1
7.00156188011	-1
7.00161194801	-1
7.00161194801	-1
7.00161194801	-1
7.00161194801	-1
7.00161194801	-1
7.00161194801	-1
7.00161194801	-1
7.02537894249	-1
7.02553296089	-1
7.02553296089	-1
7.02553296089	-1
7.02553296089	-1
7.02553296089	-1
7.02553296089	-1
7.02553296089	-1
7.0257768631	-1
7.02580285072	-1
7.02580285072	-1
7.02580285072	-1
7.02580285072	-1
7.02580285072	-1
7.02580285072	-1
7.02580285072	-1
7.02658081055	-1
7.02660989761	1
7.02694702148	-1
7.02694702148	-1
7.02694702148	-1
7.02694702148	-1
7.02694702148	-1
7.02694702148	-1
7.02694702148	-1
7.02710294724	-1
7.02710294724	-1
7.02710294724	-1
7.02710294724	-1
7.02710294724	-1
7.02710294724	-1
7.02710294724	-1
7.02710294724	-1
7.03740000725	-1
7.03740000725	-1
7.03740000725	-1
7.03740000725	-1
7.03740000725	-1
7.03740000725	-1
7.03740000725	-1
7.03740000725	-1
7.03766298294	-1
7.03766298294	-1
7.03766298294	-1
7.03766298294	-1
7.03766298294	-1
7.03766298294	-1
7.03766298294	-1
7.03766298294	-1
7.05768299103	-1
7.05768299103	-1
7.10488390923	-1
7.10488390923	-1
7.10488390923	-1
7.10499000549	-1
7.10499000549	-1
7.10499000549	-1
7.10499000549	-1
7.10499000549	-1
7.10499000549	-1
7.11370897293	-1
7.11370897293	-1
7.11370897293	-1
7.11370897293	-1
7.11370897293	-1
7.11370897293	-1
7.11370897293	-1
7.11370897293	-1
7.11406302452	-1
7.11406302452	-1
7.11406302452	-1
7.11406302452	-1
7.11406302452	-1
7.11406302452	-1
7.11406302452	-1
7.11406302452	-1
7.138245821	-1
7.138245821	-1
7.138245821	-1
7.138245821	-1
7.138245821	-1
7.138245821	-1
7.138245821	-1
7.138245821	-1
7.1384999752	-1
7.1384999752	-1
7.1387219429	-1
7.1387219429	-1
7.1387219429	-1
7.15126681328	-1
7.15126681328	-1
7.15126681328	-1
7.15129995346	1
7.15129995346	1
7.15133595467	-1
7.15133595467	-1
7.15133595467	-1
7.1540119648	-1
7.1540119648	-1
7.15405893326	-1
7.15405893326	-1
7.15405893326	-1
7.15405893326	-1
7.15405893326	-1
7.15405893326	-1
7.16980290413	-1
7.16980290413	-1
7.16980290413	-1
7.16980290413	-1
7.16980290413	-1
7.16980290413	-1
7.16980290413	-1
7.16980290413	-1
7.17015194893	-1
7.17015194893	-1
7.17015194893	-1
7.17015194893	-1
7.17015194893	-1
7.17015194893	-1
7.17015194893	-1
7.17015194893	-1
7.171615839	-1
7.171615839	-1
7.171615839	-1
7.171615839	-1
7.171615839	-1
7.171615839	-1
7.171615839	-1
7.171615839	-1
7.17650198936	-1
7.17650198936	-1
7.17650198936	-1
7.17650198936	-1
7.17650198936	-1
7.17650198936	-1
7.17650198936	-1
7.17856502533	1
7.17856502533	1
7.17856502533	1
7.23298788071	-1
7.23313999176	-1
7.23313999176	-1
7.23313999176	-1
7.23313999176	-1
7.23313999176	-1
7.23313999176	-1
7.23313999176	-1
7.23841190338	-1
7.23841190338	-1
7.23841190338	-1
7.23841190338	-1
7.23841190338	-1
7.23841190338	-1
7.23841190338	-1
7.23841190338	-1
7.27482581139	-1
7.27482581139	-1
7.27482581139	-1
7.27482581139	-1
7.27482581139	-1
7.27482581139	-1
7.27482581139	-1
7.27482581139	-1
7.29685091972	-1
7.29800796509	-1
7.29800796509	-1
7.29800796509	-1
7.29800796509	-1
7.29800796509	-1
7.29800796509	-1
7.29800796509	-1
7.29800796509	-1
7.29836893082	-1
7.29836893082	-1
7.29836893082	-1
7.29836893082	-1
7.29836893082	-1
7.29836893082	-1
7.30085587502	-1
7.30085587502	-1
7.30085587502	-1
7.30085587502	-1
7.30085587502	-1
7.30085587502	-1
7.30085587502	-1
7.30085587502	-1
7.30782485008	-1
7.30782485008	-1
7.30782485008	-1
7.30782485008	-1
7.30782485008	-1
7.30782485008	-1
7.30782485008	-1
7.30782485008	-1
7.30828094482	-1
7.30828094482	-1
7.30828094482	-1
7.30828094482	-1
7.30828094482	-1
7.30828094482	-1
7.30828094482	-1
7.30828094482	-1
7.31355381012	1
7.31355381012	1
7.31355381012	1
7.32166481018	-1
7.32166481018	-1
7.32166481018	-1
7.32166481018	-1
7.32166481018	-1
7.32166481018	-1
7.32166481018	-1
7.32166481018	-1
7.32202100754	-1
7.32202100754	-1
7.32202100754	-1
7.32202100754	-1
7.32202100754	-1
7.32202100754	-1
7.32202100754	-1
7.32202100754	-1
7.32226586342	-1
7.32231283188	-1
7.32231283188	-1
7.32231283188	-1
7.32231283188	-1
7.32231283188	-1
7.32231283188	-1
7.32231283188	-1
7.32467985153	1
7.32467985153	1
7.33229398727	-1
7.33240485191	-1
7.33240485191	-1
7.33240485191	-1
7.33240485191	-1
7.33240485191	-1
7.33240485191	-1
7.33240485191	-1
7.34535503387	-1
7.34540081024	-1
7.34540081024	-1
7.34540081024	-1
7.34540081024	-1
7.34540081024	-1
7.36312389374	-1
7.36332798004	-1
7.36332798004	-1
7.36332798004	-1
7.36332798004	-1
7.36332798004	-1
7.36332798004	-1
7.36332798004	-1
7.36523890495	-1
7.36541795731	-1
7.36541795731	-1
7.36541795731	-1
7.36541795731	-1
7.36541795731	-1
7.36541795731	-1
7.36541795731	-1
7.38761687279	-1
7.38761687279	-1
7.38761687279	-1
7.38761687279	-1
7.38761687279	-1
7.38761687279	-1
7.38761687279	-1
7.38761687279	-1
7.38761687279	-1
7.40914797783	-1
7.40914797783	-1
7.40914797783	-1
7.40914797783	-1
7.40914797783	-1
7.40914797783	-1
7.49947881699	-1
7.49950790405	1
7.50104594231	1
7.50104594231	1
7.50104594231	1
7.53043103218	-1
7.53043103218	-1
7.53043103218	-1
7.60100603104	1
7.60100603104	1
7.90314292908	-1
7.90641784668	-1
7.90641784668	-1
7.90641784668	-1
7.90641784668	-1
7.90641784668	-1
7.90641784668	-1
7.90641784668	-1
7.90733885765	-1
7.90733885765	-1
7.90733885765	-1
7.90733885765	-1
7.90733885765	-1
7.90733885765	-1
7.90733885765	-1
7.90733885765	-1
7.90832591057	1
7.91363692284	-1
7.91363692284	-1
7.91363692284	-1
7.91363692284	-1
7.91363692284	-1
7.91363692284	-1
7.91363692284	-1
7.91363692284	-1
7.92677688599	-1
7.92677688599	-1
7.92677688599	-1
7.92677688599	-1
7.92677688599	-1
7.92677688599	-1
7.92677688599	-1
7.92677688599	-1
7.9918358326	-1
7.9918358326	-1
8.01849389076	-1
8.02026700974	1
8.02026700974	1
8.03938794136	-1
8.03938794136	-1
8.03938794136	-1
8.03938794136	-1
8.03938794136	-1
8.17142891884	1
8.17142891884	1
8.28795695305	-1
8.62907099724	-1
8.63268685341	-1
8.63268685341	-1
8.63268685341	-1
8.63268685341	-1
8.63268685341	-1
8.63268685341	-1
8.63268685341	-1
8.65722084045	-1
8.65722084045	-1
8.65779685974	-1
8.65779685974	-1
8.65779685974	-1
8.65779685974	-1
8.65779685974	-1
8.65779685974	-1
8.65779685974	-1
8.65800786018	-1
8.65800786018	-1
8.65800786018	-1
8.65800786018	-1
8.65800786018	-1
8.65800786018	-1
8.65800786018	-1
8.75365686417	-1
8.75365686417	-1
8.75365686417	-1
8.75365686417	-1
8.75365686417	-1
8.75365686417	-1
8.75365686417	-1
8.75365686417	-1
8.76043891907	-1
8.760627985	-1
8.760627985	-1
8.760627985	-1
8.760627985	-1
8.760627985	-1
8.760627985	-1
8.760627985	-1
8.7644469738	-1
8.76460003853	-1
8.76460003853	-1
8.76460003853	-1
8.76460003853	-1
8.76460003853	-1
8.76460003853	-1
8.76460003853	-1
8.80562186241	-1
8.80580186844	-1
8.80580186844	-1
8.80580186844	-1
8.80580186844	-1
8.80580186844	-1
8.80580186844	-1
8.80580186844	-1
8.80677580833	1
8.83201289177	-1
8.88029193878	-1
8.88029193878	-1
8.88029193878	-1
8.88029193878	-1
8.88029193878	-1
8.88029193878	-1
8.88029193878	-1
8.88029193878	-1
8.88029193878	-1
8.88065290451	-1
8.88065290451	-1
8.88065290451	-1
8.88065290451	-1
8.88065290451	-1
8.88065290451	-1
8.88065290451	-1
8.8816678524	-1
8.88181996346	-1
8.88181996346	-1
8.88181996346	-1
8.88181996346	-1
8.88181996346	-1
8.88181996346	-1
8.88181996346	-1
8.90082001686	-1
8.90100884438	-1
8.90100884438	-1
8.90100884438	-1
8.90100884438	-1
8.90100884438	-1
8.90100884438	-1
8.90100884438	-1
8.90125393867	-1
8.90128588676	-1
8.90128588676	-1
8.90128588676	-1
8.90128588676	-1
8.90128588676	-1
8.90128588676	-1
8.90128588676	-1
8.90645003319	-1
8.90645003319	-1
8.90645003319	-1
8.90645003319	-1
8.90645003319	-1
8.90645003319	-1
8.90645003319	-1
8.90645003319	-1
8.91804885864	-1
8.91804885864	-1
8.91804885864	-1
8.91804885864	-1
8.91804885864	-1
8.91804885864	-1
8.91804885864	-1
8.91804885864	-1
8.91914796829	-1
8.91914796829	-1
8.91914796829	-1
8.91914796829	-1
8.91914796829	-1
8.91918182373	1
8.91918182373	1
9.07138490677	1
9.07138490677	1
9.56191682816	-1
9.67407393456	-1
9.67407393456	-1
9.99964499474	1
11.0002608299	1
11.1121230125	1
12.0001330376	1
12.1120278835	1
12.27389884	-1
12.385999918	-1
13.0006389618	1
13.0878069401	-1
13.2209348679	-1
13.3329739571	-1
13.3650369644	1
13.4769289494	1
13.8757238388	-1
13.8766570091	1
14.205231905	-1
14.3572769165	-1
14.3572769165	-1
17.1858448982	-1
18.0000858307	-1
