0.0	1
0.102164983749	1
0.366055011749	-1
0.542544126511	-1
0.548699140549	-1
0.548699140549	-1
0.548699140549	-1
0.548699140549	-1
0.548699140549	-1
0.548699140549	-1
0.548699140549	-1
0.579004049301	-1
0.579004049301	-1
0.579004049301	-1
0.579004049301	-1
0.579004049301	-1
0.579004049301	-1
0.579004049301	-1
0.579004049301	-1
0.607171058655	1
0.644876003265	-1
0.70939707756	1
0.785663127899	-1
0.959558010101	-1
0.960970163345	1
0.961120128632	1
0.961120128632	1
0.961120128632	1
0.961120128632	1
1.08543801308	-1
1.15024399757	-1
1.15024399757	-1
1.15024399757	-1
1.15024399757	-1
1.15024399757	-1
1.32554101944	-1
1.32554101944	-1
1.32554101944	-1
1.32554101944	-1
1.32554101944	-1
1.32554101944	-1
1.32554101944	-1
1.32554101944	-1
1.33876895905	-1
1.33876895905	-1
1.33876895905	-1
1.33876895905	-1
1.33876895905	-1
1.33876895905	-1
1.33876895905	-1
1.3625459671	-1
1.3625459671	-1
1.43022799492	-1
1.4523730278	-1
1.4523730278	-1
1.4523730278	-1
1.4523730278	-1
1.4523730278	-1
1.4523730278	-1
1.4523730278	-1
1.4523730278	-1
1.46241903305	-1
1.47190213203	-1
1.47190213203	-1
1.48105406761	-1
1.48105406761	-1
1.48105406761	-1
1.48105406761	-1
1.48105406761	-1
1.48105406761	-1
1.48105406761	-1
1.50563216209	-1
1.50573515892	-1
1.50573515892	-1
1.50573515892	-1
1.50573515892	-1
1.50573515892	-1
1.50573515892	-1
1.50573515892	-1
1.50671696663	1
1.5330350399	-1
1.5330350399	-1
1.5330350399	-1
1.5330350399	-1
1.5330350399	-1
1.5330350399	-1
1.5330350399	-1
1.5330350399	-1
1.60701918602	-1
1.60701918602	-1
1.60701918602	-1
1.60701918602	-1
1.60701918602	-1
1.60701918602	-1
1.60701918602	-1
1.60701918602	-1
1.60916304588	1
1.63564014435	-1
1.65049600601	-1
1.65049600601	-1
1.65049600601	-1
1.65049600601	-1
1.65049600601	-1
1.65049600601	-1
1.65049600601	-1
1.68548512459	-1
1.68548512459	-1
1.68548512459	-1
1.68548512459	-1
1.68548512459	-1
1.68548512459	-1
1.68548512459	-1
1.68548512459	-1
1.70413708687	-1
1.70413708687	-1
1.70413708687	-1
1.70413708687	-1
1.70413708687	-1
1.70413708687	-1
1.70413708687	-1
1.71875810623	-1
1.71875810623	-1
1.74900007248	-1
1.74900007248	-1
1.74900007248	-1
1.79409217834	-1
1.79409217834	-1
1.79409217834	-1
1.79409217834	-1
1.79409217834	-1
1.79409217834	-1
1.79409217834	-1
1.79409217834	-1
1.81139707565	-1
1.81227397919	1
1.82585501671	-1
1.82585501671	-1
1.82585501671	-1
1.82585501671	-1
1.82585501671	-1
1.82585501671	-1
1.82585501671	-1
1.947671175	1
1.947671175	1
1.947671175	1
1.95216298103	1
1.95291805267	1
1.95291805267	1
1.95291805267	1
1.95291805267	1
1.95449209213	1
1.95449209213	1
1.95449209213	1
2.26327109337	-1
2.36559104919	-1
2.4619641304	-1
2.4619641304	-1
2.4619641304	-1
2.47237205505	-1
2.47237205505	-1
2.47237205505	-1
2.47237205505	-1
2.47237205505	-1
2.47237205505	-1
2.47237205505	-1
2.48660111427	-1
2.48660111427	-1
2.48660111427	-1
2.48660111427	-1
2.48660111427	-1
2.48660111427	-1
2.48660111427	-1
2.52244997025	-1
2.52244997025	-1
2.52244997025	-1
2.54114103317	1
2.54846811295	-1
2.54846811295	-1
2.54846811295	-1
2.54846811295	-1
2.54846811295	-1
2.54846811295	-1
2.54846811295	-1
2.54846811295	-1
2.57020998001	-1
2.57020998001	-1
2.57020998001	-1
2.57020998001	-1
2.570333004	-1
2.57074213028	1
2.57074213028	1
2.57074213028	1
2.58909797668	-1
2.58909797668	-1
2.58909797668	-1
2.58909797668	-1
2.58909797668	-1
2.58909797668	-1
2.58909797668	-1
2.59134507179	-1
2.59134507179	-1
2.59134507179	-1
2.59134507179	-1
2.59134507179	-1
2.59134507179	-1
2.59134507179	-1
2.63287711143	-1
2.63287711143	-1
2.63287711143	-1
2.63287711143	-1
2.63287711143	-1
2.63287711143	-1
2.64348196983	1
2.67130708694	-1
2.67130708694	-1
2.69380307198	-1
2.69380307198	-1
2.69380307198	-1
2.69380307198	-1
2.69380307198	-1
2.69380307198	-1
2.69380307198	-1
2.73435807228	-1
2.73435807228	-1
2.75702214241	-1
2.75702214241	-1
2.75702214241	-1
2.75702214241	-1
2.75702214241	-1
2.75702214241	-1
2.75702214241	-1
2.77576899529	-1
2.77576899529	-1
2.77576899529	-1
2.77576899529	-1
2.77576899529	-1
2.77576899529	-1
2.77576899529	-1
2.79246115685	-1
2.79246115685	-1
2.79246115685	-1
2.79246115685	-1
2.79246115685	-1
2.80932116508	-1
2.82371807098	-1
2.82371807098	-1
2.82371807098	-1
2.82371807098	-1
2.82371807098	-1
2.82371807098	-1
2.82371807098	-1
2.83905005455	-1
2.83905005455	-1
2.83905005455	-1
2.83905005455	-1
2.83905005455	-1
2.83905005455	-1
2.83905005455	-1
2.84010195732	1
2.85954618454	-1
2.85954618454	-1
2.85954618454	-1
2.87831401825	-1
2.89408397675	-1
2.89408397675	-1
2.89408397675	-1
2.89408397675	-1
2.89408397675	-1
2.89408397675	-1
2.89408397675	-1
2.91056704521	-1
2.91056704521	-1
2.91056704521	-1
2.91056704521	-1
2.91056704521	-1
2.91056704521	-1
2.91056704521	-1
2.94190096855	-1
2.94190096855	-1
2.94190096855	-1
2.94190096855	-1
2.94190096855	-1
2.94190096855	-1
2.94190096855	-1
2.94190096855	-1
2.95573616028	-1
2.97077608109	-1
2.97077608109	-1
2.97077608109	-1
2.97077608109	-1
2.97077608109	-1
2.97077608109	-1
2.98201298714	1
3.00312018394	-1
3.00312018394	-1
3.00312018394	-1
3.00312018394	-1
3.00312018394	-1
3.00312018394	-1
3.00312018394	-1
3.011272192	-1
3.011272192	-1
3.011272192	-1
3.011272192	-1
3.011272192	-1
3.011272192	-1
3.011272192	-1
3.03130316734	-1
3.03130316734	-1
3.03130316734	-1
3.03130316734	-1
3.03130316734	-1
3.03130316734	-1
3.03130316734	-1
3.03130316734	-1
3.05058217049	-1
3.05058217049	-1
3.05058217049	-1
3.08473110199	-1
3.08473110199	-1
3.08474397659	1
3.09018802643	-1
3.09018802643	-1
3.09018802643	-1
3.09018802643	-1
3.09018802643	-1
3.09018802643	-1
3.09018802643	-1
3.11316204071	-1
3.11316204071	-1
3.11316204071	-1
3.11316204071	-1
3.11316204071	-1
3.11316204071	-1
3.11316204071	-1
3.11316204071	-1
3.12390613556	-1
3.12390613556	-1
3.12390613556	-1
3.12390613556	-1
3.12390613556	-1
3.12390613556	-1
3.12390613556	-1
3.13496613503	-1
3.1466050148	-1
3.1466050148	-1
3.1466050148	-1
3.1466050148	-1
3.1466050148	-1
3.1466050148	-1
3.1466050148	-1
3.160187006	-1
3.17453312874	-1
3.17453312874	-1
3.17453312874	-1
3.17453312874	-1
3.17453312874	-1
3.17453312874	-1
3.17453312874	-1
3.18716406822	-1
3.18827915192	1
3.21946001053	-1
3.21946001053	-1
3.21946001053	-1
3.21946001053	-1
3.21946001053	-1
3.21946001053	-1
3.21946001053	-1
3.21946001053	-1
3.21946001053	-1
3.23123311996	-1
3.23123311996	-1
3.23123311996	-1
3.23123311996	-1
3.23123311996	-1
3.23123311996	-1
3.2552781105	-1
3.2552781105	-1
3.2552781105	-1
3.2552781105	-1
3.2552781105	-1
3.2552781105	-1
3.2552781105	-1
3.2552781105	-1
3.26485013962	-1
3.26485013962	-1
3.26485013962	-1
3.26485013962	-1
3.26485013962	-1
3.26485013962	-1
3.26485013962	-1
3.27478003502	-1
3.28669404984	-1
3.28669404984	-1
3.28669404984	-1
3.28669404984	-1
3.28669404984	-1
3.28669404984	-1
3.28669404984	-1
3.30855703354	-1
3.30855703354	-1
3.30855703354	-1
3.30855703354	-1
3.30855703354	-1
3.30855703354	-1
3.30855703354	-1
3.30855703354	-1
3.30859899521	1
3.3245780468	-1
3.35255217552	-1
3.35255217552	-1
3.35255217552	-1
3.35255217552	-1
3.35255217552	-1
3.39061307907	-1
3.39061307907	-1
3.39188218117	1
3.39188218117	1
3.39188218117	1
3.40299201012	-1
3.40299201012	-1
3.40299201012	-1
3.40299201012	-1
3.40299201012	-1
3.40299201012	-1
3.40299201012	-1
3.40299201012	-1
3.4035589695	1
3.4035589695	1
3.41541409492	-1
3.41541409492	-1
3.41541409492	-1
3.41541409492	-1
3.41541409492	-1
3.41541409492	-1
3.41541409492	-1
3.44262313843	-1
3.44262313843	-1
3.44262313843	-1
3.44262313843	-1
3.44262313843	-1
3.44262313843	-1
3.44262313843	-1
3.44262313843	-1
3.45454216003	-1
3.45454216003	-1
3.45454216003	-1
3.45454216003	-1
3.45454216003	-1
3.45454216003	-1
3.45454216003	-1
3.46552109718	-1
3.47540211678	-1
3.47540211678	-1
3.47540211678	-1
3.47540211678	-1
3.47540211678	-1
3.47540211678	-1
3.47540211678	-1
3.48586511612	-1
3.50456404686	-1
3.50456404686	-1
3.50456404686	-1
3.50456404686	-1
3.50456404686	-1
3.50456404686	-1
3.52308416367	-1
3.52308416367	-1
3.52308416367	-1
3.52308416367	-1
3.52308416367	-1
3.52308416367	-1
3.52308416367	-1
3.52308416367	-1
3.53582906723	-1
3.53582906723	-1
3.53582906723	-1
3.53582906723	-1
3.53582906723	-1
3.53582906723	-1
3.53582906723	-1
3.53682112694	1
3.55748915672	-1
3.55748915672	-1
3.55748915672	-1
3.55748915672	-1
3.55748915672	-1
3.55748915672	-1
3.55748915672	-1
3.55748915672	-1
3.56966805458	-1
3.56966805458	-1
3.56966805458	-1
3.56966805458	-1
3.56966805458	-1
3.56966805458	-1
3.56966805458	-1
3.58361196518	-1
3.5950460434	-1
3.5950460434	-1
3.5950460434	-1
3.5950460434	-1
3.5950460434	-1
3.61584615707	-1
3.64932012558	-1
3.64932012558	-1
3.64932012558	-1
3.64932012558	-1
3.64932012558	-1
3.64932012558	-1
3.64932012558	-1
3.64932012558	-1
3.64934515953	1
3.66812300682	-1
3.66812300682	-1
3.66812300682	-1
3.66812300682	-1
3.66812300682	-1
3.66812300682	-1
3.66812300682	-1
3.70443701744	-1
3.70443701744	-1
3.70443701744	-1
3.70443701744	-1
3.70443701744	-1
3.70443701744	-1
3.70443701744	-1
3.70443701744	-1
3.73655796051	-1
3.73655796051	-1
3.73803400993	1
3.73803400993	1
3.73803400993	1
3.78509998322	-1
3.78509998322	-1
3.78509998322	-1
3.85372304916	-1
3.85374307632	1
3.85374307632	1
3.95710897446	-1
4.0976331234	-1
4.13257098198	-1
4.13257098198	-1
4.13257098198	-1
4.1488301754	-1
4.1488301754	-1
4.1488301754	-1
4.1488301754	-1
4.1488301754	-1
4.1488301754	-1
4.1488301754	-1
4.1488301754	-1
4.16124010086	-1
4.16124010086	-1
4.16124010086	-1
4.16124010086	-1
4.16124010086	-1
4.16124010086	-1
4.16124010086	-1
4.1622440815	1
4.1745300293	-1
4.202283144	-1
4.202283144	-1
4.202283144	-1
4.202283144	-1
4.202283144	-1
4.202283144	-1
4.202283144	-1
4.202283144	-1
4.21841597557	-1
4.21841597557	-1
4.21841597557	-1
4.21841597557	-1
4.21841597557	-1
4.21841597557	-1
4.23105096817	-1
4.23105096817	-1
4.23105096817	-1
4.23105096817	-1
4.23105096817	-1
4.26972007751	-1
4.26972007751	-1
4.26972007751	-1
4.26972007751	-1
4.26972007751	-1
4.26975607872	1
4.26975607872	1
4.37321996689	1
4.51205015182	1
4.58769106865	-1
4.90545606613	-1
4.91289615631	-1
4.91289615631	-1
4.91289615631	-1
4.91289615631	-1
4.91289615631	-1
4.91289615631	-1
4.91289615631	-1
4.92239809036	-1
4.92239809036	-1
4.92239809036	-1
4.92239809036	-1
4.92239809036	-1
4.92239809036	-1
4.92239809036	-1
4.95476913452	-1
4.95476913452	-1
4.95476913452	-1
4.95476913452	-1
4.95476913452	-1
4.95476913452	-1
4.95476913452	-1
4.95476913452	-1
4.95476913452	-1
4.97522711754	-1
4.97522711754	-1
4.97522711754	-1
4.97522711754	-1
4.97522711754	-1
4.97522711754	-1
4.97632813454	1
5.05454611778	-1
5.05454611778	-1
5.05454611778	-1
5.05454611778	-1
5.05454611778	-1
5.05454611778	-1
5.05454611778	-1
5.05454611778	-1
5.06819796562	-1
5.06819796562	-1
5.06819796562	-1
5.06819796562	-1
5.06819796562	-1
5.06819796562	-1
5.06819796562	-1
5.09645795822	-1
5.09645795822	-1
5.09645795822	-1
5.09645795822	-1
5.09645795822	-1
5.09645795822	-1
5.09645795822	-1
5.09645795822	-1
5.09754014015	1
5.12214016914	-1
5.12214016914	-1
5.12214016914	-1
5.12214016914	-1
5.13350510597	-1
5.13350510597	-1
5.13350510597	-1
5.14499402046	-1
5.15601110458	-1
5.15601110458	-1
5.15601110458	-1
5.15601110458	-1
5.15601110458	-1
5.15601110458	-1
5.15601110458	-1
5.1656961441	-1
5.1656961441	-1
5.1656961441	-1
5.1656961441	-1
5.18271517754	-1
5.18271517754	-1
5.18271517754	-1
5.18271517754	-1
5.18271517754	-1
5.18271517754	-1
5.18271517754	-1
5.18271517754	-1
5.19195103645	-1
5.19195103645	-1
5.19195103645	-1
5.19195103645	-1
5.19195103645	-1
5.19195103645	-1
5.19195103645	-1
5.20259809494	-1
5.21150803566	-1
5.21150803566	-1
5.21150803566	-1
5.21150803566	-1
5.21150803566	-1
5.21150803566	-1
5.21150803566	-1
5.22017908096	-1
5.22116112709	1
5.23756313324	-1
5.23756313324	-1
5.23756313324	-1
5.23756313324	-1
5.23756313324	-1
5.23756313324	-1
5.23756313324	-1
5.23756313324	-1
5.24982213974	-1
5.24982213974	-1
5.24982213974	-1
5.24982213974	-1
5.24982213974	-1
5.24982213974	-1
5.24982213974	-1
5.24982213974	-1
5.25835299492	-1
5.25835299492	-1
5.25835299492	-1
5.25835299492	-1
5.25835299492	-1
5.25835299492	-1
5.25835299492	-1
5.36002707481	1
5.36002707481	1
5.87462806702	-1
5.97694516182	-1
6.07919716835	-1
6.07971096039	1
6.18190908432	1
6.18190908432	1
6.72088503838	-1
6.72176218033	1
7.07270002365	-1
7.21348214149	-1
7.21348214149	-1
9.00079917908	1
10.0009281635	1
11.0015041828	1
11.1035981178	1
