0.0	1
0.112038135529	1
0.273182153702	-1
0.485034942627	-1
0.505490064621	-1
0.505490064621	-1
0.505490064621	-1
0.505490064621	-1
0.505490064621	-1
0.505490064621	-1
0.505490064621	-1
0.522897005081	-1
0.522897005081	-1
0.523065090179	-1
0.523065090179	-1
0.523065090179	-1
0.523065090179	-1
0.523065090179	-1
0.523065090179	-1
0.523065090179	-1
0.52330994606	-1
0.563492059708	1
0.565222978592	1
0.565222978592	1
0.565222978592	1
0.675537109375	1
0.675537109375	1
0.848140954971	-1
0.867366075516	-1
0.867366075516	-1
0.867366075516	-1
0.867366075516	-1
0.867366075516	-1
0.867366075516	-1
0.867366075516	-1
0.874272108078	-1
0.886744976044	-1
0.886744976044	-1
0.886744976044	-1
0.886744976044	-1
0.886744976044	-1
0.886744976044	-1
0.886744976044	-1
0.886744976044	-1
0.886744976044	-1
0.94739317894	-1
0.94739317894	-1
0.94843006134	-1
0.94843006134	-1
0.94843006134	-1
0.94843006134	-1
0.979451179504	-1
0.979451179504	-1
0.979451179504	-1
0.979451179504	-1
0.979451179504	-1
0.979451179504	-1
0.979451179504	-1
0.979451179504	-1
0.980705022812	-1
0.980846166611	-1
0.980846166611	-1
0.980846166611	-1
0.980846166611	-1
0.980846166611	-1
0.980846166611	-1
0.980846166611	-1
0.99497294426	-1
0.995407104492	-1
0.995407104492	-1
0.995407104492	-1
0.995407104492	-1
0.995407104492	-1
0.995407104492	-1
0.995407104492	-1
0.996119976044	1
0.999521017075	-1
0.999521017075	-1
0.999521017075	-1
1.08321809769	-1
1.08321809769	-1
1.08321809769	-1
1.08321809769	-1
1.08321809769	-1
1.08321809769	-1
1.08321809769	-1
1.08321809769	-1
1.08446502686	-1
1.09183812141	-1
1.09183812141	-1
1.09183812141	-1
1.09183812141	-1
1.09183812141	-1
1.09183812141	-1
1.09183812141	-1
1.09316802025	-1
1.09316802025	-1
1.09316802025	-1
1.09316802025	-1
1.09316802025	-1
1.09316802025	-1
1.09316802025	-1
1.09316802025	-1
1.10778307915	-1
1.10832715034	-1
1.10832715034	-1
1.10832715034	-1
1.10832715034	-1
1.10832715034	-1
1.10832715034	-1
1.10832715034	-1
1.10832715034	-1
1.10860395432	-1
1.10860395432	-1
1.10860395432	-1
1.10860395432	-1
1.10860395432	-1
1.10860395432	-1
1.10860395432	-1
1.10860395432	-1
1.10875105858	1
1.20422506332	-1
1.20422506332	-1
1.20422506332	-1
1.20422506332	-1
1.20422506332	-1
1.20422506332	-1
1.20422506332	-1
1.20422506332	-1
1.20543313026	-1
1.20547914505	-1
1.20547914505	-1
1.20547914505	-1
1.20547914505	-1
1.20547914505	-1
1.20547914505	-1
1.24065804482	-1
1.24065804482	-1
1.24069213867	1
1.31809401512	1
1.31809401512	1
1.31809401512	1
1.33094716072	1
1.33094716072	1
1.34122395515	1
1.34122395515	1
1.34122395515	1
1.34122395515	1
1.34291815758	1
1.34291815758	1
1.34291815758	1
1.34291815758	1
1.60124111176	-1
1.6061360836	-1
1.6061360836	-1
1.6061360836	-1
1.6061360836	-1
1.62264204025	-1
1.62264204025	-1
1.66126203537	1
1.67486405373	-1
1.67486405373	-1
1.67650103569	-1
1.67650103569	-1
1.67650103569	-1
1.67650103569	-1
1.67650103569	-1
1.67650103569	-1
1.67650103569	-1
1.67709517479	-1
1.67766809464	-1
1.67766809464	-1
1.67766809464	-1
1.67766809464	-1
1.67766809464	-1
1.67766809464	-1
1.67766809464	-1
1.67805814743	-1
1.67805814743	-1
1.67805814743	-1
1.67805814743	-1
1.67805814743	-1
1.67805814743	-1
1.67805814743	-1
1.6786711216	-1
1.6786711216	-1
1.6786711216	-1
1.6786711216	-1
1.67971396446	1
1.67971396446	1
1.67971396446	1
1.74891400337	-1
1.74891400337	-1
1.74891400337	-1
1.74891400337	-1
1.74891400337	-1
1.74891400337	-1
1.77330303192	1
1.78763794899	-1
1.78763794899	-1
1.78763794899	-1
1.78763794899	-1
1.78763794899	-1
1.78763794899	-1
1.78763794899	-1
1.78763794899	-1
1.78763794899	-1
1.78802800179	-1
1.78802800179	-1
1.78802800179	-1
1.78802800179	-1
1.78802800179	-1
1.78802800179	-1
1.78802800179	-1
1.78802800179	-1
1.78839612007	-1
1.78839612007	-1
1.78839612007	-1
1.78839612007	-1
1.78839612007	-1
1.78839612007	-1
1.78839612007	-1
1.78839612007	-1
1.79122209549	-1
1.79122209549	-1
1.79122209549	-1
1.79122209549	-1
1.79122209549	-1
1.79122209549	-1
1.79122209549	-1
1.79122209549	-1
1.8609931469	-1
1.8609931469	-1
1.90004515648	-1
1.90004515648	-1
1.90004515648	-1
1.90004515648	-1
1.90004515648	-1
1.90004515648	-1
1.90004515648	-1
1.90004515648	-1
1.90004515648	-1
1.9004149437	-1
1.9004149437	-1
1.9004149437	-1
1.9004149437	-1
1.9004149437	-1
1.9004149437	-1
1.9004149437	-1
1.9004149437	-1
1.90086507797	-1
1.90086507797	-1
1.90086507797	-1
1.90086507797	-1
1.90086507797	-1
1.90086507797	-1
1.90086507797	-1
1.90086507797	-1
1.90111017227	-1
1.90111017227	-1
1.90111017227	-1
1.90111017227	-1
1.90111017227	-1
1.90111017227	-1
1.90111017227	-1
1.90111017227	-1
1.90211606026	1
1.9039170742	-1
1.9039170742	-1
1.9039170742	-1
1.9039170742	-1
1.9039170742	-1
1.9039170742	-1
1.9039170742	-1
1.90428495407	-1
1.90428495407	-1
1.90428495407	-1
1.90428495407	-1
1.90428495407	-1
1.90428495407	-1
1.90428495407	-1
1.90428495407	-1
1.90500116348	-1
1.90500116348	-1
1.90500116348	-1
1.90500116348	-1
1.90500116348	-1
1.90500116348	-1
1.90500116348	-1
1.90500116348	-1
2.01384615898	-1
2.01384615898	-1
2.01384615898	-1
2.01384615898	-1
2.01384615898	-1
2.01384615898	-1
2.01384615898	-1
2.01384615898	-1
2.01636505127	-1
2.01636505127	-1
2.01636505127	-1
2.01636505127	-1
2.01636505127	-1
2.01636505127	-1
2.01636505127	-1
2.01636505127	-1
2.01637101173	1
2.01637101173	1
2.01661014557	-1
2.01661014557	-1
2.01661014557	-1
2.01661014557	-1
2.01661014557	-1
2.01661014557	-1
2.01661014557	-1
2.01661014557	-1
2.01697897911	-1
2.01697897911	-1
2.01697897911	-1
2.01697897911	-1
2.01697897911	-1
2.01697897911	-1
2.01697897911	-1
2.01697897911	-1
2.0173470974	-1
2.0173470974	-1
2.0173470974	-1
2.0173470974	-1
2.0173470974	-1
2.0173470974	-1
2.0173470974	-1
2.0173470974	-1
2.12701797485	-1
2.12701797485	-1
2.12701797485	-1
2.12701797485	-1
2.12701797485	-1
2.12701797485	-1
2.12701797485	-1
2.12701797485	-1
2.12726211548	-1
2.12726211548	-1
2.12726211548	-1
2.12726211548	-1
2.12726211548	-1
2.12726211548	-1
2.12726211548	-1
2.12726211548	-1
2.1275370121	-1
2.1275370121	-1
2.1275370121	-1
2.1275370121	-1
2.1275370121	-1
2.1275370121	-1
2.1275370121	-1
2.1275370121	-1
2.12941217422	-1
2.12941217422	-1
2.12941217422	-1
2.12941217422	-1
2.12941217422	-1
2.12941217422	-1
2.12941217422	-1
2.12941217422	-1
2.12944698334	1
2.13015007973	-1
2.13015007973	-1
2.13015007973	-1
2.13015007973	-1
2.13015007973	-1
2.13015007973	-1
2.13015007973	-1
2.13015007973	-1
2.13051795959	-1
2.13051795959	-1
2.13051795959	-1
2.13051795959	-1
2.13051795959	-1
2.13051795959	-1
2.13051795959	-1
2.13051795959	-1
2.13088607788	-1
2.13088607788	-1
2.13088607788	-1
2.13088607788	-1
2.13088607788	-1
2.13088607788	-1
2.13088607788	-1
2.13088607788	-1
2.240473032	-1
2.240473032	-1
2.240473032	-1
2.240473032	-1
2.240473032	-1
2.240473032	-1
2.240473032	-1
2.240473032	-1
2.24067997932	-1
2.24067997932	-1
2.24067997932	-1
2.24067997932	-1
2.24067997932	-1
2.24067997932	-1
2.24067997932	-1
2.24067997932	-1
2.2411429882	-1
2.2411429882	-1
2.2411429882	-1
2.2411429882	-1
2.2411429882	-1
2.2411429882	-1
2.2411429882	-1
2.2411429882	-1
2.24294996262	-1
2.24294996262	-1
2.24294996262	-1
2.24294996262	-1
2.24294996262	-1
2.24294996262	-1
2.24294996262	-1
2.24294996262	-1
2.24315714836	1
2.24331212044	-1
2.24331212044	-1
2.24331212044	-1
2.24331212044	-1
2.24331212044	-1
2.24331212044	-1
2.24331212044	-1
2.24331212044	-1
2.29477500916	1
2.29477500916	1
2.29477500916	1
2.35299897194	-1
2.35299897194	-1
2.35299897194	-1
2.35299897194	-1
2.35299897194	-1
2.35299897194	-1
2.35299897194	-1
2.35299897194	-1
2.35324215889	-1
2.35324215889	-1
2.35324215889	-1
2.35324215889	-1
2.35324215889	-1
2.35324215889	-1
2.35324215889	-1
2.35324215889	-1
2.35352396965	-1
2.35352396965	-1
2.35352396965	-1
2.35352396965	-1
2.35352396965	-1
2.35352396965	-1
2.35352396965	-1
2.35352396965	-1
2.35398101807	-1
2.35398101807	-1
2.35398101807	-1
2.35398101807	-1
2.35398101807	-1
2.35398101807	-1
2.35398101807	-1
2.35398101807	-1
2.35588407516	-1
2.35588407516	-1
2.35588407516	-1
2.35588407516	-1
2.35588407516	-1
2.35588407516	-1
2.35588407516	-1
2.35588407516	-1
2.3562951088	-1
2.3562951088	-1
2.3562951088	-1
2.3562951088	-1
2.3562951088	-1
2.3562951088	-1
2.3562951088	-1
2.3562951088	-1
2.35666298866	-1
2.35666298866	-1
2.35666298866	-1
2.35666298866	-1
2.35666298866	-1
2.35666298866	-1
2.35666298866	-1
2.35666298866	-1
2.35827612877	1
2.35827612877	1
2.35827612877	1
2.46610307693	-1
2.46610307693	-1
2.46610307693	-1
2.46610307693	-1
2.46610307693	-1
2.46610307693	-1
2.46610307693	-1
2.46610307693	-1
2.46815299988	-1
2.46815299988	-1
2.46815299988	-1
2.46815299988	-1
2.46815299988	-1
2.46815299988	-1
2.46815299988	-1
2.46815299988	-1
2.46830511093	-1
2.46830511093	-1
2.46830511093	-1
2.46830511093	-1
2.46830511093	-1
2.46830511093	-1
2.46830511093	-1
2.46830511093	-1
2.46876215935	-1
2.46876215935	-1
2.46876215935	-1
2.46876215935	-1
2.46876215935	-1
2.46876215935	-1
2.46876215935	-1
2.46876215935	-1
2.46903610229	-1
2.46903610229	-1
2.46903610229	-1
2.46903610229	-1
2.46903610229	-1
2.46903610229	-1
2.57933616638	1
2.57933616638	1
2.57933616638	1
2.58318996429	1
2.6436290741	-1
2.6436290741	-1
2.6436290741	-1
2.69170999527	-1
2.73615717888	1
2.73615717888	1
2.77914404869	-1
2.77914404869	-1
2.77914404869	-1
2.84856414795	1
2.95242714882	-1
2.95465803146	-1
2.95465803146	-1
2.95465803146	-1
2.95465803146	-1
2.95465803146	-1
2.9599211216	-1
2.97143006325	-1
2.97143006325	-1
2.97161698341	-1
2.97161698341	-1
2.97161698341	-1
2.97161698341	-1
2.97161698341	-1
2.97161698341	-1
2.99041414261	-1
2.99041414261	-1
2.99041414261	-1
2.99041414261	-1
3.02037501335	-1
3.02139401436	1
3.04050302505	-1
3.04050302505	-1
3.04050302505	-1
3.0594689846	-1
3.0594689846	-1
3.0594689846	-1
3.0594689846	-1
3.0594689846	-1
3.06060600281	-1
3.06060600281	-1
3.06065297127	-1
3.06065297127	-1
3.06065297127	-1
3.06065297127	-1
3.06065297127	-1
3.06065297127	-1
3.07247495651	-1
3.07247495651	-1
3.07247495651	-1
3.07247495651	-1
3.07247495651	-1
3.07247495651	-1
3.07247495651	-1
3.07247495651	-1
3.08395910263	-1
3.10269904137	-1
3.10269904137	-1
3.10269904137	-1
3.10269904137	-1
3.10269904137	-1
3.10269904137	-1
3.10269904137	-1
3.10269904137	-1
3.17360901833	1
3.17360901833	1
3.18459105492	-1
3.18459105492	-1
3.32653999329	1
3.32653999329	1
3.4600520134	-1
3.46056604385	-1
3.46056604385	-1
3.46056604385	-1
3.46056604385	-1
3.46056604385	-1
3.46056604385	-1
3.46056604385	-1
3.46122407913	-1
3.46122407913	-1
3.46122407913	-1
3.46122407913	-1
3.46122407913	-1
3.46122407913	-1
3.46122407913	-1
3.46122407913	-1
3.46159005165	-1
3.46159005165	-1
3.46159005165	-1
3.46159005165	-1
3.46159005165	-1
3.46159005165	-1
3.46159005165	-1
3.46159005165	-1
3.46216702461	1
3.47916197777	-1
3.47916197777	-1
3.47916197777	-1
3.47916197777	-1
3.47916197777	-1
3.47916197777	-1
3.5362329483	-1
3.53678011894	-1
3.53678011894	-1
3.53678011894	-1
3.53678011894	-1
3.53678011894	-1
3.53678011894	-1
3.53678011894	-1
3.57337999344	-1
3.57337999344	-1
3.57337999344	-1
3.57337999344	-1
3.57337999344	-1
3.57337999344	-1
3.57337999344	-1
3.57397317886	-1
3.57397317886	-1
3.57397317886	-1
3.57397317886	-1
3.57397317886	-1
3.57397317886	-1
3.57397317886	-1
3.57397317886	-1
3.57433915138	-1
3.57433915138	-1
3.57433915138	-1
3.57433915138	-1
3.57433915138	-1
3.57433915138	-1
3.57433915138	-1
3.57433915138	-1
3.57470798492	-1
3.57470798492	-1
3.57470798492	-1
3.57470798492	-1
3.57470798492	-1
3.57470798492	-1
3.57470798492	-1
3.64909005165	-1
3.64912414551	1
3.68515706062	-1
3.68515706062	-1
3.68515706062	-1
3.68515706062	-1
3.68515706062	-1
3.68515706062	-1
3.68515706062	-1
3.68515706062	-1
3.68533611298	-1
3.68533611298	-1
3.68533611298	-1
3.68533611298	-1
3.68533611298	-1
3.68533611298	-1
3.68533611298	-1
3.68533611298	-1
3.68576908112	-1
3.68576908112	-1
3.68576908112	-1
3.68576908112	-1
3.68576908112	-1
3.68576908112	-1
3.68576908112	-1
3.68576908112	-1
3.68691205978	-1
3.68691205978	-1
3.68691205978	-1
3.68691205978	-1
3.68691205978	-1
3.68691205978	-1
3.68691205978	-1
3.68691205978	-1
3.6872651577	-1
3.6872651577	-1
3.6872651577	-1
3.6872651577	-1
3.6872651577	-1
3.6872651577	-1
3.6872651577	-1
3.6872651577	-1
3.68781805038	-1
3.68781805038	-1
3.68781805038	-1
3.68781805038	-1
3.68781805038	-1
3.68781805038	-1
3.68781805038	-1
3.68781805038	-1
3.79716897011	1
3.79716897011	1
3.90946698189	-1
3.90946698189	-1
3.95535111427	1
4.14665794373	1
4.48619604111	-1
4.48709607124	1
4.77213311195	-1
4.92140102386	-1
4.92140102386	-1
8.00205802917	1
