0.0	1
0.0	1
0.119405031204	1
0.853577136993	-1
0.853577136993	-1
0.994213104248	-1
0.996109962463	-1
0.996109962463	-1
0.996263980865	-1
0.996263980865	-1
0.996263980865	-1
1.02616500854	1
1.06972694397	-1
1.10094809532	1
1.15527200699	-1
1.15527200699	-1
1.15527200699	-1
1.15527200699	-1
1.15527200699	-1
1.15527200699	-1
1.15527200699	-1
1.16598105431	-1
1.17695808411	-1
1.17695808411	-1
1.31295990944	-1
1.57406306267	-1
1.57560300827	1
1.57560300827	1
1.57560300827	1
1.57560300827	1
1.59599208832	-1
1.59599208832	-1
1.59599208832	-1
1.59599208832	-1
1.65079092979	-1
1.65318608284	1
1.77530002594	-1
2.00183701515	-1
2.00183701515	-1
2.00204706192	-1
2.00215506554	-1
2.00215506554	-1
2.00215506554	-1
2.00215506554	-1
2.00215506554	-1
2.00215506554	-1
2.00215506554	-1
2.00241398811	-1
2.00241398811	-1
2.00241398811	-1
2.00241398811	-1
2.00241398811	-1
2.00241398811	-1
2.00241398811	-1
2.08838009834	-1
2.08838009834	-1
2.08838009834	-1
2.08838009834	-1
2.08838009834	-1
2.08838009834	-1
2.08838009834	-1
2.08838009834	-1
2.0887389183	-1
2.0887389183	-1
2.0887389183	-1
2.0887389183	-1
2.0887389183	-1
2.11834001541	-1
2.11834001541	-1
2.11834001541	-1
2.11834001541	-1
2.11834001541	-1
2.11834001541	-1
2.11834001541	-1
2.16361808777	-1
2.16372394562	-1
2.16372394562	-1
2.17643809319	-1
2.17643809319	-1
2.17643809319	-1
2.17643809319	-1
2.17643809319	-1
2.17643809319	-1
2.17643809319	-1
2.17657899857	-1
2.17657899857	-1
2.17657899857	-1
2.17657899857	-1
2.17657899857	-1
2.17657899857	-1
2.17657899857	-1
2.17703413963	-1
2.17703413963	-1
2.17703413963	-1
2.17703413963	-1
2.17703413963	-1
2.17703413963	-1
2.17703413963	-1
2.17727994919	-1
2.17740392685	-1
2.17740392685	-1
2.17740392685	-1
2.17819809914	1
2.22701191902	-1
2.22701191902	-1
2.22701191902	-1
2.22701191902	-1
2.22704911232	-1
2.22704911232	-1
2.26447701454	-1
2.26447701454	-1
2.26447701454	-1
2.26447701454	-1
2.26447701454	-1
2.26447701454	-1
2.26447701454	-1
2.26447701454	-1
2.26482701302	-1
2.26482701302	-1
2.26485705376	-1
2.26485705376	-1
2.26485705376	-1
2.26485705376	-1
2.26485705376	-1
2.26485705376	-1
2.26485705376	-1
2.26485705376	-1
2.26577091217	-1
2.26589202881	-1
2.26589202881	-1
2.26601099968	-1
2.26601099968	-1
2.26601099968	-1
2.26673293114	1
2.28878307343	-1
2.28878307343	-1
2.28878307343	-1
2.28878307343	-1
2.28878307343	-1
2.28878307343	-1
2.28878307343	-1
2.28878307343	-1
2.31179213524	-1
2.37894010544	1
2.37894010544	1
2.38408112526	1
2.38408112526	1
2.38408112526	1
2.38408112526	1
2.38565611839	1
2.38581705093	1
2.38581705093	1
2.38581705093	1
2.38654112816	1
2.39628410339	-1
2.39628410339	-1
2.51857495308	-1
2.71087908745	-1
2.77309894562	-1
2.77309894562	-1
2.79714798927	-1
2.79714798927	-1
2.79714798927	-1
2.79714798927	-1
2.79714798927	-1
2.79714798927	-1
2.79714798927	-1
2.79714798927	-1
2.79751801491	-1
2.79751801491	-1
2.79751801491	-1
2.79751801491	-1
2.79751801491	-1
2.79751801491	-1
2.79751801491	-1
2.79774904251	-1
2.79774904251	-1
2.79774904251	-1
2.79774904251	-1
2.79774904251	-1
2.79774904251	-1
2.81442499161	1
2.82561206818	-1
2.8477139473	-1
2.8477139473	-1
2.8477730751	-1
2.8477730751	-1
2.8477730751	-1
2.8477730751	-1
2.8477730751	-1
2.8477730751	-1
2.87132811546	1
2.87132811546	1
2.88912200928	1
2.88912200928	1
2.90820407867	-1
2.90820407867	-1
2.90820407867	-1
2.91091895103	-1
2.91091895103	-1
2.91148090363	-1
2.91148090363	-1
2.91148090363	-1
2.91148090363	-1
2.91148090363	-1
2.91148090363	-1
2.91148090363	-1
2.91203594208	-1
2.91203594208	-1
2.91203594208	-1
2.91203594208	-1
2.91203594208	-1
2.91203594208	-1
2.91203594208	-1
2.91240406036	-1
2.91240406036	-1
2.91240406036	-1
2.91240406036	-1
2.91240406036	-1
2.91240406036	-1
2.91240406036	-1
2.92259192467	-1
2.96032190323	-1
2.96032190323	-1
2.96032190323	-1
2.96032190323	-1
2.96032190323	-1
2.96032190323	-1
2.96032190323	-1
2.96032190323	-1
2.96064591408	-1
2.96064591408	-1
2.96064591408	-1
2.96064591408	-1
2.96064591408	-1
2.96064591408	-1
2.96064591408	-1
3.00207996368	1
3.00207996368	1
3.0121319294	-1
3.01917099953	-1
3.01917099953	-1
3.01917099953	-1
3.01927304268	-1
3.01927304268	-1
3.01967310905	-1
3.01967310905	-1
3.01967310905	-1
3.01967310905	-1
3.01967310905	-1
3.01967310905	-1
3.01967310905	-1
3.01967310905	-1
3.02003908157	-1
3.02003908157	-1
3.02003908157	-1
3.02003908157	-1
3.02003908157	-1
3.02003908157	-1
3.02003908157	-1
3.03533411026	-1
3.07196211815	-1
3.07196211815	-1
3.07196211815	-1
3.07209610939	-1
3.07209610939	-1
3.07209610939	-1
3.07209610939	-1
3.07209610939	-1
3.07209610939	-1
3.07209610939	-1
3.07245802879	-1
3.07245802879	-1
3.07245802879	-1
3.07245802879	-1
3.07245802879	-1
3.07245802879	-1
3.07245802879	-1
3.07690000534	1
3.09422397614	-1
3.09422397614	-1
3.09422397614	-1
3.09422397614	-1
3.09422397614	-1
3.09422397614	-1
3.09422397614	-1
3.09422397614	-1
3.1101911068	-1
3.1101911068	-1
3.13322210312	-1
3.13322210312	-1
3.13322210312	-1
3.13322210312	-1
3.13322210312	-1
3.13322210312	-1
3.13322210312	-1
3.13345003128	-1
3.13353896141	-1
3.13353896141	-1
3.13353896141	-1
3.13353896141	-1
3.13353896141	-1
3.13353896141	-1
3.13353896141	-1
3.13381791115	-1
3.13381791115	-1
3.13381791115	-1
3.13381791115	-1
3.13381791115	-1
3.13381791115	-1
3.13381791115	-1
3.14716696739	-1
3.14716696739	-1
3.14716696739	-1
3.14716696739	-1
3.14716696739	-1
3.14716696739	-1
3.14716696739	-1
3.14716696739	-1
3.17820501328	-1
3.17820501328	-1
3.17823505402	1
3.1789329052	-1
3.1789329052	-1
3.1789329052	-1
3.1789329052	-1
3.1789329052	-1
3.1789329052	-1
3.1789329052	-1
3.18355607986	-1
3.18355607986	-1
3.18394994736	-1
3.18394994736	-1
3.18394994736	-1
3.18394994736	-1
3.18394994736	-1
3.18394994736	-1
3.18394994736	-1
3.18394994736	-1
3.20809197426	-1
3.20809197426	-1
3.20821905136	-1
3.20821905136	-1
3.20821905136	-1
3.20821905136	-1
3.20821905136	-1
3.20821905136	-1
3.23097991943	-1
3.23097991943	-1
3.23097991943	-1
3.23097991943	-1
3.23097991943	-1
3.23123407364	-1
3.23123407364	-1
3.23123407364	-1
3.23123407364	-1
3.23123407364	-1
3.23123407364	-1
3.23123407364	-1
3.23123407364	-1
3.23815393448	-1
3.23815393448	-1
3.23815393448	-1
3.23820400238	-1
3.23820400238	-1
3.23820400238	-1
3.23820400238	-1
3.23820400238	-1
3.24017691612	1
3.24017691612	1
3.28316307068	-1
3.28316307068	-1
3.28320002556	1
3.29217290878	-1
3.29217290878	-1
3.29217290878	-1
3.29217290878	-1
3.29217290878	-1
3.29217290878	-1
3.29217290878	-1
3.29217290878	-1
3.29217290878	-1
3.29253602028	-1
3.29253602028	-1
3.29253602028	-1
3.29253602028	-1
3.29253602028	-1
3.29277300835	-1
3.29277300835	-1
3.29277300835	-1
3.29277300835	-1
3.29277300835	-1
3.29277300835	-1
3.29277300835	-1
3.29277300835	-1
3.29314112663	-1
3.29314112663	-1
3.29314112663	-1
3.33662009239	-1
3.33662009239	-1
3.33694696426	-1
3.33694696426	-1
3.33694696426	-1
3.33694696426	-1
3.33694696426	-1
3.33694696426	-1
3.33694696426	-1
3.33723592758	-1
3.33723592758	-1
3.33723592758	-1
3.33723592758	-1
3.33723592758	-1
3.33723592758	-1
3.33723592758	-1
3.34278893471	-1
3.34278893471	-1
3.34278893471	-1
3.34278893471	-1
3.34278893471	-1
3.34278893471	-1
3.34278893471	-1
3.34278893471	-1
3.34315013885	-1
3.34315013885	-1
3.34315013885	-1
3.34315013885	-1
3.34315013885	-1
3.34315013885	-1
3.34315013885	-1
3.34315013885	-1
3.35804104805	-1
3.35806107521	1
3.35806107521	1
3.38983798027	-1
3.38983798027	-1
3.38983798027	-1
3.38983798027	-1
3.38983798027	-1
3.38983798027	-1
3.38983798027	-1
3.38999891281	-1
3.39018893242	-1
3.39018893242	-1
3.39018893242	-1
3.39018893242	-1
3.39018893242	-1
3.39018893242	-1
3.39018893242	-1
3.39121508598	-1
3.39160299301	-1
3.39160299301	-1
3.39160299301	-1
3.39160299301	-1
3.39160299301	-1
3.41247010231	-1
3.41247010231	-1
3.41247010231	-1
3.41257405281	-1
3.41257405281	-1
3.41257405281	-1
3.41257405281	-1
3.41257405281	-1
3.43320608139	-1
3.43324112892	1
3.45129704475	-1
3.45129704475	-1
3.45144295692	-1
3.45144295692	-1
3.45144295692	-1
3.45144295692	-1
3.45144295692	-1
3.45144295692	-1
3.45160412788	-1
3.45160412788	-1
3.45160412788	-1
3.45160412788	-1
3.45160412788	-1
3.45160412788	-1
3.45160412788	-1
3.45160412788	-1
3.45205497742	-1
3.45205497742	-1
3.45250606537	-1
3.45250606537	-1
3.45250606537	-1
3.45285606384	-1
3.45285606384	-1
3.45285606384	-1
3.45285606384	-1
3.45285606384	-1
3.49609494209	-1
3.49655199051	-1
3.49655199051	-1
3.49655199051	-1
3.49655199051	-1
3.49655199051	-1
3.49655199051	-1
3.49655199051	-1
3.49655199051	-1
3.50812292099	-1
3.50812292099	-1
3.50816392899	1
3.61322498322	-1
3.61327290535	1
3.61327290535	1
3.69092798233	-1
3.69092798233	-1
3.71292304993	1
3.79198408127	-1
3.79202795029	1
3.97610402107	-1
4.11916399002	-1
4.14683699608	-1
4.14683699608	-1
4.14689493179	-1
4.14689493179	-1
4.14689493179	-1
4.14689493179	-1
4.14689493179	-1
4.22136902809	-1
4.22243213654	1
4.29710102081	1
4.42794013023	-1
4.42887806892	-1
4.42887806892	-1
4.42887806892	-1
4.42887806892	-1
4.42887806892	-1
4.42913413048	-1
4.42913413048	-1
4.42913413048	-1
4.42913413048	-1
4.42913413048	-1
4.42913413048	-1
4.42913413048	-1
4.42937898636	-1
4.42937898636	-1
4.42937898636	-1
4.42937898636	-1
4.42937898636	-1
4.42937898636	-1
4.42937898636	-1
4.42974996567	-1
4.42974996567	-1
4.42974996567	-1
4.42974996567	-1
4.42974996567	-1
4.42999410629	-1
4.42999410629	-1
4.42999410629	-1
4.42999410629	-1
4.42999410629	-1
4.42999410629	-1
4.42999410629	-1
4.42999410629	-1
4.43054103851	1
4.50394296646	-1
4.50525403023	1
4.61846208572	1
4.61846208572	1
4.88838505745	-1
4.89061808586	-1
4.89061808586	-1
4.89061808586	-1
4.89061808586	-1
4.89061808586	-1
4.89061808586	-1
4.89061808586	-1
4.89084792137	-1
4.89084792137	-1
4.89084792137	-1
4.89084792137	-1
4.89084792137	-1
4.89084792137	-1
4.89084792137	-1
4.89112496376	-1
4.89112496376	-1
4.89112496376	-1
4.89112496376	-1
4.89112496376	-1
4.89112496376	-1
4.89112496376	-1
4.89145994186	-1
4.89158201218	-1
4.89158201218	-1
4.89158201218	-1
4.89158201218	-1
4.89158201218	-1
4.89158201218	-1
4.9654481411	-1
4.96630001068	1
5.00208306313	-1
5.00208306313	-1
5.00208306313	-1
5.00223112106	-1
5.00223112106	-1
5.00223112106	-1
5.00223112106	-1
5.00223112106	-1
5.00223112106	-1
5.00223112106	-1
5.00259804726	-1
5.00259804726	-1
5.00259804726	-1
5.00259804726	-1
5.00259804726	-1
5.00259804726	-1
5.00259804726	-1
5.00284409523	-1
5.00284409523	-1
5.00284409523	-1
5.00284409523	-1
5.00284409523	-1
5.00284409523	-1
5.00308799744	-1
5.00311994553	-1
5.00311994553	-1
5.00311994553	-1
5.00333404541	-1
5.00333404541	-1
5.04171490669	-1
5.04171490669	-1
5.04171490669	-1
5.04171490669	-1
5.04171490669	-1
5.04171490669	-1
5.04171490669	-1
5.04171490669	-1
5.04185295105	-1
5.04185295105	-1
5.04185295105	-1
5.04185295105	-1
5.04185295105	-1
5.04185295105	-1
5.04185295105	-1
5.04217600822	-1
5.1138279438	-1
5.1138279438	-1
5.1138279438	-1
5.1138279438	-1
5.1138279438	-1
5.1138279438	-1
5.1138279438	-1
5.11430811882	-1
5.11430811882	-1
5.11430811882	-1
5.11430811882	-1
5.11430811882	-1
5.11430811882	-1
5.11430811882	-1
5.1148481369	1
5.11487793922	-1
5.11487793922	-1
5.11549401283	-1
5.11549401283	-1
5.11549401283	-1
5.11549401283	-1
5.11549401283	-1
5.11549401283	-1
5.11549401283	-1
5.11549401283	-1
5.11549401283	-1
5.11692690849	-1
5.11692690849	-1
5.11692690849	-1
5.11692690849	-1
5.11692690849	-1
5.11692690849	-1
5.11692690849	-1
5.11727690697	-1
5.11727690697	-1
5.11727690697	-1
5.11727690697	-1
5.11727690697	-1
5.11727690697	-1
5.11740612984	-1
5.11762595177	-1
5.11762595177	-1
5.18877196312	-1
5.18877196312	-1
5.18877196312	-1
5.1932079792	-1
5.19324398041	1
5.28012704849	-1
5.2801721096	1
5.2801721096	1
5.8744161129	-1
5.8744161129	-1
5.8744161129	-1
5.8744161129	-1
5.8744161129	-1
5.8744161129	-1
5.8744161129	-1
5.87496995926	-1
5.87496995926	-1
5.87496995926	-1
5.87496995926	-1
5.87496995926	-1
5.87496995926	-1
5.87496995926	-1
5.87528300285	-1
5.87528300285	-1
5.87528300285	-1
5.87528300285	-1
5.87528300285	-1
5.87528300285	-1
5.87528300285	-1
5.87528300285	-1
5.94967913628	-1
5.94967913628	-1
5.98331904411	-1
5.98331904411	-1
5.98342204094	-1
5.98342204094	-1
5.98342204094	-1
5.98342204094	-1
5.98342204094	-1
5.98342204094	-1
5.98417210579	1
6.02460002899	-1
6.05580997467	1
6.05580997467	1
6.05884504318	1
6.68461108208	-1
6.6854391098	1
7.00201797485	1
7.20503592491	-1
7.36417007446	-1
8.00310397148	1
9.00363111496	1
11.0043511391	1
