0.0	1
0.0	1
0.0630168914795	1
1.20725107193	-1
1.20725107193	-1
1.87296390533	-1
2.80002999306	-1
2.91488790512	-1
3.00327110291	-1
3.00327110291	-1
3.00327110291	-1
3.00327110291	-1
3.00327110291	-1
3.00327110291	-1
3.0663690567	-1
3.09113097191	1
3.11963510513	-1
3.11963510513	-1
3.11963510513	-1
3.11963510513	-1
3.11963510513	-1
3.11963510513	-1
3.11963510513	-1
3.11963510513	-1
3.12944102287	-1
3.15414500237	1
3.15414500237	1
3.6594080925	-1
3.66040110588	1
3.66040110588	1
3.66040110588	1
3.66040110588	1
3.72341895103	1
3.82590198517	-1
3.90093708038	-1
3.90093708038	-1
3.90093708038	-1
3.90093708038	-1
3.90093708038	-1
3.90093708038	-1
3.92608308792	-1
4.02882289886	-1
4.02882289886	-1
4.02882289886	-1
4.02882289886	-1
4.02882289886	-1
4.02882289886	-1
4.02882289886	-1
4.09195995331	-1
4.10492300987	-1
4.10492300987	-1
4.10492300987	-1
4.10492300987	-1
4.10492300987	-1
4.10492300987	-1
4.10492300987	-1
4.13269400597	-1
4.15506696701	-1
4.23293590546	-1
4.23293590546	-1
4.23293590546	-1
4.23293590546	-1
4.23293590546	-1
4.23332905769	-1
4.23332905769	-1
4.23332905769	-1
4.23332905769	-1
4.23332905769	-1
4.23332905769	-1
4.23332905769	-1
4.29604887962	-1
4.30977797508	-1
4.30977797508	-1
4.30977797508	-1
4.30977797508	-1
4.30977797508	-1
4.30977797508	-1
4.30977797508	-1
4.35936307907	-1
4.40303206444	-1
4.40303206444	-1
4.40303206444	-1
4.40303206444	-1
4.40303206444	-1
4.40303206444	-1
4.40303206444	-1
4.4032599926	-1
4.40418410301	1
4.42256593704	-1
4.43764090538	-1
4.43764090538	-1
4.43764090538	-1
4.43764090538	-1
4.43764090538	-1
4.43764090538	-1
4.43764090538	-1
4.43786787987	-1
4.46655488014	-1
4.46655488014	-1
4.46655488014	-1
4.46655488014	-1
4.46655488014	-1
4.50089907646	-1
4.50089907646	-1
4.51349592209	-1
4.51349592209	-1
4.51349592209	-1
4.51349592209	-1
4.51349592209	-1
4.51349592209	-1
4.51349592209	-1
4.57673096657	-1
4.64237904549	-1
4.64237904549	-1
4.64237904549	-1
4.64237904549	-1
4.64237904549	-1
4.64237904549	-1
4.64237904549	-1
4.64237904549	-1
4.64324808121	-1
4.64367890358	-1
4.64367890358	-1
4.64367890358	-1
4.64367890358	-1
4.64380002022	-1
4.70561695099	-1
4.70561695099	-1
4.84576201439	-1
4.84576201439	-1
4.84613108635	-1
4.84613108635	-1
4.84613108635	-1
4.84613108635	-1
4.84613108635	-1
4.84613108635	-1
4.84613108635	-1
4.84640693665	-1
4.84640693665	-1
4.84640693665	-1
4.84640693665	-1
4.84640693665	-1
4.84745287895	1
4.90893602371	-1
4.91004109383	1
4.91004109383	1
4.9376540184	1
4.9376540184	1
4.9376540184	1
4.93776607513	1
4.93776607513	1
4.93776607513	1
4.94020390511	1
4.94020390511	1
4.94020390511	1
4.94020390511	1
4.94775605202	1
5.54516887665	-1
5.64610600471	-1
5.64610600471	-1
5.74712705612	-1
5.74712705612	-1
5.74799704552	-1
5.79292392731	-1
5.79292392731	-1
5.79292392731	-1
5.79292392731	-1
5.79292392731	-1
5.79292392731	-1
5.79292392731	-1
5.81033110619	-1
5.9538500309	-1
5.9538500309	-1
5.9538500309	-1
5.9538500309	-1
5.9538500309	-1
5.9538500309	-1
5.9538500309	-1
6.01704192162	-1
6.01704192162	-1
6.15646791458	-1
6.15646791458	-1
6.15646791458	-1
6.15646791458	-1
6.15646791458	-1
6.15646791458	-1
6.15646791458	-1
6.15861487389	-1
6.15861487389	-1
6.15897703171	-1
6.15897703171	-1
6.15897703171	-1
6.15897703171	-1
6.15912008286	-1
6.16062402725	1
6.20276904106	-1
6.20276904106	-1
6.20276904106	-1
6.20276904106	-1
6.20276904106	-1
6.20276904106	-1
6.20276904106	-1
6.20276904106	-1
6.20276904106	-1
6.21969294548	-1
6.21969294548	-1
6.21969294548	-1
6.21969294548	-1
6.21969294548	-1
6.21979594231	-1
6.21979594231	-1
6.35875487328	-1
6.35875487328	-1
6.35875487328	-1
6.35875487328	-1
6.35875487328	-1
6.35875487328	-1
6.35875487328	-1
6.40564489365	-1
6.40564489365	-1
6.40564489365	-1
6.40564489365	-1
6.40564489365	-1
6.40564489365	-1
6.40564489365	-1
6.40564489365	-1
6.40598988533	-1
6.40598988533	-1
6.40611290932	-1
6.40611290932	-1
6.40611290932	-1
6.4062359333	-1
6.4062359333	-1
6.4062359333	-1
6.4062359333	-1
6.4062359333	-1
6.4062359333	-1
6.4062359333	-1
6.42216110229	-1
6.43110609055	1
6.43110609055	1
6.49414992332	1
6.56296491623	-1
6.56296491623	-1
6.56296491623	-1
6.56296491623	-1
6.56296491623	-1
6.56296491623	-1
6.56296491623	-1
6.56351304054	-1
6.56351304054	-1
6.56351304054	-1
6.56351304054	-1
6.56351304054	-1
6.56351304054	-1
6.56351304054	-1
6.56443595886	1
6.60997796059	-1
6.60997796059	-1
6.60997796059	-1
6.60997796059	-1
6.60997796059	-1
6.60997796059	-1
6.60997796059	-1
6.60997796059	-1
6.60997796059	-1
6.61032509804	-1
6.61032509804	-1
6.61032509804	-1
6.61032509804	-1
6.61032509804	-1
6.61032509804	-1
6.61032509804	-1
6.61032509804	-1
6.62654304504	-1
6.62654304504	-1
6.62654304504	-1
6.62654304504	-1
6.62654304504	-1
6.66355895996	1
6.69856500626	-1
6.768253088	-1
6.768253088	-1
6.768253088	-1
6.768253088	-1
6.768253088	-1
6.768253088	-1
6.768253088	-1
6.768253088	-1
6.76855587959	-1
6.76855587959	-1
6.76855587959	-1
6.76855587959	-1
6.76855587959	-1
6.79808497429	-1
6.79808497429	-1
6.81447887421	-1
6.81447887421	-1
6.81447887421	-1
6.81447887421	-1
6.81447887421	-1
6.81447887421	-1
6.81447887421	-1
6.83264303207	-1
6.83286190033	-1
6.83286190033	-1
6.83286190033	-1
6.83286190033	-1
6.83286190033	-1
6.83286190033	-1
6.83286190033	-1
6.83310699463	-1
6.83384609222	1
6.86182904243	-1
6.97177100182	-1
6.97177100182	-1
6.97177100182	-1
6.97177100182	-1
6.97177100182	-1
6.97177100182	-1
6.97177100182	-1
6.97177100182	-1
6.97220897675	-1
6.97220897675	-1
6.97220897675	-1
6.97220897675	-1
6.97220897675	-1
6.97249007225	-1
6.97261404991	-1
6.97261404991	-1
6.97261404991	-1
6.97261404991	-1
6.97261404991	-1
6.97261404991	-1
6.97261404991	-1
7.00137996674	1
7.03394007683	-1
7.03394007683	-1
7.03412699699	-1
7.03412699699	-1
7.03412699699	-1
7.03412699699	-1
7.03412699699	-1
7.03412699699	-1
7.03412699699	-1
7.03437209129	-1
7.03488397598	-1
7.10453510284	-1
7.10453510284	-1
7.10453510284	-1
7.10453510284	-1
7.10453510284	-1
7.10453510284	-1
7.13412594795	-1
7.1350839138	1
7.17657995224	-1
7.17657995224	-1
7.17657995224	-1
7.17657995224	-1
7.17657995224	-1
7.17657995224	-1
7.17657995224	-1
7.17696905136	-1
7.17717504501	-1
7.17717504501	-1
7.17717504501	-1
7.17717504501	-1
7.17717504501	-1
7.17717504501	-1
7.17717504501	-1
7.19744706154	-1
7.23552894592	1
7.30870294571	-1
7.30870294571	-1
7.30870294571	-1
7.30870294571	-1
7.30870294571	-1
7.30870294571	-1
7.30870294571	-1
7.30924201012	-1
7.30924201012	-1
7.30924201012	-1
7.30924201012	-1
7.30924201012	-1
7.30924201012	-1
7.30924201012	-1
7.30960988998	-1
7.30960988998	-1
7.30960988998	-1
7.30960988998	-1
7.30960988998	-1
7.30960988998	-1
7.30960988998	-1
7.30960988998	-1
7.30985593796	-1
7.35982108116	1
7.37222504616	-1
7.37222504616	-1
7.38105797768	-1
7.38105797768	-1
7.38105797768	-1
7.38105797768	-1
7.38105797768	-1
7.38105797768	-1
7.38105797768	-1
7.38105797768	-1
7.38137698174	-1
7.38137698174	-1
7.38137698174	-1
7.38137698174	-1
7.38137698174	-1
7.4442820549	-1
7.4442820549	-1
7.44429397583	1
7.44429397583	1
7.51296305656	-1
7.51296305656	-1
7.51296305656	-1
7.51296305656	-1
7.51296305656	-1
7.51296305656	-1
7.51296305656	-1
7.51351594925	-1
7.51351594925	-1
7.51351594925	-1
7.51351594925	-1
7.51351594925	-1
7.51351594925	-1
7.51351594925	-1
7.57652401924	-1
7.57652401924	-1
7.57652401924	-1
7.5858669281	-1
7.5858669281	-1
7.5858669281	-1
7.5858669281	-1
7.5858669281	-1
7.5858669281	-1
7.5858669281	-1
7.5858669281	-1
7.58618807793	-1
7.58618807793	-1
7.58618807793	-1
7.58618807793	-1
7.58618807793	-1
7.58637094498	-1
7.58637094498	-1
7.58637094498	-1
7.58637094498	-1
7.64912509918	-1
7.64912509918	-1
7.71768593788	-1
7.71768593788	-1
7.71768593788	-1
7.71768593788	-1
7.71768593788	-1
7.71768593788	-1
7.78094291687	-1
7.78180289268	1
7.78943800926	-1
7.78943800926	-1
7.78943800926	-1
7.78943800926	-1
7.78943800926	-1
7.78943800926	-1
7.78943800926	-1
7.78967094421	-1
7.78967094421	-1
7.78976392746	-1
7.78993487358	-1
7.78993487358	-1
7.78993487358	-1
7.78993487358	-1
7.78993487358	-1
7.78993487358	-1
7.78993487358	-1
7.79018187523	-1
7.79018187523	-1
7.79018187523	-1
7.79018187523	-1
7.79018187523	-1
7.79018187523	-1
7.79018187523	-1
7.79055094719	-1
7.79055094719	-1
7.79055094719	-1
7.79055094719	-1
7.79055094719	-1
7.79055094719	-1
7.79055094719	-1
7.79055094719	-1
7.84421610832	-1
7.84421610832	-1
7.91151189804	1
7.96065592766	-1
7.96065592766	-1
7.96065592766	-1
7.96065592766	-1
7.96065592766	-1
7.96065592766	-1
7.96065592766	-1
7.99337005615	-1
7.99337005615	-1
7.99351501465	-1
7.99351501465	-1
7.99351501465	-1
7.99351501465	-1
7.99351501465	-1
7.99351501465	-1
7.99394702911	-1
7.99394702911	-1
7.99394702911	-1
7.9943549633	-1
7.9943549633	-1
7.99499297142	-1
7.99499297142	-1
7.99499297142	-1
7.99499297142	-1
7.99499297142	-1
7.99499297142	-1
7.99499297142	-1
7.99499297142	-1
7.99535703659	-1
7.99535703659	-1
7.99543905258	1
7.99587106705	-1
7.99587106705	-1
7.99587106705	-1
7.99587106705	-1
7.99587106705	-1
7.99786996841	1
7.99786996841	1
8.02402210236	-1
8.06102800369	1
8.06102800369	1
8.40542507172	-1
8.61035704613	-1
8.69865489006	-1
8.71530508995	-1
8.71530508995	-1
8.71530508995	-1
8.71530508995	-1
8.71530508995	-1
8.76174688339	-1
8.85199999809	-1
8.9151968956	-1
8.9151968956	-1
8.94236493111	1
8.96637988091	1
8.96637988091	1
9.00554990768	1
9.47076487541	-1
9.54362392426	-1
9.54362392426	-1
9.54362392426	-1
9.54362392426	-1
9.54362392426	-1
9.54362392426	-1
9.54362392426	-1
9.54362392426	-1
9.54529595375	-1
9.54529595375	-1
9.54529595375	-1
9.54529595375	-1
9.54529595375	-1
9.54529595375	-1
9.54529595375	-1
9.54529595375	-1
9.54636001587	1
9.57021307945	-1
9.57021307945	-1
9.57021307945	-1
9.57021307945	-1
9.64321088791	-1
9.64321088791	-1
9.64321088791	-1
9.64321088791	-1
9.64321088791	-1
9.64321088791	-1
9.64321088791	-1
9.64433908463	-1
9.64433908463	-1
9.64433908463	-1
9.64433908463	-1
9.64433908463	-1
9.64433908463	-1
9.64433908463	-1
9.64524698257	1
9.70694708824	-1
9.73918700218	-1
9.73918700218	-1
9.73918700218	-1
9.73918700218	-1
9.73918700218	-1
9.73918700218	-1
9.73918700218	-1
9.73920297623	1
9.73920297623	1
9.75286102295	-1
9.75288391113	-1
9.75288391113	-1
9.75288391113	-1
9.75288391113	-1
9.75288391113	-1
9.75288391113	-1
9.75288391113	-1
9.75322008133	-1
9.75322008133	-1
9.75334310532	-1
9.75334310532	-1
9.77703499794	-1
9.77703499794	-1
9.77703499794	-1
9.77703499794	-1
9.77703499794	-1
9.80242300034	-1
9.85899496078	-1
9.85899496078	-1
9.85899496078	-1
9.85899496078	-1
9.85899496078	-1
9.85899496078	-1
9.85899496078	-1
9.85899496078	-1
9.85930109024	-1
9.85930109024	-1
9.85930109024	-1
9.85930109024	-1
9.85930109024	-1
9.90605592728	-1
9.90605592728	-1
9.94359302521	-1
9.94359302521	-1
9.94359302521	-1
9.94359302521	-1
9.94359302521	-1
9.94359302521	-1
9.94359302521	-1
9.94381999969	-1
9.94389796257	-1
9.94389796257	-1
9.94484090805	1
9.96982288361	-1
9.96982288361	-1
9.97441291809	-1
9.97441291809	-1
9.97441291809	-1
9.97441291809	-1
9.97441291809	-1
9.97441291809	-1
9.99997091293	-1
9.99997091293	-1
9.99997091293	-1
9.99997091293	-1
9.99997091293	-1
9.99997091293	-1
9.99997091293	-1
9.99997091293	-1
10.0375828743	-1
10.0376179218	1
10.1476399899	-1
10.1476399899	-1
10.1476399899	-1
10.1476399899	-1
10.1476399899	-1
10.1476399899	-1
10.1476399899	-1
10.1481769085	-1
10.1481769085	-1
10.1481769085	-1
10.1481769085	-1
10.1481769085	-1
10.1481769085	-1
10.1481769085	-1
10.1485450268	-1
10.1485450268	-1
10.1485450268	-1
10.1485450268	-1
10.1485450268	-1
10.1485450268	-1
10.1485450268	-1
10.1485450268	-1
10.1485450268	-1
10.1489140987	-1
10.1489140987	-1
10.1489140987	-1
10.1489140987	-1
10.1489140987	-1
10.1507508755	1
10.2042779922	-1
10.2042779922	-1
10.2042779922	-1
10.2042779922	-1
10.2042779922	-1
10.2042779922	-1
10.2114520073	-1
10.2114520073	-1
10.2115659714	-1
10.2115659714	-1
10.2115659714	-1
10.2115659714	-1
10.2115659714	-1
10.2115659714	-1
10.2115659714	-1
10.2118020058	-1
10.2118020058	-1
10.2118020058	-1
10.2118020058	-1
10.2118020058	-1
10.2118020058	-1
10.2118020058	-1
10.2120490074	-1
10.2120490074	-1
10.2514801025	1
10.4083969593	-1
10.4367589951	1
10.5673890114	1
11.0019240379	1
11.1187798977	-1
11.1196630001	1
11.7571570873	-1
11.9639139175	-1
12.0025858879	1
12.0269989967	-1
13.0037429333	1
14.0044438839	1
14.4946920872	-1
