0.0	1
0.0	1
0.063117980957	1
0.474337100983	-1
0.474337100983	-1
0.710083961487	-1
0.716196060181	-1
0.716196060181	-1
0.716196060181	-1
0.716196060181	-1
0.716196060181	-1
0.716196060181	-1
0.716196060181	-1
0.716856002808	-1
0.742304086685	1
0.773313045502	-1
0.774887084961	-1
0.774887084961	-1
0.774887084961	-1
0.774887084961	-1
0.774887084961	-1
0.805311918259	1
0.838062047958	-1
0.941171884537	-1
0.941171884537	-1
1.17265105247	-1
1.17368793488	1
1.17368793488	1
1.17368793488	1
1.17368793488	1
1.23677587509	1
1.34450507164	-1
1.34611296654	-1
1.34611296654	-1
1.34779500961	-1
1.34779500961	-1
1.34779500961	-1
1.34779500961	-1
1.34779500961	-1
1.34779500961	-1
1.34779500961	-1
1.34906005859	-1
1.34917402267	-1
1.34917402267	-1
1.34917402267	-1
1.34917402267	-1
1.34936094284	-1
1.34936094284	-1
1.34936094284	-1
1.40944004059	-1
1.42445111275	-1
1.42445111275	-1
1.42445111275	-1
1.42445111275	-1
1.42489099503	1
1.42632508278	-1
1.47292208672	-1
1.47292208672	-1
1.47292208672	-1
1.50858902931	-1
1.50858902931	-1
1.50911593437	-1
1.50911593437	-1
1.50911593437	-1
1.50911593437	-1
1.50911593437	-1
1.50911593437	-1
1.50911593437	-1
1.51213908195	-1
1.5129430294	-1
1.5129430294	-1
1.5129430294	-1
1.5129430294	-1
1.51331210136	-1
1.51331210136	-1
1.51331210136	-1
1.52928304672	-1
1.52938604355	-1
1.52938604355	-1
1.52938604355	-1
1.52941989899	-1
1.52941989899	-1
1.52941989899	-1
1.52963089943	-1
1.52963089943	-1
1.52963089943	-1
1.52975487709	-1
1.52975487709	-1
1.53070902824	1
1.5602710247	-1
1.5602710247	-1
1.5602710247	-1
1.5602710247	-1
1.5602710247	-1
1.5602710247	-1
1.5602710247	-1
1.58622193336	-1
1.58622193336	-1
1.58622193336	-1
1.58758091927	-1
1.58758091927	-1
1.58758091927	-1
1.58768987656	-1
1.62339901924	-1
1.73658800125	-1
1.73658800125	-1
1.74108910561	-1
1.8045539856	-1
1.8045539856	-1
1.81906795502	-1
1.81906795502	-1
1.86795401573	-1
1.90626311302	-1
1.90626311302	-1
1.90626311302	-1
1.91257309914	-1
1.91257309914	-1
1.91359090805	-1
1.91359090805	-1
1.91359090805	-1
1.91359090805	-1
1.91359090805	-1
1.91534399986	-1
1.91534399986	-1
1.91534399986	-1
1.93117189407	-1
1.94274497032	-1
1.94274497032	-1
1.98205399513	-1
1.98205399513	-1
1.98205399513	-1
1.98205399513	-1
1.98205399513	-1
1.98205399513	-1
1.98205399513	-1
1.98205399513	-1
1.99445009232	-1
1.99445009232	-1
1.99445009232	-1
1.99542593956	1
2.06060409546	-1
2.06060409546	-1
2.06060409546	-1
2.06060409546	-1
2.12396597862	-1
2.12502598763	1
2.1734919548	1
2.1734919548	1
2.17736411095	1
2.17736411095	1
2.17736411095	1
2.17736411095	1
2.17884087563	1
2.22706890106	1
2.22706890106	1
2.22706890106	1
2.53912806511	-1
2.67205190659	-1
2.67285490036	-1
2.67285490036	-1
2.67285490036	-1
2.67311906815	-1
2.67311906815	-1
2.67356991768	-1
2.67356991768	-1
2.67459607124	-1
2.67459607124	-1
2.67459607124	-1
2.67462897301	-1
2.67462897301	-1
2.67462897301	-1
2.67462897301	-1
2.67462897301	-1
2.67530798912	1
2.67563891411	-1
2.72674393654	-1
2.72674393654	-1
2.73538708687	-1
2.73538708687	-1
2.73538708687	-1
2.73544502258	-1
2.73544502258	-1
2.73562598228	-1
2.73562598228	-1
2.73562598228	-1
2.73562598228	-1
2.7383749485	1
2.7383749485	1
2.80100893974	1
2.80100893974	1
2.8015871048	1
2.83341193199	-1
2.83341193199	-1
2.83410906792	-1
2.83598399162	-1
2.83598399162	-1
2.83598399162	-1
2.83615088463	-1
2.83615088463	-1
2.84057688713	-1
2.84057688713	-1
2.84057688713	-1
2.84057688713	-1
2.84124588966	-1
2.84124588966	-1
2.84248209	-1
2.84248209	-1
2.84248209	-1
2.84644794464	-1
2.84644794464	-1
2.84677290916	-1
2.84677290916	-1
2.84677290916	-1
2.84677290916	-1
2.84677290916	-1
2.84677290916	-1
2.84677290916	-1
2.86459302902	-1
2.8646979332	-1
2.8646979332	-1
2.8646979332	-1
2.86482000351	-1
2.86482000351	-1
2.8649430275	-1
2.8649430275	-1
2.8649430275	-1
2.89726305008	1
2.89964199066	-1
2.89964199066	-1
2.89964199066	-1
2.89975595474	-1
2.89975595474	-1
2.89987897873	-1
2.89987897873	-1
2.89987897873	-1
2.89987897873	-1
2.90000104904	-1
2.90000104904	-1
2.90000104904	-1
2.90006899834	-1
2.90024805069	-1
2.90024805069	-1
2.90024805069	-1
2.90973210335	-1
2.90973210335	-1
2.90973210335	-1
2.90973210335	-1
2.98348999023	-1
2.98435688019	-1
2.98435688019	-1
2.98435688019	-1
2.98844504356	-1
2.98844504356	-1
2.98869490623	-1
2.98869490623	-1
2.98869490623	-1
2.98869490623	-1
2.98892903328	-1
2.98909497261	1
2.99015307426	-1
2.99015307426	-1
2.99015307426	-1
2.99015307426	-1
2.99015307426	-1
2.99015307426	-1
2.9903049469	-1
2.9903049469	-1
2.9903049469	-1
2.99144005775	-1
2.99144005775	-1
2.99144005775	-1
2.99144005775	-1
2.99144005775	-1
2.99289989471	-1
2.99289989471	-1
2.99793291092	-1
2.99793291092	-1
2.99793291092	-1
2.99805188179	-1
2.99805188179	-1
2.99805188179	-1
2.99805188179	-1
2.99805188179	-1
2.99805188179	-1
3.03443408012	-1
3.03443408012	-1
3.03443408012	-1
3.03443408012	-1
3.03443408012	-1
3.03443408012	-1
3.03443408012	-1
3.03443408012	-1
3.04770588875	-1
3.04770588875	-1
3.04770588875	-1
3.04770588875	-1
3.04770588875	-1
3.04770588875	-1
3.04770588875	-1
3.04770588875	-1
3.04770588875	-1
3.04806399345	-1
3.04818606377	-1
3.04818606377	-1
3.04818606377	-1
3.04818606377	-1
3.04818606377	-1
3.04818606377	-1
3.04818606377	-1
3.04818606377	-1
3.05365896225	1
3.05365896225	1
3.05368709564	-1
3.05368709564	-1
3.05385708809	-1
3.05399990082	-1
3.05399990082	-1
3.05399990082	-1
3.05399990082	-1
3.05399990082	-1
3.14099693298	-1
3.14099693298	-1
3.14099693298	-1
3.16298699379	-1
3.16298699379	-1
3.16298699379	-1
3.16298699379	-1
3.16298699379	-1
3.16298699379	-1
3.16298699379	-1
3.16482305527	-1
3.16522407532	-1
3.16522407532	-1
3.16522407532	-1
3.16522407532	-1
3.16522407532	-1
3.16522407532	-1
3.16522407532	-1
3.16697001457	-1
3.16697001457	-1
3.16697001457	-1
3.16697001457	-1
3.16697001457	-1
3.16697001457	-1
3.16697001457	-1
3.16697001457	-1
3.20438790321	-1
3.32546401024	-1
3.32546401024	-1
3.32546401024	-1
3.32546401024	-1
3.32546401024	-1
3.32546401024	-1
3.32546401024	-1
3.32546401024	-1
3.3269879818	-1
3.32726788521	-1
3.32726788521	-1
3.32726788521	-1
3.32726788521	-1
3.32726788521	-1
3.32726788521	-1
3.32726788521	-1
3.32800793648	1
3.32889294624	-1
3.32889294624	-1
3.32889294624	-1
3.32889294624	-1
3.32889294624	-1
3.32889294624	-1
3.32889294624	-1
3.32889294624	-1
3.33020591736	-1
3.33020591736	-1
3.33020591736	-1
3.33020591736	-1
3.33020591736	-1
3.33020591736	-1
3.33020591736	-1
3.33020591736	-1
3.3308930397	-1
3.3308930397	-1
3.3308930397	-1
3.3308930397	-1
3.3308930397	-1
3.3308930397	-1
3.3308930397	-1
3.3308930397	-1
3.332654953	-1
3.332654953	-1
3.332654953	-1
3.332654953	-1
3.332654953	-1
3.332654953	-1
3.332654953	-1
3.332654953	-1
3.38895893097	-1
3.38895893097	-1
3.38895893097	-1
3.38895893097	-1
3.38895893097	-1
3.38895893097	-1
3.38895893097	-1
3.38895893097	-1
3.38931393623	-1
3.38931393623	-1
3.38931393623	-1
3.38931393623	-1
3.38931393623	-1
3.38931393623	-1
3.38931393623	-1
3.38931393623	-1
3.38968300819	-1
3.38968300819	-1
3.38968300819	-1
3.38968300819	-1
3.38968300819	-1
3.38968300819	-1
3.38968300819	-1
3.38968300819	-1
3.39232993126	-1
3.39232993126	-1
3.39232993126	-1
3.39232993126	-1
3.39232993126	-1
3.39232993126	-1
3.39232993126	-1
3.39232993126	-1
3.39232993126	-1
3.3923459053	1
3.3923459053	1
3.39269399643	-1
3.39269399643	-1
3.39269399643	-1
3.39269399643	-1
3.39269399643	-1
3.39269399643	-1
3.39269399643	-1
3.39269399643	-1
3.39306306839	-1
3.39306306839	-1
3.39306306839	-1
3.39306306839	-1
3.39306306839	-1
3.39306306839	-1
3.39306306839	-1
3.39306306839	-1
3.39331197739	-1
3.47850394249	-1
3.47850394249	-1
3.47850394249	-1
3.47850394249	-1
3.47850394249	-1
3.47850394249	-1
3.47850394249	-1
3.47850394249	-1
3.48066091537	-1
3.48110508919	-1
3.48110508919	-1
3.48110508919	-1
3.48110508919	-1
3.48110508919	-1
3.48110508919	-1
3.48196101189	1
3.4823539257	-1
3.4823539257	-1
3.4823539257	-1
3.4823539257	-1
3.4823539257	-1
3.4823539257	-1
3.4823539257	-1
3.4823539257	-1
3.48444390297	-1
3.48444390297	-1
3.48444390297	-1
3.48444390297	-1
3.48444390297	-1
3.48444390297	-1
3.48444390297	-1
3.48444390297	-1
3.48744010925	-1
3.48744010925	-1
3.48744010925	-1
3.48744010925	-1
3.48744010925	-1
3.48744010925	-1
3.48744010925	-1
3.48744010925	-1
3.48744010925	-1
3.48780107498	-1
3.48780107498	-1
3.48780107498	-1
3.48780107498	-1
3.48780107498	-1
3.48780107498	-1
3.48780107498	-1
3.48958587646	-1
3.48958587646	-1
3.48958587646	-1
3.48958587646	-1
3.48958587646	-1
3.48958587646	-1
3.48958587646	-1
3.48958587646	-1
3.49094009399	1
3.49094009399	1
3.49132394791	-1
3.49132394791	-1
3.49132394791	-1
3.49132394791	-1
3.49132394791	-1
3.49132394791	-1
3.49132394791	-1
3.49132394791	-1
3.54205989838	-1
3.54218006134	-1
3.54218006134	-1
3.54218006134	-1
3.54218006134	-1
3.54218006134	-1
3.54218006134	-1
3.54218006134	-1
3.54218006134	-1
3.54241991043	-1
3.55428409576	1
3.55428409576	1
3.63231897354	-1
3.63231897354	-1
3.63231897354	-1
3.63231897354	-1
3.63231897354	-1
3.63231897354	-1
3.63231897354	-1
3.63231897354	-1
3.63236498833	1
3.63236498833	1
3.63284301758	-1
3.63284301758	-1
3.63284301758	-1
3.63299489021	-1
3.69576096535	-1
3.69576096535	-1
3.89604401588	-1
3.98239803314	-1
4.08532500267	-1
4.08532500267	-1
4.1044728756	1
4.20716691017	1
4.25103807449	-1
4.38918709755	-1
4.40802693367	-1
4.40802693367	-1
4.4712100029	-1
4.47207307816	1
4.53525996208	1
4.6629049778	-1
4.66504406929	-1
4.66504406929	-1
4.66504406929	-1
4.66654896736	-1
4.66654896736	-1
4.72823405266	-1
4.72870993614	1
4.82193899155	-1
4.82193899155	-1
4.82314896584	-1
4.82314896584	-1
4.82314896584	-1
4.82314896584	-1
4.82431507111	-1
4.82431507111	-1
4.82431507111	-1
4.82436490059	-1
4.82436490059	-1
4.82436490059	-1
4.82436490059	-1
4.82436490059	-1
4.82436490059	-1
4.82540607452	-1
4.82540607452	-1
4.82540607452	-1
4.82552790642	-1
4.86282992363	-1
4.86282992363	-1
4.86282992363	-1
4.86282992363	-1
4.86282992363	-1
4.86282992363	-1
4.86282992363	-1
4.86282992363	-1
4.88639307022	-1
5.02252602577	-1
5.09817290306	-1
5.09817290306	-1
5.10004210472	-1
5.10004210472	-1
5.10004210472	-1
5.10020899773	-1
5.10020899773	-1
5.10020899773	-1
5.10020899773	-1
5.10020899773	-1
5.10096907616	1
5.1025788784	-1
5.1025788784	-1
5.1025788784	-1
5.1025788784	-1
5.1025788784	-1
5.1025788784	-1
5.10307407379	-1
5.10307407379	-1
5.12918400764	-1
5.12918400764	-1
5.16416192055	-1
5.16416192055	-1
5.19233894348	-1
5.19237399101	1
5.19237399101	1
5.23258590698	-1
5.23258590698	-1
5.23730897903	-1
5.23730897903	-1
5.23730897903	-1
5.23730897903	-1
5.23730897903	-1
5.23730897903	-1
5.23772311211	-1
5.23772311211	-1
5.23831701279	-1
5.23831701279	-1
5.23831701279	-1
5.23846101761	-1
5.23846101761	-1
5.23846101761	-1
5.23846101761	-1
5.23846101761	-1
5.23846101761	-1
5.24818396568	-1
5.24818396568	-1
5.24855494499	-1
5.24855494499	-1
5.24855494499	-1
5.24855494499	-1
5.24855494499	-1
5.25566792488	-1
5.25570392609	1
5.30978894234	-1
5.30978894234	-1
5.30978894234	-1
5.30978894234	-1
5.30978894234	-1
5.31199502945	-1
5.31199502945	-1
5.31199502945	-1
5.31382989883	-1
5.31382989883	-1
5.3138730526	-1
5.3138730526	-1
5.3138730526	-1
5.31719899178	-1
5.31719899178	-1
5.31719899178	-1
5.3190510273	-1
5.3190510273	-1
5.32755804062	-1
5.32755804062	-1
5.39073395729	-1
5.39487195015	-1
5.39487195015	-1
5.39598798752	-1
5.39598798752	-1
5.39598798752	-1
5.39598798752	-1
5.39909100533	-1
5.39913797379	-1
5.39913797379	-1
5.39913797379	-1
5.39913797379	-1
5.39913797379	-1
5.40154790878	-1
5.40204191208	-1
5.40204191208	-1
5.40204191208	-1
5.4036860466	-1
5.4036860466	-1
5.41148710251	-1
5.41148710251	-1
5.41148710251	-1
5.41148710251	-1
5.41148710251	-1
5.41148710251	-1
5.41246891022	-1
5.41246891022	-1
5.41246891022	-1
5.41246891022	-1
5.41332101822	1
5.41584205627	-1
5.41641497612	-1
5.41641497612	-1
5.41641497612	-1
5.45815110207	-1
5.47486209869	-1
5.47486209869	-1
5.47523403168	-1
5.47523403168	-1
5.47523403168	-1
5.47991108894	-1
5.47991108894	-1
5.47991108894	-1
5.47991108894	-1
5.47991108894	-1
5.47991108894	-1
5.47991108894	-1
5.47993707657	1
5.48025107384	-1
5.4803750515	-1
5.4803750515	-1
5.4803750515	-1
5.53803801537	-1
5.58099389076	1
5.58099389076	1
5.71886205673	-1
6.22270202637	-1
6.37580490112	-1
6.43903803825	-1
6.47530293465	1
6.53836798668	1
7.47295093536	-1
7.47383093834	1
7.90846395493	-1
8.44138503075	-1
8.50466394424	-1
9.00124192238	1
10.0012490749	1
