0.0	1
0.0	1
0.0630679130554	1
0.350895881653	-1
0.350895881653	-1
0.41125702858	-1
0.41125702858	-1
0.41125702858	-1
0.41125702858	-1
0.41125702858	-1
0.41125702858	-1
0.414041042328	-1
0.43342590332	-1
0.43342590332	-1
0.43342590332	-1
0.43342590332	-1
0.43342590332	-1
0.43342590332	-1
0.442752838135	1
0.47726893425	-1
0.47726893425	-1
0.505882978439	1
0.506484985352	-1
0.506484985352	-1
0.506484985352	-1
0.569069862366	-1
0.643137931824	-1
0.64408993721	1
0.64408993721	1
0.64408993721	1
0.64408993721	1
0.707365036011	1
0.734434843063	-1
0.734972953796	-1
0.734972953796	-1
0.735196828842	-1
0.735196828842	-1
0.735196828842	-1
0.735196828842	-1
0.735196828842	-1
0.735196828842	-1
0.735196828842	-1
0.756697893143	-1
0.75762295723	-1
0.75762295723	-1
0.75762295723	-1
0.75762295723	-1
0.770395994186	-1
0.770395994186	-1
0.798205852509	-1
0.798205852509	-1
0.798205852509	-1
0.798205852509	-1
0.798205852509	-1
0.798239946365	1
0.798267841339	-1
0.809079885483	-1
0.809079885483	-1
0.809079885483	-1
0.809079885483	-1
0.809079885483	-1
0.809079885483	-1
0.809079885483	-1
0.809471845627	-1
0.820915937424	-1
0.820915937424	-1
0.820915937424	-1
0.820915937424	-1
0.820915937424	-1
0.820915937424	-1
0.820915937424	-1
0.820915937424	-1
0.821174860001	-1
0.821174860001	-1
0.821174860001	-1
0.821174860001	-1
0.821174860001	-1
0.821391820908	-1
0.844671964645	-1
0.844671964645	-1
0.844671964645	-1
0.844671964645	-1
0.844671964645	-1
0.844671964645	-1
0.844671964645	-1
0.844671964645	-1
0.861773967743	-1
0.861773967743	-1
0.861979007721	-1
0.861979007721	-1
0.861979007721	-1
0.861979007721	-1
0.861979007721	-1
0.862102031708	-1
0.862224817276	-1
0.862224817276	-1
0.862224817276	-1
0.862224817276	-1
0.862224817276	-1
0.862224817276	-1
0.862224817276	-1
0.862753868103	1
0.884326934814	-1
0.884326934814	-1
0.884326934814	-1
0.91856098175	-1
0.91856098175	-1
0.91856098175	-1
0.935616970062	-1
0.935616970062	-1
0.935865879059	-1
0.935865879059	-1
0.935988903046	-1
0.935988903046	-1
0.935988903046	-1
0.935988903046	-1
0.935988903046	-1
0.935988903046	-1
0.947402954102	-1
0.959005832672	-1
0.959005832672	-1
0.964287042618	-1
0.964287042618	-1
0.964287042618	-1
0.964287042618	-1
0.964287042618	-1
0.994472980499	-1
0.994472980499	-1
0.994472980499	-1
0.994472980499	-1
0.994472980499	-1
0.994472980499	-1
0.994472980499	-1
1.02232384682	-1
1.02232384682	-1
1.0233528614	1
1.06697797775	-1
1.06697797775	-1
1.06697797775	-1
1.06697797775	-1
1.06697797775	-1
1.06697797775	-1
1.06697797775	-1
1.06697797775	-1
1.08649086952	-1
1.08653283119	1
1.11261081696	1
1.11261081696	1
1.11444401741	1
1.11444401741	1
1.11444401741	1
1.11444401741	1
1.11444401741	1
1.11645698547	1
1.11645698547	1
1.11645698547	1
1.11645698547	1
1.17582201958	1
1.31432700157	-1
1.33871793747	-1
1.33871793747	-1
1.37387895584	-1
1.37387895584	-1
1.37387895584	-1
1.37387895584	-1
1.37387895584	-1
1.37387895584	-1
1.37387895584	-1
1.37387895584	-1
1.37435102463	-1
1.37435102463	-1
1.37435102463	-1
1.37435102463	-1
1.37435102463	-1
1.37435102463	-1
1.37435102463	-1
1.40215992928	-1
1.42183995247	-1
1.42183995247	-1
1.42249488831	-1
1.42249488831	-1
1.42249488831	-1
1.42249488831	-1
1.42249488831	-1
1.42249488831	-1
1.42249488831	-1
1.42249488831	-1
1.42285704613	-1
1.42285704613	-1
1.42285704613	-1
1.42285704613	-1
1.42285704613	-1
1.42285704613	-1
1.42285704613	-1
1.43403601646	-1
1.43403601646	-1
1.4350669384	1
1.4527900219	-1
1.4527900219	-1
1.4527900219	-1
1.4527900219	-1
1.4527900219	-1
1.4527900219	-1
1.4527900219	-1
1.45305490494	-1
1.45317792892	-1
1.45317792892	-1
1.45317792892	-1
1.45317792892	-1
1.45317792892	-1
1.45317792892	-1
1.46540188789	-1
1.46540188789	-1
1.46540188789	-1
1.46545290947	-1
1.46545290947	-1
1.46545290947	-1
1.46562886238	-1
1.46567201614	-1
1.46567201614	-1
1.46567201614	-1
1.46567201614	-1
1.46567201614	-1
1.46567201614	-1
1.46567201614	-1
1.46567201614	-1
1.46599793434	-1
1.46599793434	-1
1.46610093117	-1
1.49380397797	-1
1.49380397797	-1
1.49390983582	-1
1.49390983582	-1
1.49390983582	-1
1.49390983582	-1
1.49390983582	-1
1.49390983582	-1
1.49839782715	-1
1.49839782715	-1
1.49839782715	-1
1.49839782715	-1
1.49842786789	1
1.49842786789	1
1.49845194817	-1
1.49845194817	-1
1.49845194817	-1
1.49845194817	-1
1.49845194817	-1
1.49845194817	-1
1.49845194817	-1
1.49888491631	-1
1.49888491631	-1
1.49888491631	-1
1.49888491631	-1
1.49900794029	-1
1.51614785194	-1
1.51614785194	-1
1.51614785194	-1
1.51625204086	-1
1.51625204086	-1
1.51625204086	-1
1.51625204086	-1
1.51625204086	-1
1.51625204086	-1
1.51625204086	-1
1.52865099907	-1
1.5286989212	-1
1.5286989212	-1
1.5286989212	-1
1.5286989212	-1
1.5286989212	-1
1.5286989212	-1
1.5286989212	-1
1.52900791168	-1
1.52900791168	-1
1.52900791168	-1
1.52900791168	-1
1.52900791168	-1
1.52925801277	-1
1.52925801277	-1
1.52925801277	-1
1.52925801277	-1
1.52925801277	-1
1.52925801277	-1
1.52925801277	-1
1.52925801277	-1
1.52962398529	-1
1.52962398529	-1
1.52962398529	-1
1.52962398529	-1
1.52962398529	-1
1.52962398529	-1
1.52962398529	-1
1.53001403809	-1
1.53001403809	-1
1.53001403809	-1
1.53001403809	-1
1.53001403809	-1
1.53001403809	-1
1.53014183044	-1
1.53014183044	-1
1.53256797791	1
1.53256797791	1
1.56478500366	-1
1.56478500366	-1
1.56478500366	-1
1.56478500366	-1
1.56478500366	-1
1.56478500366	-1
1.56481981277	1
1.56837391853	-1
1.56837391853	-1
1.56837391853	-1
1.56837391853	-1
1.56837391853	-1
1.56837391853	-1
1.56837391853	-1
1.56837391853	-1
1.56871700287	-1
1.56871700287	-1
1.56871700287	-1
1.56871700287	-1
1.56871700287	-1
1.56871700287	-1
1.56871700287	-1
1.57949781418	-1
1.57961082458	-1
1.57961082458	-1
1.57961082458	-1
1.57961082458	-1
1.57964992523	-1
1.57985687256	-1
1.57985687256	-1
1.57985687256	-1
1.57985687256	-1
1.57985687256	-1
1.57985687256	-1
1.57985687256	-1
1.58010387421	-1
1.58022594452	-1
1.58022594452	-1
1.58022594452	-1
1.58022594452	-1
1.58022594452	-1
1.58022594452	-1
1.5920419693	-1
1.5920419693	-1
1.5920419693	-1
1.5920419693	-1
1.5920419693	-1
1.5920419693	-1
1.5920419693	-1
1.5920419693	-1
1.5923910141	-1
1.5923910141	-1
1.5923910141	-1
1.5923910141	-1
1.5923910141	-1
1.5923910141	-1
1.5923910141	-1
1.59263586998	-1
1.59331202507	-1
1.60277986526	-1
1.60277986526	-1
1.60277986526	-1
1.60277986526	-1
1.60277986526	-1
1.60277986526	-1
1.60277986526	-1
1.60314583778	-1
1.60330104828	-1
1.60330104828	-1
1.60330104828	-1
1.60330104828	-1
1.60330104828	-1
1.60330104828	-1
1.60330104828	-1
1.62836194038	-1
1.62836194038	-1
1.62836194038	-1
1.62836194038	-1
1.62836194038	-1
1.62836194038	-1
1.62836194038	-1
1.62840199471	1
1.62840199471	1
1.62872195244	-1
1.62872195244	-1
1.62872195244	-1
1.62872195244	-1
1.62872195244	-1
1.62872195244	-1
1.62872195244	-1
1.62896585464	-1
1.62896585464	-1
1.62896585464	-1
1.62896585464	-1
1.62896585464	-1
1.62896585464	-1
1.62896585464	-1
1.63774991035	-1
1.63774991035	-1
1.63785481453	-1
1.63785481453	-1
1.63785481453	-1
1.63785481453	-1
1.63785481453	-1
1.63785481453	-1
1.64353489876	-1
1.64353489876	-1
1.64353489876	-1
1.64353489876	-1
1.64353489876	-1
1.64353489876	-1
1.64353489876	-1
1.64353489876	-1
1.64389586449	-1
1.64389586449	-1
1.64389586449	-1
1.64389586449	-1
1.64389586449	-1
1.64389586449	-1
1.64389586449	-1
1.64389586449	-1
1.64426398277	-1
1.64426398277	-1
1.64426398277	-1
1.65529203415	-1
1.65529203415	-1
1.65529203415	-1
1.65529203415	-1
1.65529203415	-1
1.65529203415	-1
1.65529203415	-1
1.65529203415	-1
1.6556289196	-1
1.6556289196	-1
1.6556289196	-1
1.6556289196	-1
1.6556289196	-1
1.6556289196	-1
1.6556289196	-1
1.6556289196	-1
1.65599703789	-1
1.65599703789	-1
1.65599703789	-1
1.65608382225	-1
1.65608382225	-1
1.65608382225	-1
1.65608382225	-1
1.65608382225	-1
1.65608382225	-1
1.65608382225	-1
1.65636491776	-1
1.65636491776	-1
1.65636491776	-1
1.65636491776	-1
1.65636491776	-1
1.65636491776	-1
1.65636491776	-1
1.65673494339	-1
1.65673494339	-1
1.65683984756	-1
1.65683984756	-1
1.65683984756	-1
1.65683984756	-1
1.65683984756	-1
1.66061997414	1
1.66061997414	1
1.66620802879	-1
1.66631889343	-1
1.66631889343	-1
1.66631889343	-1
1.66631889343	-1
1.66631889343	-1
1.66631889343	-1
1.66631889343	-1
1.66631889343	-1
1.66668701172	-1
1.66668701172	-1
1.66668701172	-1
1.66668701172	-1
1.66668701172	-1
1.66681194305	-1
1.66693282127	-1
1.66693282127	-1
1.66693282127	-1
1.66693282127	-1
1.66693282127	-1
1.66693282127	-1
1.66693282127	-1
1.66717886925	-1
1.6673078537	-1
1.6673078537	-1
1.6673078537	-1
1.6673078537	-1
1.67628097534	1
1.67628097534	1
1.67628097534	1
1.69177293777	-1
1.69177293777	-1
1.69177293777	-1
1.69177293777	-1
1.69177293777	-1
1.69177293777	-1
1.69177293777	-1
1.69177293777	-1
1.69181394577	1
1.69212198257	-1
1.69212198257	-1
1.69212198257	-1
1.69212198257	-1
1.69212198257	-1
1.69212198257	-1
1.69212198257	-1
1.7309179306	-1
1.73148298264	1
1.73148298264	1
1.75506186485	1
1.79477882385	-1
1.91025590897	-1
2.01023387909	-1
2.08840084076	-1
2.08840084076	-1
2.1259829998	-1
2.1259829998	-1
2.1259829998	-1
2.1260869503	-1
2.1260869503	-1
2.1260869503	-1
2.12790989876	1
2.14657998085	-1
2.14657998085	-1
2.16314792633	-1
2.16314792633	-1
2.16314792633	-1
2.16314792633	-1
2.16314792633	-1
2.16314792633	-1
2.19091081619	1
2.20980381966	-1
2.20980381966	-1
2.22640490532	-1
2.23699593544	-1
2.23699593544	-1
2.28949999809	-1
2.4317908287	-1
2.50243997574	-1
2.60229301453	-1
2.60229301453	-1
2.6310198307	1
2.66321086884	1
2.66321086884	1
2.72641992569	1
2.92288589478	-1
2.95452594757	-1
2.95452594757	-1
2.95452594757	-1
2.95452594757	-1
2.95452594757	-1
2.95452594757	-1
2.95452594757	-1
2.95452594757	-1
2.95534992218	-1
2.95534992218	-1
2.95555281639	-1
2.95555281639	-1
2.95555281639	-1
2.95555281639	-1
2.95555281639	-1
2.95588493347	-1
2.95588493347	-1
2.95588493347	-1
2.95629286766	1
2.9599468708	-1
2.96055197716	-1
2.96055197716	-1
2.96055197716	-1
2.96055197716	-1
2.96055197716	-1
2.96055197716	-1
2.96079301834	-1
2.96079301834	-1
2.96079301834	-1
2.96079301834	-1
2.96079301834	-1
2.98622989655	-1
2.98622989655	-1
2.98647689819	-1
2.98647689819	-1
2.98647689819	-1
2.98647689819	-1
2.98674201965	-1
2.98674201965	-1
2.98674201965	-1
2.98674201965	-1
2.98674201965	-1
2.98705387115	-1
2.98705387115	-1
2.98705387115	-1
2.98705387115	-1
2.98705387115	-1
2.98705387115	-1
2.98724484444	-1
2.98724484444	-1
2.98724484444	-1
2.99854183197	-1
2.99854183197	-1
2.99854183197	-1
2.99854183197	-1
2.99854183197	-1
2.99854183197	-1
2.99876189232	-1
2.99888586998	-1
2.99888586998	-1
3.01787400246	-1
3.01787400246	-1
3.01787400246	-1
3.01787400246	-1
3.01787400246	-1
3.01787400246	-1
3.01792693138	-1
3.01933598518	1
3.0289068222	-1
3.0289068222	-1
3.02907204628	-1
3.02907204628	-1
3.02907204628	-1
3.02907204628	-1
3.02907204628	-1
3.02907204628	-1
3.02907204628	-1
3.02907204628	-1
3.02934789658	-1
3.02934789658	-1
3.02934789658	-1
3.02956104279	-1
3.02956104279	-1
3.02956104279	-1
3.02956104279	-1
3.02956104279	-1
3.02956104279	-1
3.02956104279	-1
3.02971386909	1
3.02971386909	1
3.04971289635	-1
3.04981589317	-1
3.04981589317	-1
3.04981589317	-1
3.04993891716	-1
3.04993891716	-1
3.04993891716	-1
3.04993891716	-1
3.04993891716	-1
3.04993891716	-1
3.050096035	-1
3.050096035	-1
3.05030798912	-1
3.05030798912	-1
3.05030798912	-1
3.05030798912	-1
3.05030798912	-1
3.05030798912	-1
3.05030798912	-1
3.05030798912	-1
3.05067586899	-1
3.05067586899	-1
3.05067586899	-1
3.05067586899	-1
3.05067586899	-1
3.05079889297	-1
3.05079889297	-1
3.05086398125	-1
3.05086398125	-1
3.05086398125	-1
3.05086398125	-1
3.05086398125	-1
3.05086398125	-1
3.06180787086	-1
3.0619199276	-1
3.0619199276	-1
3.0619199276	-1
3.0619199276	-1
3.0619199276	-1
3.0619199276	-1
3.0619199276	-1
3.0619199276	-1
3.07247304916	-1
3.07247304916	-1
3.07247304916	-1
3.07247304916	-1
3.07247304916	-1
3.07247304916	-1
3.07247304916	-1
3.07247304916	-1
3.07247304916	-1
3.07281398773	-1
3.07281398773	-1
3.07281398773	-1
3.07281398773	-1
3.07281398773	-1
3.07281398773	-1
3.07306098938	-1
3.07306098938	-1
3.07306098938	-1
3.07306098938	-1
3.07306098938	-1
3.07306098938	-1
3.07306098938	-1
3.07342886925	-1
3.07342886925	-1
3.07342886925	-1
3.08252382278	-1
3.08252382278	-1
3.08254289627	1
3.08254289627	1
3.08254289627	1
3.2556810379	-1
3.29015183449	1
3.35367488861	1
3.5671889782	-1
3.56804895401	1
3.7669839859	-1
3.86633682251	-1
