0.0	1
0.111701011658	1
0.261915922165	-1
0.414431095123	-1
0.415255069733	-1
0.415255069733	-1
0.415255069733	-1
0.415290117264	-1
0.415290117264	-1
0.415290117264	-1
0.415647029877	-1
0.415647029877	-1
0.416654109955	1
0.41691493988	-1
0.41691493988	-1
0.41691493988	-1
0.44690990448	-1
0.44690990448	-1
0.449340105057	-1
0.449340105057	-1
0.449340105057	-1
0.526288032532	-1
0.568059921265	1
0.568059921265	1
0.725522994995	-1
0.837274074554	-1
0.83832192421	1
0.838463068008	1
0.838463068008	1
0.838463068008	1
0.838463068008	1
0.936474084854	-1
0.936474084854	-1
0.936474084854	-1
1.06100392342	-1
1.06100392342	-1
1.09465003014	-1
1.09465003014	-1
1.09465003014	-1
1.0948779583	-1
1.0948779583	-1
1.0948779583	-1
1.12369012833	-1
1.12369012833	-1
1.12594199181	-1
1.12594199181	-1
1.12594199181	-1
1.21210694313	-1
1.21210694313	-1
1.21210694313	-1
1.21232509613	-1
1.21232509613	-1
1.21232509613	-1
1.21236491203	-1
1.21236491203	-1
1.21271395683	-1
1.21271395683	-1
1.21271395683	-1
1.21274399757	-1
1.21274399757	-1
1.21378111839	-1
1.21378111839	-1
1.21378111839	-1
1.24197411537	-1
1.24197411537	-1
1.24224305153	-1
1.24224305153	-1
1.24224305153	-1
1.24227690697	-1
1.24227690697	-1
1.24227690697	-1
1.24417591095	-1
1.24417591095	-1
1.24417591095	-1
1.2467250824	-1
1.2467250824	-1
1.31835794449	-1
1.32065296173	-1
1.32065296173	-1
1.32065296173	-1
1.32090091705	-1
1.32090091705	-1
1.32090091705	-1
1.32114696503	-1
1.32114696503	-1
1.32186508179	1
1.32433891296	-1
1.32433891296	-1
1.32433891296	-1
1.32444405556	-1
1.32444405556	-1
1.32447910309	-1
1.32447910309	-1
1.32447910309	-1
1.32468891144	-1
1.32468891144	-1
1.32489490509	-1
1.32489490509	-1
1.32489490509	-1
1.35280489922	-1
1.35280489922	-1
1.35313510895	-1
1.35313510895	-1
1.35313510895	-1
1.35313510895	-1
1.35335898399	-1
1.35335898399	-1
1.35984706879	-1
1.35984706879	-1
1.35984706879	-1
1.35984706879	-1
1.42593693733	-1
1.42666292191	-1
1.42666292191	-1
1.42671513557	-1
1.42671513557	-1
1.42671513557	-1
1.42706298828	-1
1.42706298828	-1
1.42724704742	-1
1.42724704742	-1
1.42724704742	-1
1.42755699158	-1
1.42755699158	-1
1.42755699158	-1
1.42758703232	-1
1.42758703232	-1
1.43065595627	-1
1.43065595627	-1
1.43065595627	-1
1.43070197105	-1
1.43070197105	-1
1.43286013603	-1
1.43286013603	-1
1.43286013603	-1
1.46018910408	-1
1.46018910408	-1
1.46018910408	-1
1.46018910408	-1
1.46022605896	1
1.46022605896	1
1.46194601059	-1
1.46194601059	-1
1.46194601059	-1
1.55650997162	1
1.55650997162	1
1.55650997162	1
1.57789492607	1
1.57789492607	1
1.57813596725	1
1.57813596725	1
1.57813596725	1
1.57961297035	1
1.57961297035	1
1.57961297035	1
1.57961297035	1
1.76491594315	-1
1.83698105812	-1
1.83698105812	-1
1.83698105812	-1
1.83720898628	-1
1.83720898628	-1
1.83720898628	-1
1.83733201027	-1
1.83733201027	-1
1.83774399757	-1
1.83774399757	-1
1.83774399757	-1
1.83924603462	-1
1.83924603462	-1
1.83924603462	-1
1.83924603462	-1
1.83924603462	-1
1.84750199318	-1
1.84750199318	-1
1.84750199318	-1
1.84750199318	-1
1.84750199318	-1
1.86874198914	-1
1.86874198914	-1
1.86874198914	-1
1.86874198914	-1
1.91481900215	-1
1.91504812241	-1
1.91504812241	-1
1.91504812241	-1
1.91558098793	-1
1.93596696854	-1
1.93596696854	-1
1.93596696854	-1
1.93873000145	1
1.95235896111	-1
1.95235896111	-1
1.95401501656	-1
1.95401501656	-1
1.95401501656	-1
1.95401501656	-1
1.95406293869	-1
1.95406293869	-1
1.95429301262	1
1.95429301262	1
1.95429301262	1
1.95432400703	-1
1.95432400703	-1
1.95469498634	-1
1.95469498634	-1
1.95469498634	-1
1.95472502708	-1
1.95472502708	-1
1.95508313179	-1
1.95508313179	-1
1.95508313179	-1
1.95508313179	-1
1.95508313179	-1
1.96128892899	-1
1.96128892899	-1
1.96128892899	-1
1.96565890312	-1
1.96565890312	-1
1.9657740593	-1
1.9657740593	-1
1.9657740593	-1
1.9657740593	-1
1.96764206886	-1
1.96764206886	-1
1.98832297325	1
1.98832297325	1
2.02572703362	-1
2.02572703362	-1
2.02607893944	-1
2.02607893944	-1
2.02607893944	-1
2.02607893944	-1
2.0264480114	-1
2.02748203278	-1
2.02748203278	-1
2.02748203278	-1
2.05710911751	-1
2.05710911751	-1
2.05710911751	-1
2.05710911751	-1
2.05710911751	-1
2.05811595917	-1
2.05833792686	-1
2.05833792686	-1
2.05837607384	-1
2.05837607384	-1
2.05837607384	-1
2.05864405632	-1
2.05864405632	-1
2.06034612656	-1
2.06034612656	-1
2.06034612656	-1
2.06108307838	-1
2.06108307838	-1
2.06126689911	-1
2.06126689911	-1
2.06126689911	-1
2.06641411781	-1
2.06641411781	-1
2.06641411781	-1
2.06646299362	-1
2.06646299362	-1
2.06646299362	-1
2.10126304626	-1
2.10126304626	-1
2.10144400597	-1
2.10144400597	-1
2.10156702995	-1
2.10156702995	-1
2.10156702995	-1
2.10156702995	-1
2.10156702995	-1
2.10339713097	-1
2.10371994972	-1
2.10371994972	-1
2.13215303421	-1
2.13215303421	-1
2.13215303421	-1
2.13232707977	-1
2.13232707977	-1
2.13232707977	-1
2.13290190697	-1
2.13290190697	-1
2.13290190697	-1
2.13290190697	-1
2.13290190697	-1
2.13290190697	-1
2.13312506676	-1
2.13357591629	-1
2.13357591629	-1
2.13357591629	-1
2.13357591629	-1
2.13357591629	-1
2.13461613655	-1
2.13472509384	-1
2.13472509384	-1
2.16884803772	1
2.16884803772	1
2.17512512207	-1
2.17512512207	-1
2.17512512207	-1
2.17525410652	-1
2.17525410652	-1
2.17525410652	-1
2.17529201508	-1
2.17529201508	-1
2.17549395561	-1
2.17549395561	-1
2.17549395561	-1
2.17561912537	-1
2.17561912537	-1
2.17561912537	-1
2.17574095726	-1
2.17574095726	-1
2.17588496208	-1
2.17588496208	-1
2.17588496208	-1
2.17617201805	-1
2.17617201805	-1
2.17633605003	-1
2.17633605003	-1
2.17633605003	-1
2.17645907402	-1
2.17645907402	-1
2.1780629158	1
2.1780629158	1
2.1780629158	1
2.21296191216	-1
2.21296191216	-1
2.21296191216	-1
2.21296191216	-1
2.21296191216	-1
2.21296191216	-1
2.21321702003	-1
2.21321702003	-1
2.21346306801	-1
2.21346306801	-1
2.21346306801	-1
2.2135848999	-1
2.2135848999	-1
2.2135848999	-1
2.21370792389	-1
2.21370792389	-1
2.21387290955	-1
2.21387290955	-1
2.21387290955	-1
2.21387290955	-1
2.21399402618	-1
2.21422100067	-1
2.21422100067	-1
2.21422100067	-1
2.21422100067	-1
2.21434307098	-1
2.24658703804	-1
2.24658703804	-1
2.24658703804	-1
2.24674201012	-1
2.24674201012	-1
2.24851894379	-1
2.24851894379	-1
2.24851894379	-1
2.24870705605	-1
2.24870705605	-1
2.24870705605	-1
2.24873995781	-1
2.24873995781	-1
2.24915790558	-1
2.24915790558	-1
2.24915790558	-1
2.24915790558	-1
2.24915790558	-1
2.24915790558	-1
2.24915790558	-1
2.24940299988	-1
2.24952507019	-1
2.24952507019	-1
2.24952507019	-1
2.24964904785	-1
2.24964904785	-1
2.24964904785	-1
2.24964904785	-1
2.24964904785	-1
2.24989390373	-1
2.24989390373	-1
2.24989390373	-1
2.25003790855	-1
2.25003790855	-1
2.25003790855	-1
2.25003790855	-1
2.25003790855	-1
2.25014400482	1
2.25014400482	1
2.28108310699	-1
2.28108310699	-1
2.28108310699	-1
2.28108310699	-1
2.28115105629	-1
2.28726291656	-1
2.28726291656	-1
2.28726291656	-1
2.28726291656	-1
2.28726291656	-1
2.28726291656	-1
2.28726291656	-1
2.28726291656	-1
2.28726291656	-1
2.28726291656	-1
2.28751897812	-1
2.28751897812	-1
2.28751897812	-1
2.28751897812	-1
2.28751897812	-1
2.28751897812	-1
2.28751897812	-1
2.28751897812	-1
2.28799009323	-1
2.28799009323	-1
2.28831195831	-1
2.28831195831	-1
2.28831195831	-1
2.28831195831	-1
2.28831195831	-1
2.28831195831	-1
2.28831195831	-1
2.28831195831	-1
2.28831195831	-1
2.28868103027	-1
2.28868103027	-1
2.28868103027	-1
2.28868103027	-1
2.32515907288	-1
2.32547593117	-1
2.32547593117	-1
2.32547593117	-1
2.32547593117	-1
2.32547593117	-1
2.32547593117	-1
2.32547593117	-1
2.32547593117	-1
2.32572197914	-1
2.32572197914	-1
2.32572197914	-1
2.32572197914	-1
2.32572197914	-1
2.32572197914	-1
2.32572197914	-1
2.32572197914	-1
2.32609009743	-1
2.32609009743	-1
2.32609009743	-1
2.32609009743	-1
2.32609009743	-1
2.32609009743	-1
2.32609009743	-1
2.32609009743	-1
2.32651996613	-1
2.32651996613	-1
2.32651996613	-1
2.32651996613	-1
2.32651996613	-1
2.32651996613	-1
2.32651996613	-1
2.32651996613	-1
2.36081004143	-1
2.36081004143	-1
2.36081004143	-1
2.36081004143	-1
2.36081004143	-1
2.36081004143	-1
2.36081004143	-1
2.36115503311	-1
2.36115503311	-1
2.36115503311	-1
2.36115503311	-1
2.36115503311	-1
2.36115503311	-1
2.36115503311	-1
2.36115503311	-1
2.3616271019	-1
2.3616271019	-1
2.36191391945	-1
2.36191391945	-1
2.36191391945	-1
2.36191391945	-1
2.36191391945	-1
2.36191391945	-1
2.36191391945	-1
2.36191391945	-1
2.36215901375	-1
2.36215901375	-1
2.3637471199	1
2.3637471199	1
2.3637471199	1
2.39320397377	-1
2.39320397377	-1
2.39320397377	-1
2.39340901375	-1
2.39340901375	-1
2.39340901375	-1
2.39340901375	-1
2.39340901375	-1
2.39340901375	-1
2.39340901375	-1
2.39340901375	-1
2.39368200302	-1
2.39368200302	-1
2.39368200302	-1
2.39368200302	-1
2.39368200302	-1
2.39368200302	-1
2.39368200302	-1
2.39368200302	-1
2.39414691925	-1
2.39414691925	-1
2.39414691925	-1
2.39414691925	-1
2.39414691925	-1
2.39414691925	-1
2.39414691925	-1
2.39414691925	-1
2.39925312996	-1
2.39925312996	-1
2.39925312996	-1
2.39925312996	-1
2.39925312996	-1
2.39925312996	-1
2.39925312996	-1
2.39925312996	-1
2.40070009232	-1
2.40070009232	-1
2.40070009232	-1
2.40070009232	-1
2.40070009232	-1
2.43742799759	-1
2.4374730587	-1
2.4374730587	-1
2.4374730587	-1
2.4374730587	-1
2.44892501831	-1
2.47233295441	1
2.47233295441	1
2.47233295441	1
2.47570490837	-1
2.47570490837	-1
2.47570490837	-1
2.50435590744	1
2.51147198677	-1
2.61606812477	1
2.80221891403	-1
2.83418893814	-1
2.83418893814	-1
2.83418893814	-1
2.83437609673	-1
2.83437609673	-1
2.83437609673	-1
2.83437609673	-1
2.8346619606	-1
2.83478498459	-1
2.83478498459	-1
2.83478498459	-1
2.83490800858	-1
2.83490800858	-1
2.83490800858	-1
2.83507108688	-1
2.83507108688	-1
2.83570790291	1
2.83639001846	-1
2.83639001846	-1
2.83639001846	-1
2.86681413651	-1
2.86681413651	-1
2.86902308464	-1
2.86902308464	-1
2.86902308464	-1
2.86902308464	-1
2.86902308464	-1
2.86959910393	-1
2.86959910393	-1
2.86959910393	-1
2.86972212791	-1
2.86972212791	-1
2.86972212791	-1
2.8699259758	-1
2.8699259758	-1
2.8699259758	-1
2.8699259758	-1
2.95035099983	1
2.95035099983	1
2.95035099983	1
3.00298309326	-1
3.00298309326	-1
3.00298309326	-1
3.02483391762	-1
3.02483391762	-1
3.09939599037	1
3.09939599037	1
3.22043895721	-1
3.36116909981	-1
3.36217713356	-1
3.36217713356	-1
3.36217713356	-1
3.36237597466	-1
3.36237597466	-1
3.36237597466	-1
3.36274790764	-1
3.36274790764	-1
3.36327910423	-1
3.36327910423	-1
3.36327910423	-1
3.36340212822	-1
3.36340212822	-1
3.36340212822	-1
3.36340212822	-1
3.36443400383	-1
3.39208292961	-1
3.39208292961	-1
3.39208292961	-1
3.39462900162	-1
3.39462900162	-1
3.39462900162	-1
3.39462900162	-1
3.47586107254	-1
3.47586107254	-1
3.47586107254	-1
3.47599291801	-1
3.47599291801	-1
3.47599291801	-1
3.47615599632	-1
3.47615599632	-1
3.47644400597	-1
3.47644400597	-1
3.47644400597	-1
3.47726893425	-1
3.47726893425	-1
3.47726893425	-1
3.47740602493	-1
3.47740602493	-1
3.47757005692	-1
3.47757005692	-1
3.47757005692	-1
3.47772502899	-1
3.47772502899	-1
3.47789692879	-1
3.47789692879	-1
3.47801995277	-1
3.47801995277	-1
3.47801995277	-1
3.47801995277	-1
3.47804808617	-1
3.47804808617	-1
3.47996997833	-1
3.47996997833	-1
3.47998690605	1
3.58318209648	-1
3.58318209648	-1
3.58318209648	-1
3.58333611488	-1
3.58333611488	-1
3.5835211277	-1
3.5835211277	-1
3.5835211277	-1
3.58364510536	-1
3.58364510536	-1
3.58393001556	-1
3.58393001556	-1
3.58393001556	-1
3.58440113068	-1
3.58440113068	-1
3.58440113068	-1
3.58440113068	-1
3.58440113068	-1
3.58440113068	-1
3.58464694023	-1
3.58464694023	-1
3.58476901054	-1
3.58476901054	-1
3.58476901054	-1
3.58489203453	-1
3.58489203453	-1
3.58528208733	-1
3.58528208733	-1
3.58528208733	-1
3.58540391922	-1
3.58540391922	-1
3.58540391922	-1
3.58540391922	-1
3.61586093903	-1
3.61586093903	-1
3.61586093903	-1
3.61586093903	-1
3.61587691307	1
3.61610198021	-1
3.61610198021	-1
3.61610198021	-1
3.61610198021	-1
3.61610198021	-1
3.61636805534	-1
3.61636805534	-1
3.61636805534	-1
3.61657309532	-1
3.61657309532	-1
3.61671590805	-1
3.61671590805	-1
3.61671590805	-1
3.61683893204	-1
3.61683893204	-1
3.61808800697	-1
3.61808800697	-1
3.61923599243	-1
3.61923599243	-1
3.61923599243	-1
3.61923599243	-1
3.61923599243	-1
3.61923599243	-1
3.61923599243	-1
3.61948108673	-1
3.61948108673	-1
3.62124300003	-1
3.62124300003	-1
3.74970293045	1
3.74970293045	1
3.74970293045	1
4.17642211914	-1
4.17721295357	1
4.43012905121	-1
4.57967400551	-1
4.57967400551	-1
