0.0	-1
0.29122710228	-1
0.575284957886	1
0.687206029892	1
0.996331930161	-1
1.10830307007	-1
1.30135798454	-1
2.00360703468	-1
2.09386491776	-1
2.09386491776	-1
2.09386491776	-1
2.09723997116	-1
2.09723997116	-1
2.09723997116	-1
2.09723997116	-1
2.09723997116	-1
2.11037898064	-1
2.11037898064	-1
2.11037898064	-1
2.11037898064	-1
2.11037898064	-1
2.11037898064	-1
2.11037898064	-1
2.14698004723	1
2.22772812843	-1
2.25888490677	1
2.39313411713	-1
2.54441690445	-1
3.00755500793	-1
3.00924611092	1
3.00938606262	1
3.00938606262	1
3.00938606262	1
3.00938606262	1
3.11959910393	-1
3.29189395905	-1
3.29736995697	-1
3.29736995697	-1
3.29736995697	-1
3.40946912766	-1
4.00555992126	-1
4.08647990227	-1
4.08647990227	-1
4.08647990227	-1
4.08647990227	-1
4.08647990227	-1
4.08647990227	-1
4.08647990227	-1
4.08647990227	-1
4.09157299995	-1
4.09617900848	-1
4.09617900848	-1
4.09617900848	-1
4.09617900848	-1
4.09617900848	-1
4.09617900848	-1
4.09617900848	-1
4.10271191597	-1
4.10677790642	-1
4.10677790642	-1
4.10677790642	-1
4.10677790642	-1
4.10677790642	-1
4.11144804955	-1
4.11144804955	-1
4.11144804955	-1
4.11144804955	-1
4.11144804955	-1
4.11144804955	-1
4.11144804955	-1
4.11227893829	1
4.19874501228	-1
4.19874501228	-1
4.19874501228	-1
4.19874501228	-1
4.19874501228	-1
4.19874501228	-1
4.19874501228	-1
4.19874501228	-1
4.198980093	-1
4.20379590988	-1
4.20379590988	-1
4.20379590988	-1
4.20379590988	-1
4.20379590988	-1
4.20379590988	-1
4.20379590988	-1
4.23100399971	1
4.29717898369	-1
4.29717898369	-1
4.29717898369	-1
4.29717898369	-1
4.29717898369	-1
4.29717898369	-1
4.29717898369	-1
4.29717898369	-1
4.29717898369	-1
4.30299210548	-1
4.30299210548	-1
4.3048479557	-1
4.3048479557	-1
4.3048479557	-1
4.3048479557	-1
4.3048479557	-1
4.3048479557	-1
4.3048479557	-1
4.30557894707	-1
4.30557894707	-1
4.30557894707	-1
4.30557894707	-1
4.30557894707	-1
4.30557894707	-1
4.3079829216	-1
4.30865502357	-1
4.30865502357	-1
4.30865502357	-1
4.31115794182	-1
4.31115794182	-1
4.31115794182	-1
4.31115794182	-1
4.31115794182	-1
4.31115794182	-1
4.34231305122	-1
4.3969039917	-1
4.3969039917	-1
4.3969039917	-1
4.3969039917	-1
4.3969039917	-1
4.3969039917	-1
4.3969039917	-1
4.3969039917	-1
4.39850592613	-1
4.39850592613	-1
4.39850592613	-1
4.40126991272	-1
4.40126991272	-1
4.40126991272	-1
4.40126991272	-1
4.40126991272	-1
4.40126991272	-1
4.40126991272	-1
4.40126991272	-1
4.40948200226	-1
4.40948200226	-1
4.40958690643	-1
4.41064310074	1
4.48981499672	1
4.48981499672	1
4.48981499672	1
4.491959095	1
4.491959095	1
4.491959095	1
4.49201893806	1
4.49201893806	1
4.49201893806	1
4.50457906723	-1
4.50457906723	-1
4.65638709068	-1
4.99928998947	-1
5.59955906868	-1
5.60199403763	-1
5.60199403763	-1
5.60199403763	-1
5.60199403763	-1
5.60199403763	-1
5.60199403763	-1
5.60199403763	-1
5.71169996262	-1
6.00192308426	-1
6.00625705719	-1
6.00625705719	-1
6.00625705719	-1
6.00625705719	-1
6.00625705719	-1
6.00625705719	-1
6.00625705719	-1
6.00964403152	-1
6.00964403152	-1
6.00964403152	-1
6.00964403152	-1
6.00964403152	-1
6.0106511116	1
6.01543712616	-1
6.01543712616	-1
6.08713698387	-1
6.08713698387	-1
6.08713698387	-1
6.08713698387	-1
6.08713698387	-1
6.08713698387	-1
6.08713698387	-1
6.08983707428	-1
6.09721207619	-1
6.09721207619	-1
6.09721207619	-1
6.09721207619	-1
6.09721207619	-1
6.09721207619	-1
6.09721207619	-1
6.11439704895	-1
6.11439704895	-1
6.11439704895	-1
6.11439704895	-1
6.11439704895	-1
6.11439704895	-1
6.11439704895	-1
6.11439704895	-1
6.11865305901	-1
6.11865305901	-1
6.11865305901	-1
6.11865305901	-1
6.11865305901	-1
6.11865305901	-1
6.11865305901	-1
6.11865305901	-1
6.11971902847	1
6.11971902847	1
6.11971902847	1
6.12199211121	-1
6.12199211121	-1
6.12199211121	-1
6.12204098701	-1
6.16299200058	1
6.16299200058	1
6.16299200058	1
6.18569302559	-1
6.18569302559	-1
6.18569302559	-1
6.18569302559	-1
6.18569302559	-1
6.18763113022	-1
6.19080209732	-1
6.19080209732	-1
6.19080209732	-1
6.19080209732	-1
6.19080209732	-1
6.19080209732	-1
6.19080209732	-1
6.20021510124	-1
6.20021510124	-1
6.20021510124	-1
6.20021510124	-1
6.20021510124	-1
6.20021510124	-1
6.20021510124	-1
6.20218992233	-1
6.20218992233	-1
6.20218992233	-1
6.23488712311	-1
6.29634690285	-1
6.29634690285	-1
6.29634690285	-1
6.29634690285	-1
6.29634690285	-1
6.29634690285	-1
6.29634690285	-1
6.29634690285	-1
6.29872703552	-1
6.29872703552	-1
6.29872703552	-1
6.29872703552	-1
6.29872703552	-1
6.29872703552	-1
6.29872703552	-1
6.30155706406	-1
6.30155706406	-1
6.30230593681	-1
6.30230593681	-1
6.30230593681	-1
6.30230593681	-1
6.30230593681	-1
6.30230593681	-1
6.30230593681	-1
6.30283904076	-1
6.30283904076	-1
6.30283904076	-1
6.30283904076	-1
6.30283904076	-1
6.30283904076	-1
6.30283904076	-1
6.30374312401	-1
6.30374312401	-1
6.30481004715	-1
6.30481004715	-1
6.30481004715	-1
6.30481004715	-1
6.30481004715	-1
6.30481004715	-1
6.30481004715	-1
6.30517411232	-1
6.30517411232	-1
6.30517411232	-1
6.30517411232	-1
6.30517411232	-1
6.30517411232	-1
6.30517411232	-1
6.34691095352	-1
6.34693193436	1
6.34693193436	1
6.39467406273	-1
6.39467406273	-1
6.39467406273	-1
6.39467406273	-1
6.39467406273	-1
6.39467406273	-1
6.39751696587	-1
6.39751696587	-1
6.39751696587	-1
6.39751696587	-1
6.39751696587	-1
6.39751696587	-1
6.39751696587	-1
6.4602200985	1
7.00085091591	-1
7.01385593414	-1
7.01385593414	-1
7.01385593414	-1
7.01385593414	-1
7.01385593414	-1
7.01385593414	-1
7.01385593414	-1
7.08683490753	-1
7.08683490753	-1
7.08683490753	-1
7.08683490753	-1
7.08683490753	-1
7.08683490753	-1
7.08683490753	-1
7.08683490753	-1
7.09853291512	-1
7.09853291512	-1
7.09853291512	-1
7.09853291512	-1
7.09853291512	-1
7.09853291512	-1
7.09853291512	-1
7.10256910324	-1
7.10256910324	-1
7.10256910324	-1
7.10256910324	-1
7.10256910324	-1
7.10600304604	-1
7.1258649826	-1
7.18552613258	-1
7.18552613258	-1
7.18552613258	-1
7.18552613258	-1
7.18552613258	-1
7.18552613258	-1
7.18552613258	-1
7.19659590721	-1
7.19659590721	-1
7.19659590721	-1
7.19659590721	-1
7.19659590721	-1
7.19659590721	-1
7.19659590721	-1
7.19659590721	-1
7.20285391808	-1
7.20285391808	-1
7.20285391808	-1
7.20285391808	-1
7.20285391808	-1
7.20285391808	-1
7.20285391808	-1
7.20538592339	-1
7.20636200905	1
7.20810699463	-1
7.20810699463	-1
7.20810699463	-1
7.20810699463	-1
7.20810699463	-1
7.29330611229	-1
7.29330611229	-1
7.29330611229	-1
7.29330611229	-1
7.29330611229	-1
7.29330611229	-1
7.29330611229	-1
7.29330611229	-1
7.29330611229	-1
7.29841804504	-1
7.29841804504	-1
7.29841804504	-1
7.29841804504	-1
7.29841804504	-1
7.29841804504	-1
7.29841804504	-1
7.30134391785	-1
7.30408000946	-1
7.30408000946	-1
7.30408000946	-1
7.30408000946	-1
7.30408000946	-1
7.30408000946	-1
7.30408000946	-1
7.30661702156	-1
7.30863499641	-1
7.30863499641	-1
7.30863499641	-1
7.30863499641	-1
7.30863499641	-1
7.30863499641	-1
7.30863499641	-1
7.31122398376	-1
7.31826806068	1
7.39121294022	-1
7.39121294022	-1
7.39121294022	-1
7.39121294022	-1
7.39121294022	-1
7.39121294022	-1
7.40042209625	-1
7.40127491951	-1
7.40127491951	-1
7.40127491951	-1
7.40127491951	-1
7.40127491951	-1
7.40127491951	-1
7.40127491951	-1
7.40447592735	-1
7.40447592735	-1
7.40447592735	-1
7.40447592735	-1
7.40447592735	-1
7.40447592735	-1
7.40447592735	-1
7.40885901451	-1
7.40885901451	-1
7.40885901451	-1
7.40885901451	-1
7.40885901451	-1
7.40885901451	-1
7.41221690178	-1
7.41221690178	-1
7.41221690178	-1
7.41221690178	-1
7.41221690178	-1
7.41221690178	-1
7.43102908134	1
7.48951196671	-1
7.48951196671	-1
7.48951196671	-1
7.48951196671	-1
7.48951196671	-1
7.48951196671	-1
7.48951196671	-1
7.48951196671	-1
7.492882967	-1
7.492882967	-1
7.492882967	-1
7.492882967	-1
7.49531793594	-1
7.49689412117	-1
7.49689412117	-1
7.49689412117	-1
7.49689412117	-1
7.49689412117	-1
7.49689412117	-1
7.49689412117	-1
7.49894595146	-1
7.49894595146	-1
7.49894595146	-1
7.49894595146	-1
7.50334692001	-1
7.50334692001	-1
7.50334692001	-1
7.50334692001	-1
7.50334692001	-1
7.50334692001	-1
7.50334692001	-1
7.50334692001	-1
7.50334692001	-1
7.50574994087	-1
7.50574994087	-1
7.50574994087	-1
7.50574994087	-1
7.50574994087	-1
7.50574994087	-1
7.50675797462	-1
7.50898599625	-1
7.50898599625	-1
7.50898599625	-1
7.50898599625	-1
7.51106595993	-1
7.51106595993	-1
7.51288104057	1
7.51288104057	1
7.51288104057	1
7.59130811691	-1
7.59130811691	-1
7.59130811691	-1
7.59585189819	-1
7.59585189819	-1
7.59585189819	-1
7.59585189819	-1
7.59585189819	-1
7.60346412659	-1
7.60346412659	-1
7.60346412659	-1
7.60346412659	-1
7.60620212555	-1
7.60620212555	-1
7.61248207092	1
7.61248207092	1
7.61248207092	1
7.66441512108	-1
8.0008649826	-1
8.11333703995	-1
8.11333703995	-1
8.51201796532	-1
8.69346499443	-1
9.00399804115	-1
9.00708508492	-1
9.00708508492	-1
9.00708508492	-1
9.01533508301	-1
9.01533508301	-1
9.01533508301	-1
9.01649713516	1
9.1057639122	1
9.1057639122	1
9.1057639122	1
10.0034179688	-1
10.0097930431	-1
10.0097930431	-1
10.0097930431	-1
10.0097930431	-1
10.0097930431	-1
10.0097930431	-1
10.0097930431	-1
10.089124918	-1
10.089124918	-1
10.089124918	-1
10.089124918	-1
10.089124918	-1
10.089124918	-1
10.089124918	-1
10.089124918	-1
10.1059200764	-1
10.1059200764	-1
10.1059200764	-1
10.1059200764	-1
10.1059200764	-1
10.1059200764	-1
10.1059200764	-1
10.1059200764	-1
10.1220569611	-1
10.2011399269	-1
10.2011399269	-1
10.2011399269	-1
10.2011399269	-1
10.2011399269	-1
10.2011399269	-1
10.2011399269	-1
10.2011399269	-1
10.2051179409	-1
10.2061140537	1
10.2341449261	-1
10.2901520729	-1
10.2901520729	-1
10.2901520729	-1
10.2901520729	-1
10.2901520729	-1
10.2901520729	-1
10.2901520729	-1
10.2901520729	-1
10.2981390953	-1
10.2991111279	1
10.2991111279	1
10.2991111279	1
10.3046400547	-1
10.3046400547	-1
10.3046400547	-1
10.3046400547	-1
10.3046400547	-1
10.3046400547	-1
10.3046400547	-1
10.3099560738	-1
10.3099560738	-1
10.3099560738	-1
10.3099560738	-1
10.3099560738	-1
10.3099560738	-1
10.3099560738	-1
10.3099560738	-1
10.385543108	-1
10.4859290123	-1
10.4859290123	-1
10.4859290123	-1
10.4859290123	-1
10.4859290123	-1
10.4859290123	-1
10.4859290123	-1
10.4859290123	-1
10.5355510712	1
10.647660017	1
11.0944740772	-1
11.1010069847	-1
11.1010069847	-1
11.1010069847	-1
11.1010069847	-1
11.1010069847	-1
11.1010069847	-1
11.1010069847	-1
11.1042809486	-1
11.1042809486	-1
11.1042809486	-1
11.1042809486	-1
11.1042809486	-1
11.1042809486	-1
11.1042809486	-1
11.1042809486	-1
11.1053230762	1
11.1989340782	-1
11.1989340782	-1
11.2012269497	-1
11.2012269497	-1
11.2012269497	-1
11.2012269497	-1
11.2012269497	-1
11.2012269497	-1
11.2012269497	-1
11.2948350906	-1
11.2948350906	-1
11.2948350906	-1
11.2994840145	-1
11.2994840145	-1
11.2994840145	-1
11.3002440929	1
11.3018300533	-1
11.3018300533	-1
11.3018300533	-1
11.3018300533	-1
11.3018300533	-1
11.3018300533	-1
11.3018300533	-1
11.3022921085	-1
11.3862900734	-1
11.3862900734	-1
11.3862900734	-1
11.3862900734	-1
11.3862900734	-1
11.3862900734	-1
11.3862900734	-1
11.3862900734	-1
11.3862900734	-1
11.386685133	-1
11.386685133	-1
11.386685133	-1
11.386685133	-1
11.386685133	-1
11.386685133	-1
11.4936420918	-1
11.4936420918	-1
11.4936420918	-1
11.4936420918	-1
11.4936420918	-1
11.4936420918	-1
11.497123003	-1
11.497123003	-1
11.4980390072	-1
11.4980390072	-1
11.4980390072	-1
11.4980390072	-1
11.4980390072	-1
11.5931479931	-1
11.5931479931	-1
11.5931479931	-1
11.5931479931	-1
11.5931479931	-1
11.5931479931	-1
11.5940330029	-1
11.5940330029	-1
11.5940330029	-1
11.5940330029	-1
11.5940330029	-1
11.5940330029	-1
11.5940330029	-1
11.5950980186	-1
11.5961201191	1
11.5966439247	-1
11.5966439247	-1
11.5966439247	-1
11.5966439247	-1
11.5966439247	-1
11.5966439247	-1
11.5966439247	-1
11.5967929363	-1
11.5967929363	-1
11.5967929363	-1
11.5967929363	-1
11.5967929363	-1
11.5967929363	-1
11.5967929363	-1
11.5975060463	-1
11.5975060463	-1
11.6056950092	-1
11.6056950092	-1
11.6056950092	-1
11.6056950092	-1
11.6056950092	-1
11.6056950092	-1
11.6056950092	-1
11.6059291363	-1
11.6059291363	-1
11.6059291363	-1
11.6059291363	-1
11.6101429462	-1
11.6101429462	-1
11.6101429462	-1
11.6101429462	-1
11.6101429462	-1
11.6101429462	-1
11.6101429462	-1
11.6101429462	-1
11.6103730202	-1
11.6103730202	-1
11.6103730202	-1
11.7485320568	1
11.9949789047	-1
12.0224709511	1
12.2137620449	1
13.0969450474	-1
13.0978329182	1
14.0011970997	-1
14.1525321007	-1
14.1525321007	-1
17.2444019318	-1
