0.0	1
0.0	1
0.0631260871887	1
0.41853094101	-1
0.41853094101	-1
0.602916955948	-1
0.673695087433	-1
0.673695087433	-1
0.673695087433	-1
0.673695087433	-1
0.673695087433	-1
0.673695087433	-1
0.673695087433	-1
0.73685002327	-1
0.766278028488	1
0.775156021118	-1
0.775156021118	-1
0.775156021118	-1
0.775156021118	-1
0.775156021118	-1
0.775156021118	-1
0.775156021118	-1
0.800087928772	-1
0.829322099686	1
0.950984954834	-1
1.12608909607	-1
1.30179095268	-1
1.30318403244	1
1.30318403244	1
1.30318403244	1
1.30318403244	1
1.36623811722	1
1.49371504784	-1
1.52504396439	-1
1.52504396439	-1
1.52504396439	-1
1.52504396439	-1
1.52504396439	-1
1.52504396439	-1
1.52504396439	-1
1.52568006516	-1
1.52568006516	-1
1.52568006516	-1
1.52568006516	-1
1.52568006516	-1
1.52568006516	-1
1.52568006516	-1
1.5883910656	-1
1.5883910656	-1
1.6240029335	-1
1.6240029335	-1
1.6240029335	-1
1.6240029335	-1
1.6240029335	-1
1.6240029335	-1
1.6240029335	-1
1.68164896965	-1
1.68179607391	-1
1.68179607391	-1
1.68179607391	-1
1.68179607391	-1
1.68179607391	-1
1.68179607391	-1
1.68179607391	-1
1.68204212189	-1
1.68204212189	-1
1.68204212189	-1
1.68204212189	-1
1.68204212189	-1
1.68204212189	-1
1.68204212189	-1
1.68736290932	-1
1.73230195045	-1
1.73230195045	-1
1.73230195045	-1
1.73230195045	-1
1.73230195045	-1
1.73230195045	-1
1.73230195045	-1
1.73243308067	-1
1.73243308067	-1
1.73243308067	-1
1.7327671051	-1
1.7327671051	-1
1.7327671051	-1
1.7327671051	-1
1.7327671051	-1
1.73392510414	1
1.75066304207	-1
1.85715389252	-1
1.85715389252	-1
1.85715389252	-1
1.85715389252	-1
1.85715389252	-1
1.85715389252	-1
1.85715389252	-1
1.85756397247	-1
1.85756397247	-1
1.85756397247	-1
1.85756397247	-1
1.85756397247	-1
1.85788702965	-1
1.85788702965	-1
1.85914301872	1
1.92049193382	-1
1.92049193382	-1
1.96015810966	-1
1.96015810966	-1
1.96015810966	-1
2.00029611588	-1
2.00029611588	-1
2.0004029274	-1
2.0004029274	-1
2.00054788589	-1
2.00054788589	-1
2.00054788589	-1
2.00054788589	-1
2.00054788589	-1
2.00054788589	-1
2.00054788589	-1
2.02029395103	-1
2.03458595276	-1
2.03458595276	-1
2.03458595276	-1
2.03458595276	-1
2.03458595276	-1
2.03458595276	-1
2.03458595276	-1
2.03515696526	-1
2.03515696526	-1
2.03515696526	-1
2.03515696526	-1
2.03515696526	-1
2.03515696526	-1
2.03515696526	-1
2.06405997276	-1
2.06405997276	-1
2.06517410278	1
2.08356809616	-1
2.20939588547	-1
2.20939588547	-1
2.20939588547	-1
2.20939588547	-1
2.20939588547	-1
2.20939588547	-1
2.27268409729	-1
2.27408909798	1
2.30791306496	1
2.30791306496	1
2.30842590332	1
2.30842590332	1
2.30842590332	1
2.30842590332	1
2.31157708168	1
2.31170105934	1
2.31170105934	1
2.31170105934	1
2.37112402916	1
2.61107397079	-1
2.6117939949	1
2.80598902702	-1
2.81002211571	-1
2.81002211571	-1
2.81002211571	-1
2.81002211571	-1
2.81002211571	-1
2.81002211571	-1
2.81002211571	-1
2.82416605949	-1
2.82472300529	-1
2.82472300529	-1
2.82472300529	-1
2.82472300529	-1
2.82472300529	-1
2.82472300529	-1
2.82472300529	-1
2.87336111069	-1
2.91811203957	-1
2.91811203957	-1
2.91811203957	-1
2.91811203957	-1
2.91811203957	-1
2.91811203957	-1
2.91811203957	-1
2.97625398636	-1
2.98638892174	-1
2.98638892174	-1
2.98638892174	-1
2.98638892174	-1
2.98638892174	-1
2.98638892174	-1
2.98638892174	-1
2.98661494255	-1
2.98661494255	-1
2.98661494255	-1
2.98661494255	-1
2.98685908318	-1
2.98685908318	-1
2.98685908318	-1
2.98853111267	1
3.00053691864	-1
3.00053691864	-1
3.03965091705	-1
3.03965091705	-1
3.03965091705	-1
3.03965091705	-1
3.03965091705	-1
3.03965091705	-1
3.03965091705	-1
3.0398581028	-1
3.15438008308	-1
3.15438008308	-1
3.15438008308	-1
3.15438008308	-1
3.15438008308	-1
3.15438008308	-1
3.16222190857	-1
3.16222190857	-1
3.16222190857	-1
3.16222190857	-1
3.16222190857	-1
3.16222190857	-1
3.16222190857	-1
3.16222190857	-1
3.16222190857	-1
3.16258096695	-1
3.16258096695	-1
3.16258096695	-1
3.16258096695	-1
3.16270399094	-1
3.16270399094	-1
3.16270399094	-1
3.16282701492	-1
3.16434407234	1
3.20517992973	-1
3.20517992973	-1
3.20517992973	-1
3.20517992973	-1
3.20517992973	-1
3.20517992973	-1
3.20517992973	-1
3.20532298088	-1
3.21831893921	-1
3.21831893921	-1
3.21831893921	-1
3.21831893921	-1
3.21831893921	-1
3.21831893921	-1
3.21831893921	-1
3.21831893921	-1
3.21855998039	-1
3.24916005135	-1
3.24916005135	-1
3.24916005135	-1
3.24916005135	-1
3.24916005135	-1
3.24916005135	-1
3.24919509888	1
3.28181195259	-1
3.3382499218	-1
3.3382499218	-1
3.3382499218	-1
3.3382499218	-1
3.3382499218	-1
3.33847689629	-1
3.33847689629	-1
3.33847689629	-1
3.33847689629	-1
3.33847689629	-1
3.33847689629	-1
3.33847689629	-1
3.33872199059	-1
3.33872199059	-1
3.33872199059	-1
3.33875703812	-1
3.33875703812	-1
3.33875703812	-1
3.33875703812	-1
3.33875703812	-1
3.33875703812	-1
3.33875703812	-1
3.33921504021	-1
3.33921504021	-1
3.33921504021	-1
3.33921504021	-1
3.34520411491	-1
3.34520411491	-1
3.34520411491	-1
3.34520411491	-1
3.34520411491	-1
3.34532308578	-1
3.42483401299	-1
3.42483401299	-1
3.42483401299	-1
3.42483401299	-1
3.42483401299	-1
3.42483401299	-1
3.42483401299	-1
3.42530703545	-1
3.42530703545	-1
3.42530703545	-1
3.42530703545	-1
3.42533802986	-1
3.42533802986	-1
3.42533802986	-1
3.42533802986	-1
3.42567706108	-1
3.42567706108	-1
3.42567706108	-1
3.42567706108	-1
3.42567706108	-1
3.42567706108	-1
3.42567706108	-1
3.42567706108	-1
3.42720603943	1
3.48833799362	-1
3.48833799362	-1
3.52479195595	-1
3.52479195595	-1
3.52479195595	-1
3.52479195595	-1
3.52479195595	-1
3.52479195595	-1
3.52479195595	-1
3.52561593056	-1
3.52561593056	-1
3.52561593056	-1
3.52561593056	-1
3.52561593056	-1
3.52561593056	-1
3.52561593056	-1
3.52604389191	-1
3.52604389191	-1
3.52604389191	-1
3.52604389191	-1
3.52604389191	-1
3.52604389191	-1
3.52604389191	-1
3.52645492554	-1
3.52690196037	-1
3.52690196037	-1
3.52690196037	-1
3.52690196037	-1
3.52690196037	-1
3.52690196037	-1
3.52690196037	-1
3.52715206146	1
3.58817195892	-1
3.60278201103	-1
3.60278201103	-1
3.60278201103	-1
3.60278201103	-1
3.60278201103	-1
3.60278201103	-1
3.60278201103	-1
3.60363793373	-1
3.60363793373	-1
3.60363793373	-1
3.60363793373	-1
3.60363793373	-1
3.60363793373	-1
3.60363793373	-1
3.60404491425	-1
3.60404491425	-1
3.60420799255	-1
3.60420799255	-1
3.60420799255	-1
3.60420799255	-1
3.60420799255	-1
3.60420799255	-1
3.60420799255	-1
3.60445189476	-1
3.60457801819	-1
3.60457801819	-1
3.60457801819	-1
3.60457801819	-1
3.60457801819	-1
3.60457801819	-1
3.60457801819	-1
3.60541296005	1
3.66603589058	-1
3.69782805443	-1
3.69782805443	-1
3.69782805443	-1
3.69782805443	-1
3.69782805443	-1
3.69782805443	-1
3.69782805443	-1
3.69834899902	-1
3.69834899902	-1
3.69834899902	-1
3.69834899902	-1
3.69935393333	-1
3.69935393333	-1
3.69935393333	-1
3.69935393333	-1
3.69935393333	-1
3.69961810112	-1
3.69961810112	-1
3.69961810112	-1
3.69961810112	-1
3.69961810112	-1
3.69961810112	-1
3.69961810112	-1
3.69991898537	-1
3.70004796982	-1
3.70004796982	-1
3.70004796982	-1
3.70004796982	-1
3.70004796982	-1
3.70004796982	-1
3.70004796982	-1
3.70212292671	1
3.76097297668	-1
3.77804899216	-1
3.77804899216	-1
3.77804899216	-1
3.77804899216	-1
3.77804899216	-1
3.77804899216	-1
3.77804899216	-1
3.77804899216	-1
3.77806091309	1
3.77806091309	1
3.77834701538	-1
3.77834701538	-1
3.77834701538	-1
3.77834701538	-1
3.77834701538	-1
3.77834701538	-1
3.77866101265	-1
3.77866101265	-1
3.77878403664	-1
3.77878403664	-1
3.77878403664	-1
3.77878403664	-1
3.77878403664	-1
3.77878403664	-1
3.77878403664	-1
3.77905011177	-1
3.77905011177	-1
3.77905011177	-1
3.77905011177	-1
3.77905011177	-1
3.77905011177	-1
3.77905011177	-1
3.77941894531	-1
3.77941894531	-1
3.77941894531	-1
3.77941894531	-1
3.77941894531	-1
3.77941894531	-1
3.77941894531	-1
3.77941894531	-1
3.8413670063	-1
3.8413670063	-1
3.84137392044	1
3.87353992462	-1
3.87353992462	-1
3.87353992462	-1
3.87353992462	-1
3.87353992462	-1
3.87353992462	-1
3.87353992462	-1
3.87353992462	-1
3.87383008003	-1
3.87383008003	-1
3.87383008003	-1
3.87383008003	-1
3.87383008003	-1
3.87383008003	-1
3.90482997894	-1
3.90483999252	1
3.95391893387	-1
3.95391893387	-1
3.95391893387	-1
3.95391893387	-1
3.95391893387	-1
3.95391893387	-1
3.95391893387	-1
3.95410990715	-1
3.95428609848	-1
3.95428609848	-1
3.95428609848	-1
3.95428609848	-1
3.95428609848	-1
3.95428609848	-1
3.95428609848	-1
3.95453190804	-1
3.95453190804	-1
3.95453190804	-1
3.95453190804	-1
3.95453190804	-1
3.95477700233	-1
3.95477700233	-1
3.95477700233	-1
3.95490098	-1
3.95502400398	-1
3.95502400398	-1
3.95502400398	-1
3.95502400398	-1
3.95502400398	-1
3.95502400398	-1
3.95502400398	-1
3.95525288582	-1
3.95525288582	-1
3.95525288582	-1
3.95539212227	-1
3.95539212227	-1
3.95539212227	-1
3.95539212227	-1
3.95539212227	-1
3.96806907654	-1
3.96807599068	1
3.98179507256	1
3.98179507256	1
4.0451169014	1
4.0451169014	1
4.0451169014	1
4.41128802299	-1
4.62580299377	-1
4.72355389595	-1
4.73618602753	-1
4.73618602753	-1
4.73618602753	-1
4.73618602753	-1
4.73618602753	-1
4.73618602753	-1
4.78685688972	-1
4.79912209511	-1
4.79912209511	-1
4.79912209511	-1
4.79912209511	-1
4.79912209511	-1
4.79912209511	-1
4.79912209511	-1
4.80167794228	-1
4.85016107559	-1
4.85016107559	-1
4.85075306892	1
4.91353011131	-1
4.91353011131	-1
4.91380000114	1
4.91380000114	1
4.97801303864	-1
4.97801303864	-1
5.08020305634	-1
5.62663507462	-1
5.80291700363	-1
5.86605191231	-1
5.97805094719	-1
6.0015130043	1
6.02625393867	1
6.02625393867	1
6.08949398994	1
6.42432689667	-1
6.63987898827	-1
6.65251588821	-1
6.65251588821	-1
6.65251588821	-1
6.65251588821	-1
6.65251588821	-1
6.65251588821	-1
6.65706110001	-1
6.65706110001	-1
6.65706110001	-1
6.65706110001	-1
6.65706110001	-1
6.65706110001	-1
6.65706110001	-1
6.65706110001	-1
6.70308899879	-1
6.74064397812	-1
6.74064397812	-1
6.74064397812	-1
6.74064397812	-1
6.74064397812	-1
6.74064397812	-1
6.74064397812	-1
6.74087810516	-1
6.7663640976	-1
6.82849001884	-1
6.82849001884	-1
6.82849001884	-1
6.82849001884	-1
6.82849001884	-1
6.82849001884	-1
6.82849001884	-1
6.82873702049	-1
6.82873702049	-1
6.82873702049	-1
6.82873702049	-1
6.82873702049	-1
6.82873702049	-1
6.82955503464	-1
6.82955503464	-1
6.83020401001	1
6.83301305771	-1
6.83301305771	-1
6.83301305771	-1
6.83301305771	-1
6.83301305771	-1
6.83301305771	-1
6.83301305771	-1
6.8919711113	-1
6.8919711113	-1
6.8919711113	-1
6.8919711113	-1
6.8919711113	-1
6.8919711113	-1
6.8919711113	-1
6.89232301712	-1
6.89232301712	-1
6.89232301712	-1
6.89232301712	-1
6.89232301712	-1
6.89232301712	-1
6.89232301712	-1
6.89232301712	-1
6.89297294617	-1
6.89297294617	-1
6.96781802177	1
6.9979429245	-1
6.9979429245	-1
6.9979429245	-1
6.9979429245	-1
6.9979429245	-1
6.9979429245	-1
6.9979429245	-1
7.00473403931	-1
7.00473403931	-1
7.00473403931	-1
7.00473403931	-1
7.00473403931	-1
7.00473403931	-1
7.00473403931	-1
7.00473403931	-1
7.00509309769	-1
7.00509309769	-1
7.00509309769	-1
7.00509309769	-1
7.00509309769	-1
7.00509309769	-1
7.00509309769	-1
7.00533795357	-1
7.00546193123	-1
7.00546193123	-1
7.00546193123	-1
7.00546193123	-1
7.00546193123	-1
7.00546193123	-1
7.00546193123	-1
7.03089690208	1
7.03089690208	1
7.06134200096	-1
7.06145501137	-1
7.06145501137	-1
7.06145501137	-1
7.06145501137	-1
7.06145501137	-1
7.06145501137	-1
7.06145501137	-1
7.06145501137	-1
7.06145501137	-1
7.06182789803	-1
7.06182789803	-1
7.06182789803	-1
7.06182789803	-1
7.06182789803	-1
7.06890702248	-1
7.06890702248	-1
7.06890702248	-1
7.06890702248	-1
7.06890702248	-1
7.06890702248	-1
7.06890702248	-1
7.06904602051	-1
7.06913495064	-1
7.06913495064	-1
7.13197207451	1
7.17983007431	-1
7.17983007431	-1
7.17983007431	-1
7.17983007431	-1
7.18023109436	-1
7.18023109436	-1
7.18023109436	-1
7.18023109436	-1
7.18023109436	-1
7.18023109436	-1
7.18023109436	-1
7.18048000336	-1
7.18048000336	-1
7.18048000336	-1
7.18072199821	-1
7.18072199821	-1
7.18072199821	-1
7.18072199821	-1
7.18072199821	-1
7.18072199821	-1
7.18072199821	-1
7.18453907967	-1
7.18453907967	-1
7.18453907967	-1
7.18453907967	-1
7.18453907967	-1
7.18453907967	-1
7.18453907967	-1
7.18453907967	-1
7.18453907967	-1
7.18488001823	-1
7.18500304222	-1
7.18500304222	-1
7.18500304222	-1
7.18500304222	-1
7.19599103928	-1
7.19602108002	1
7.24357390404	-1
7.53822112083	-1
7.56955599785	1
7.63261699677	1
7.71091294289	-1
8.23131608963	-1
8.7380900383	-1
8.98988699913	-1
9.0530629158	-1
10.7710659504	-1
11.5270249844	-1
