0.0	1
0.250413894653	1
0.532665967941	-1
0.534379959106	1
1.06543302536	-1
1.06628584862	1
1.06834387779	1
1.06834387779	1
1.06834387779	1
1.06834387779	1
1.06834387779	1
1.06834387779	1
1.72632193565	-1
1.72810792923	1
1.80161690712	-1
1.80309486389	1
1.95582389832	-1
1.95695590973	1
2.023198843	-1
2.023198843	-1
2.023198843	-1
2.03072500229	1
2.03072500229	1
2.48953604698	-1
2.48990893364	-1
2.48990893364	-1
2.48990893364	-1
2.48990893364	-1
2.48990893364	-1
2.48990893364	-1
2.56344485283	-1
2.56344485283	-1
2.57511496544	1
2.76847505569	-1
2.76866388321	-1
2.76866388321	-1
2.76866388321	-1
2.76866388321	-1
2.76866388321	-1
2.76866388321	-1
2.81920385361	-1
2.81920385361	-1
2.81978106499	-1
2.81978106499	-1
2.81978106499	-1
2.81978106499	-1
2.81978106499	-1
2.81978106499	-1
2.81978106499	-1
2.82028985023	-1
2.82028985023	-1
2.82028985023	-1
2.82028985023	-1
2.82028985023	-1
2.82069897652	-1
2.82069897652	-1
2.82069897652	-1
2.82426095009	1
2.86740899086	-1
2.86740899086	-1
2.86740899086	-1
3.26860904694	-1
3.26997900009	1
3.34202098846	-1
3.71733403206	-1
3.79062700272	-1
3.79922699928	1
4.2416908741	-1
4.35209202766	-1
4.36945486069	1
4.37168192863	1
4.37168192863	1
4.37168192863	1
4.63979387283	-1
4.65211701393	1
4.72564101219	-1
4.72564101219	-1
4.83649396896	-1
4.83649396896	-1
4.90268492699	1
4.90995001793	-1
4.98318099976	-1
5.53211593628	-1
5.53337788582	1
5.60538506508	-1
6.95843696594	1
7.00741195679	-1
7.0317568779	1
7.0317568779	1
7.08087086678	-1
7.08087086678	-1
7.10504984856	1
7.58395195007	-1
7.95808005333	1
8.42410683632	-1
8.43043994904	-1
8.43043994904	-1
8.43043994904	-1
8.43043994904	-1
8.43043994904	-1
8.43043994904	-1
8.43592095375	-1
8.43592095375	-1
8.43592095375	-1
8.43592095375	-1
8.44084405899	1
8.49921894073	1
8.49921894073	1
8.49921894073	1
8.50989603996	1
8.50989603996	1
8.51406502724	1
8.694190979	1
8.71068000793	-1
8.71848392487	-1
8.71848392487	-1
8.71848392487	-1
8.71848392487	-1
8.71848392487	-1
8.71848392487	-1
8.71848392487	-1
8.72145295143	-1
8.72448396683	-1
8.72448396683	-1
8.72448396683	-1
8.72701501846	-1
8.72701501846	-1
8.72706198692	-1
8.72706198692	-1
8.72706198692	-1
8.72706198692	-1
8.72706198692	-1
8.7467880249	-1
8.74887394905	-1
8.74887394905	-1
8.76361989975	-1
8.76361989975	-1
8.76361989975	-1
8.76361989975	-1
8.76361989975	-1
8.76361989975	-1
8.76361989975	-1
8.76741194725	1
8.76741194725	1
8.79207396507	-1
8.79214286804	-1
8.79214286804	-1
8.79214286804	-1
8.79495096207	-1
8.79495096207	-1
8.79495096207	-1
8.79495096207	-1
8.79495096207	-1
8.79505586624	-1
8.80607795715	-1
8.80607795715	-1
8.80607795715	-1
8.80607795715	-1
8.80607795715	-1
8.80607795715	-1
8.80607795715	-1
8.81295394897	-1
8.82024288177	-1
8.82024288177	-1
8.82024288177	-1
8.8688018322	-1
8.8688018322	-1
8.8699400425	1
8.91741585732	1
8.91741585732	1
8.91741585732	1
8.91795706749	1
8.91795706749	1
8.98316502571	1
8.98316502571	1
8.99234390259	-1
9.09573698044	1
9.11761283875	-1
9.1691429615	1
9.1776778698	-1
9.1776778698	-1
9.1776778698	-1
9.17778205872	-1
9.17778205872	-1
9.17778205872	-1
9.17778205872	-1
9.17778205872	-1
9.17778205872	-1
9.17940998077	-1
9.17940998077	-1
9.21741390228	-1
9.21741390228	-1
9.21752595901	-1
9.21752595901	-1
9.21752595901	-1
9.21752595901	-1
9.21752595901	-1
9.21752595901	-1
9.2341029644	-1
9.2341029644	-1
9.2341029644	-1
9.23981595039	-1
9.23981595039	-1
9.24301195145	-1
9.24301195145	-1
9.24301195145	-1
9.24534487724	-1
9.24534487724	-1
9.24534487724	-1
9.24545884132	-1
9.24545884132	-1
9.24545884132	-1
9.24545884132	-1
9.24545884132	-1
9.24704504013	-1
9.24704504013	-1
9.24704504013	-1
9.2514898777	-1
9.2514898777	-1
9.25160288811	-1
9.25160288811	-1
9.25160288811	-1
9.25213503838	-1
9.25213503838	-1
9.25213503838	-1
9.25213503838	-1
9.25299787521	-1
9.25299787521	-1
9.25299787521	-1
9.25314688683	1
9.25317192078	-1
9.25317192078	-1
9.25317192078	-1
9.25317192078	-1
9.25317192078	-1
9.25317192078	-1
9.25519895554	1
9.25519895554	1
9.25519895554	1
9.29129600525	-1
9.29129600525	-1
9.29129600525	-1
9.29129600525	-1
9.29129600525	-1
9.29129600525	-1
9.29129600525	-1
9.29129600525	-1
9.30776596069	-1
9.30776596069	-1
9.30776596069	-1
9.30776596069	-1
9.30776596069	-1
9.30776596069	-1
9.30776596069	-1
9.30776596069	-1
9.30776596069	-1
9.31646895409	-1
9.31646895409	-1
9.31646895409	-1
9.31646895409	-1
9.31646895409	-1
9.31646895409	-1
9.31646895409	-1
9.31919193268	-1
9.31919193268	-1
9.31919193268	-1
9.31919193268	-1
9.31919193268	-1
9.31919193268	-1
9.31919193268	-1
9.31919193268	-1
9.31919193268	-1
9.32047605515	-1
9.32047605515	-1
9.32047605515	-1
9.32047605515	-1
9.32047605515	-1
9.32047605515	-1
9.32047605515	-1
9.32071805	-1
9.3252530098	-1
9.3252530098	-1
9.3252530098	-1
9.3252530098	-1
9.3252530098	-1
9.3252530098	-1
9.3252530098	-1
9.3252530098	-1
9.32644104958	-1
9.32644104958	-1
9.32644104958	-1
9.32644104958	-1
9.32644104958	-1
9.32644104958	-1
9.32644104958	-1
9.32644104958	-1
9.32682085037	-1
9.32682085037	-1
9.32682085037	-1
9.32682085037	-1
9.32682085037	-1
9.32682085037	-1
9.32682085037	-1
9.32682085037	-1
9.32682085037	-1
9.32682085037	-1
9.32915592194	-1
9.32915592194	-1
9.32915592194	-1
9.32915592194	-1
9.32915592194	-1
9.32915592194	-1
9.32915592194	-1
9.32915592194	-1
9.36495900154	-1
9.36495900154	-1
9.36495900154	-1
9.36495900154	-1
9.3652908802	-1
9.43906092644	-1
9.43909287453	1
9.51260685921	-1
9.51260685921	-1
9.51411890984	1
9.52243590355	-1
9.52243590355	-1
9.52243590355	-1
9.52243590355	-1
9.52243590355	-1
9.57051897049	-1
9.57247805595	-1
9.57247805595	-1
9.57247805595	-1
9.58761000633	1
9.64188885689	-1
9.64188885689	-1
9.64188885689	-1
9.65111088753	-1
9.65111088753	-1
9.65111088753	-1
9.65111088753	-1
9.65111088753	-1
9.65111088753	-1
9.65111088753	-1
9.66070795059	-1
9.66081190109	-1
9.66081190109	-1
9.66081190109	-1
9.66081190109	-1
9.66081190109	-1
9.66081190109	-1
9.66081190109	-1
9.661247015	1
9.661247015	1
9.69117093086	-1
9.69117093086	-1
9.69117093086	-1
9.70934391022	-1
9.70934391022	-1
9.72074985504	-1
9.72074985504	-1
9.72074985504	-1
9.7348549366	1
9.75529885292	-1
9.75529885292	-1
9.75529885292	-1
9.75718188286	-1
9.75718188286	-1
9.75718188286	-1
9.75718188286	-1
9.75718188286	-1
9.77084183693	-1
9.77084183693	-1
9.77084183693	-1
9.77084183693	-1
9.77084183693	-1
9.77084183693	-1
9.77084183693	-1
9.77084183693	-1
9.80842089653	-1
9.80842089653	-1
9.81982684135	-1
9.81982684135	-1
9.81982684135	-1
9.81982684135	-1
9.81982684135	-1
9.81982684135	-1
9.81982684135	-1
9.81982684135	-1
9.8338830471	-1
9.8338830471	-1
9.8338830471	-1
9.8338830471	-1
9.8338830471	-1
9.8338830471	-1
9.8338830471	-1
9.86279392242	-1
9.86279392242	-1
9.86289596558	-1
9.86289596558	-1
9.86289596558	-1
9.86289596558	-1
9.86289596558	-1
9.86397695541	1
9.89318299294	-1
9.91171789169	-1
9.91171789169	-1
9.91171789169	-1
9.91900587082	-1
9.91900587082	-1
9.91900587082	-1
9.93803906441	-1
9.93803906441	-1
9.93803906441	-1
9.93803906441	-1
9.93803906441	-1
9.93803906441	-1
9.93803906441	-1
9.93803906441	-1
9.95588684082	-1
9.95588684082	-1
9.95588684082	-1
9.95588684082	-1
9.95588684082	-1
9.95588684082	-1
9.95588684082	-1
9.96842098236	-1
9.96847200394	-1
9.96847200394	-1
9.96847200394	-1
10.0583648682	-1
10.0771808624	-1
10.0771808624	-1
10.0771808624	-1
10.0820569992	-1
10.0820569992	-1
10.0829439163	1
10.0880758762	-1
10.0880758762	-1
10.0880758762	-1
10.1017229557	-1
10.1017229557	-1
10.1017229557	-1
10.1017229557	-1
10.1017229557	-1
10.1059339046	-1
10.1059339046	-1
10.1059339046	-1
10.1059339046	-1
10.1059339046	-1
10.1059339046	-1
10.1059339046	-1
10.1072859764	-1
10.1072859764	-1
10.1072859764	-1
10.1201660633	-1
10.1214358807	-1
10.1214358807	-1
10.1214358807	-1
10.1214358807	-1
10.1214358807	-1
10.1214358807	-1
10.1214358807	-1
10.123306036	-1
10.123306036	-1
10.123306036	-1
10.123306036	-1
10.123306036	-1
10.126513958	-1
10.1268310547	-1
10.1268310547	-1
10.1268310547	-1
10.1268310547	-1
10.1286840439	-1
10.1287989616	-1
10.1287989616	-1
10.1287989616	-1
10.1287989616	-1
10.1287989616	-1
10.1287989616	-1
10.1287989616	-1
10.132062912	-1
10.132062912	-1
10.132062912	-1
10.132062912	-1
10.132062912	-1
10.1350870132	-1
10.1350870132	-1
10.1350870132	-1
10.1350870132	-1
10.1350870132	-1
10.1350870132	-1
10.1350870132	-1
10.1366200447	-1
10.1366200447	-1
10.1366200447	-1
10.1366200447	-1
10.1366200447	-1
10.1366200447	-1
10.1366200447	-1
10.1366200447	-1
10.1378998756	-1
10.1380059719	-1
10.1380059719	-1
10.1380059719	-1
10.1380059719	-1
10.1380059719	-1
10.1380059719	-1
10.1380059719	-1
10.1506168842	-1
10.1506688595	-1
10.1506688595	-1
10.1506688595	-1
10.1506688595	-1
10.1506688595	-1
10.1506688595	-1
10.1506688595	-1
10.1566429138	-1
10.1566748619	1
10.1566748619	1
10.1753349304	-1
10.1753349304	-1
10.1753349304	-1
10.1753349304	-1
10.1753349304	-1
10.1753349304	-1
10.1753349304	-1
10.1753349304	-1
10.1754939556	-1
10.1754939556	-1
10.1754939556	-1
10.1754939556	-1
10.1754939556	-1
10.1754939556	-1
10.1754939556	-1
10.1754939556	-1
10.1799249649	-1
10.1799249649	-1
10.1799249649	-1
10.1799249649	-1
10.1799249649	-1
10.1799249649	-1
10.1799249649	-1
10.1799249649	-1
10.1938240528	-1
10.1938240528	-1
10.1938240528	-1
10.1938240528	-1
10.1938240528	-1
10.1938240528	-1
10.1938240528	-1
10.1938240528	-1
10.2007510662	-1
10.2007958889	-1
10.2007958889	-1
10.2007958889	-1
10.2007958889	-1
10.2007958889	-1
10.2007958889	-1
10.2007958889	-1
10.2007958889	-1
10.2011010647	-1
10.2011010647	-1
10.2011010647	-1
10.2011010647	-1
10.2011010647	-1
10.2011010647	-1
10.2011010647	-1
10.2011010647	-1
10.202452898	-1
10.202452898	-1
10.202452898	-1
10.202452898	-1
10.202452898	-1
10.202452898	-1
10.202452898	-1
10.202452898	-1
10.2056288719	-1
10.2056288719	-1
10.2056288719	-1
10.2056288719	-1
10.2056288719	-1
10.2056288719	-1
10.2056288719	-1
10.2056288719	-1
10.211523056	-1
10.211523056	-1
10.211523056	-1
10.211523056	-1
10.211523056	-1
10.211523056	-1
10.211523056	-1
10.2118718624	-1
10.2118718624	-1
10.2118718624	-1
10.2118718624	-1
10.2118718624	-1
10.2118718624	-1
10.2118718624	-1
10.2118718624	-1
10.2122409344	-1
10.2122409344	-1
10.2122409344	-1
10.2122409344	-1
10.2122409344	-1
10.2122409344	-1
10.2122409344	-1
10.2122409344	-1
10.2145090103	1
10.2145090103	1
10.2145090103	1
10.2241799831	-1
10.2241799831	-1
10.2241799831	-1
10.2241799831	-1
10.2241799831	-1
10.2241799831	-1
10.2241799831	-1
10.2241799831	-1
10.2534630299	-1
10.2534630299	-1
10.2534630299	-1
10.2534630299	-1
10.2534630299	-1
10.2534630299	-1
10.2534630299	-1
10.2534630299	-1
10.2536280155	-1
10.2536280155	-1
10.2536280155	-1
10.2536280155	-1
10.2536280155	-1
10.2536280155	-1
10.2536280155	-1
10.2536280155	-1
10.2540588379	-1
10.2540588379	-1
10.2540588379	-1
10.2540588379	-1
10.2540588379	-1
10.2540588379	-1
10.2540588379	-1
10.2540588379	-1
10.2543799877	-1
10.2543799877	-1
10.2543799877	-1
10.2543799877	-1
10.2543799877	-1
10.2543799877	-1
10.2543799877	-1
10.2543799877	-1
10.2762348652	-1
10.2762348652	-1
10.2762348652	-1
10.2762348652	-1
10.2762348652	-1
10.2762348652	-1
10.2762348652	-1
10.2765860558	-1
10.2765860558	-1
10.2765860558	-1
10.2765860558	-1
10.2765860558	-1
10.2765860558	-1
10.2765860558	-1
10.2765860558	-1
10.2769529819	-1
10.2769529819	-1
10.2769529819	-1
10.2769529819	-1
10.2769529819	-1
10.2769529819	-1
10.2769529819	-1
10.2769529819	-1
10.2773220539	-1
10.2773220539	-1
10.2773220539	-1
10.2773220539	-1
10.2773220539	-1
10.2773220539	-1
10.2773220539	-1
10.2773220539	-1
10.285905838	-1
10.285905838	-1
10.285905838	-1
10.285905838	-1
10.285905838	-1
10.285905838	-1
10.285905838	-1
10.285905838	-1
10.2862510681	-1
10.2862510681	-1
10.2862510681	-1
10.2862510681	-1
10.2862510681	-1
10.2862510681	-1
10.2862510681	-1
10.2862510681	-1
10.286495924	-1
10.286495924	-1
10.286495924	-1
10.286495924	-1
10.286495924	-1
10.286495924	-1
10.286495924	-1
10.286495924	-1
10.286864996	-1
10.286864996	-1
10.286864996	-1
10.286864996	-1
10.286864996	-1
10.286864996	-1
10.286864996	-1
10.286864996	-1
10.303650856	1
10.303650856	1
10.3272988796	-1
10.3272988796	-1
10.3272988796	-1
10.3272988796	-1
10.4097268581	1
10.4504868984	-1
10.523640871	1
10.5707418919	-1
11.2566509247	-1
11.2657198906	1
11.334882021	1
11.334882021	1
11.334882021	1
11.334882021	1
11.334882021	1
11.334882021	1
11.334882021	1
11.334882021	1
11.334882021	1
11.334882021	1
11.336370945	1
11.3367679119	1
11.3367679119	1
11.3367679119	1
11.3367679119	1
11.3367679119	1
11.3367679119	1
11.3389549255	1
