0.0	1
0.249830961227	1
0.914503097534	-1
0.915325164795	1
1.12901306152	-1
1.12942194939	1
1.13151097298	1
1.13151097298	1
1.13151097298	1
1.13151097298	1
1.13151097298	1
1.13151097298	1
1.96685695648	-1
1.9684381485	1
2.09907007217	-1
2.09907007217	-1
2.10080909729	1
2.23122811317	-1
2.23122811317	-1
2.23127508163	1
2.36668109894	-1
2.36671614647	1
2.36671614647	1
2.62747716904	-1
2.83361101151	-1
2.86464905739	-1
2.86464905739	-1
2.86464905739	-1
2.86464905739	-1
2.86464905739	-1
2.86464905739	-1
2.86464905739	-1
2.98324298859	1
3.06502604485	-1
3.06502604485	-1
3.06502604485	-1
3.06523013115	-1
3.06523013115	-1
3.06523013115	-1
3.06523013115	-1
3.06523013115	-1
3.06523013115	-1
3.06523013115	-1
3.07993102074	-1
3.07998204231	-1
3.07998204231	-1
3.07998204231	-1
3.07998204231	-1
3.07998204231	-1
3.07998204231	-1
3.07998204231	-1
3.23338103294	1
3.26831412315	-1
3.26831412315	-1
3.27130413055	-1
3.27130413055	-1
3.27130413055	-1
3.27130413055	-1
3.27130413055	-1
3.27130413055	-1
3.27130413055	-1
3.56265211105	-1
3.57407712936	1
3.72644615173	-1
3.74211215973	1
3.89810705185	1
3.95244717598	-1
4.33480501175	-1
4.33607697487	1
4.62138295174	-1
4.84792613983	-1
4.85710811615	1
5.12970018387	-1
5.29165101051	-1
5.29165101051	-1
5.29165101051	-1
5.29421305656	-1
5.29421305656	-1
5.29421305656	-1
5.29421305656	-1
5.29421305656	-1
5.29421305656	-1
5.29421305656	-1
5.34387898445	1
5.35630917549	1
5.35630917549	1
5.35630917549	1
5.4824090004	-1
5.4824090004	-1
5.4824090004	-1
5.48697209358	-1
5.48697209358	-1
5.48866415024	1
5.48866415024	1
5.50205516815	1
5.50205516815	1
5.65440416336	1
5.65440416336	1
5.69239211082	-1
5.89214015007	-1
5.91510915756	1
5.91727113724	1
5.91727113724	1
5.91727113724	1
6.06271004677	-1
6.158244133	-1
6.158244133	-1
6.158244133	-1
6.16289114952	-1
6.16289114952	-1
6.16289114952	-1
6.21054315567	-1
6.21054315567	-1
6.21054315567	-1
6.21054315567	-1
6.21054315567	-1
6.21067810059	1
6.27732896805	-1
6.27732896805	-1
6.27732896805	-1
6.28090715408	-1
6.28090715408	-1
6.28090715408	-1
6.28090715408	-1
6.28090715408	-1
6.28090715408	-1
6.28090715408	-1
6.35136508942	1
6.39999103546	-1
6.39999103546	-1
6.39999103546	-1
6.39999103546	-1
6.39999103546	-1
6.39999103546	-1
6.39999103546	-1
6.39999103546	-1
6.40070104599	-1
6.40070104599	-1
6.40070104599	-1
6.40070104599	-1
6.40070104599	-1
6.40265202522	-1
6.44315814972	-1
6.44315814972	-1
6.44315814972	-1
6.44315814972	-1
6.44315814972	-1
6.44315814972	-1
6.44315814972	-1
6.49428915977	1
6.52327299118	-1
6.52327299118	-1
6.52327299118	-1
6.52327299118	-1
6.52327299118	-1
6.52327299118	-1
6.52327299118	-1
6.52327299118	-1
6.52509498596	-1
6.5264980793	1
6.5264980793	1
6.5264980793	1
6.57639408112	-1
6.57639408112	-1
6.57639408112	-1
6.57639408112	-1
6.57639408112	-1
6.57639408112	-1
6.57639408112	-1
6.57639408112	-1
6.57667803764	-1
6.57667803764	-1
6.57667803764	-1
6.770840168	-1
6.770840168	-1
6.770840168	-1
6.77915906906	-1
6.95627999306	-1
7.10205602646	1
7.12240695953	-1
7.12240695953	-1
7.12240695953	-1
7.14684414864	-1
7.14684414864	-1
7.14684414864	-1
7.14684414864	-1
7.14684414864	-1
7.14684414864	-1
7.152987957	-1
7.152987957	-1
7.15370416641	-1
7.15370416641	-1
7.15370416641	-1
7.15370416641	-1
7.15370416641	-1
7.15370416641	-1
7.18506097794	-1
7.18506097794	-1
7.18506097794	-1
7.26410317421	1
7.26410317421	1
7.37768316269	-1
7.37768316269	-1
7.37768316269	-1
8.01235699654	-1
8.32916402817	-1
13.3941371441	-1
16.3453860283	-1
16.5296940804	-1
17.1735630035	1
17.3669700623	1
17.8774960041	-1
18.0296299458	-1
18.0731461048	-1
18.0731461048	-1
18.0731461048	-1
18.0731461048	-1
18.0731461048	-1
18.0731461048	-1
18.1106369495	1
18.1121850014	1
18.1121850014	1
18.1121850014	1
18.1121850014	1
18.1133320332	1
18.1133320332	1
18.1297931671	1
18.1297931671	1
18.4008820057	1
18.4008820057	1
18.6811561584	-1
18.9004449844	-1
19.0378329754	-1
19.1775450706	-1
19.1785571575	1
19.3373999596	-1
19.529405117	-1
19.529405117	-1
19.5309450626	1
19.9623630047	-1
20.1702611446	-1
20.3259210587	-1
20.3259210587	-1
20.3303861618	1
20.409332037	-1
20.409332037	-1
20.409332037	-1
20.4699890614	-1
20.4702279568	1
21.0860710144	-1
21.3104331493	-1
21.3108429909	-1
21.3108429909	-1
21.3108429909	-1
21.3108429909	-1
21.3108429909	-1
21.3108429909	-1
21.3108429909	-1
21.3108429909	-1
21.3249371052	-1
21.3249371052	-1
21.3249371052	-1
21.3249371052	-1
21.3249371052	-1
21.3249371052	-1
21.3249371052	-1
21.5097560883	-1
21.5097560883	-1
21.5097560883	-1
21.5097560883	-1
21.5097560883	-1
21.5097560883	-1
21.5097560883	-1
21.5097560883	-1
21.5107591152	-1
21.5207669735	-1
21.5207669735	-1
21.5208871365	-1
21.5208871365	-1
21.5208871365	-1
21.5210101604	-1
21.5210101604	-1
21.5210101604	-1
21.5210101604	-1
21.5210101604	-1
21.5210101604	-1
21.5210101604	-1
21.5210101604	-1
21.5213780403	-1
21.5213780403	-1
21.5213780403	-1
21.5213780403	-1
21.5213780403	-1
21.5213780403	-1
21.5213780403	-1
21.5230600834	1
21.6734030247	1
21.7167050838	-1
21.7167050838	-1
21.7167050838	-1
21.7167050838	-1
21.7167050838	-1
21.7167050838	-1
21.7167050838	-1
21.7167050838	-1
21.7325370312	-1
21.8832070827	-1
21.8832070827	-1
21.8832070827	-1
21.8832070827	-1
21.8832070827	-1
21.8832070827	-1
21.8832070827	-1
21.8832070827	-1
21.8832070827	-1
21.9052431583	-1
21.9524950981	1
22.0369770527	1
22.0369770527	1
22.0369770527	1
22.0409719944	1
22.0409719944	1
22.0646381378	-1
22.0646381378	-1
22.1047670841	1
22.1047670841	1
22.1104280949	1
22.1104280949	1
22.1104280949	1
22.2499420643	-1
22.2499420643	-1
22.256747961	1
22.4098241329	1
22.6293561459	-1
22.8204050064	-1
22.8204050064	-1
22.8204050064	-1
22.8211910725	-1
22.8211910725	-1
22.8229761124	1
22.8233001232	1
22.8233001232	1
22.8233001232	1
22.8233001232	1
22.8233001232	1
22.8237061501	1
22.8368690014	-1
22.8368690014	-1
22.8368690014	-1
22.8368690014	-1
22.8368690014	-1
22.8368690014	-1
22.8368690014	-1
22.8368690014	-1
22.8447170258	-1
22.845249176	-1
22.845249176	-1
22.9693219662	1
22.9693219662	1
22.9851541519	-1
22.9873321056	1
22.9873321056	1
22.9873321056	1
22.9873321056	1
23.1371409893	-1
23.1371409893	-1
23.3209421635	-1
23.5167410374	-1
23.5181090832	1
23.5976490974	-1
23.5976490974	-1
23.5976490974	-1
23.5977840424	-1
23.5977840424	-1
23.5977840424	-1
23.5977840424	-1
23.5977840424	-1
23.6357190609	-1
23.6357190609	-1
23.6357190609	-1
23.6357190609	-1
23.6357190609	-1
23.6357190609	-1
23.6357190609	-1
23.6357190609	-1
23.6357190609	-1
23.7694480419	-1
23.7694480419	-1
23.7694480419	-1
23.7694480419	-1
23.7694480419	-1
23.7694480419	-1
23.7696211338	-1
23.7696211338	-1
23.7696211338	-1
23.7696211338	-1
23.8120000362	-1
23.8147161007	-1
23.8147161007	-1
23.8147161007	-1
23.8147161007	-1
23.8147161007	-1
23.8147161007	-1
23.8147161007	-1
23.8363759518	-1
23.8363759518	-1
23.8363759518	-1
23.8363759518	-1
23.8363759518	-1
23.8363759518	-1
23.8363759518	-1
23.9017851353	-1
23.9017851353	-1
23.9017851353	-1
23.9017851353	-1
23.9017851353	-1
23.9017851353	-1
23.9017851353	-1
23.9017851353	-1
23.9842481613	-1
24.0039350986	-1
24.0039350986	-1
24.0039350986	-1
24.0039350986	-1
24.0039350986	-1
24.0039350986	-1
24.0056650639	-1
24.0056650639	-1
24.0056650639	-1
24.0056650639	-1
24.0056650639	-1
24.0056650639	-1
24.0063199997	-1
24.0063199997	-1
24.0063199997	-1
24.0063199997	-1
24.0063199997	-1
24.0063199997	-1
24.0063199997	-1
24.0063199997	-1
24.0074961185	1
24.0933861732	-1
24.0933861732	-1
24.0958399773	-1
24.0958399773	-1
24.0958399773	-1
24.0958399773	-1
24.0958399773	-1
24.0958399773	-1
24.0958399773	-1
24.0958399773	-1
24.0961191654	-1
24.0961191654	-1
24.0961191654	-1
24.0961191654	-1
24.0961191654	-1
24.0961191654	-1
24.107475996	1
24.107475996	1
24.107475996	1
24.1464209557	-1
24.1464209557	-1
24.1464209557	-1
24.1464209557	-1
24.1464209557	-1
24.1464209557	-1
24.1464209557	-1
24.1464209557	-1
24.1620261669	1
24.2002120018	-1
24.2097301483	-1
24.2097301483	-1
24.2097301483	-1
24.2097301483	-1
24.2097301483	-1
24.2097301483	-1
24.2097301483	-1
24.2097301483	-1
24.2097301483	-1
24.2100861073	-1
24.2100861073	-1
24.2100861073	-1
24.2100861073	-1
24.2100861073	-1
24.2108011246	-1
24.2108011246	-1
24.2108011246	-1
24.2108011246	-1
24.2108011246	-1
24.2108011246	-1
24.2108011246	-1
24.2108011246	-1
24.2691931725	-1
24.2691931725	-1
24.3006470203	-1
24.3115160465	-1
24.3115160465	-1
24.3115160465	-1
24.3115160465	-1
24.3115160465	-1
24.3115160465	-1
24.3209760189	-1
24.3209760189	-1
24.3209760189	-1
24.3209760189	-1
24.3209760189	-1
24.3209760189	-1
24.3209760189	-1
24.3209760189	-1
24.3287081718	-1
24.3287081718	-1
24.3287081718	-1
24.3287081718	-1
24.3287081718	-1
24.3287081718	-1
24.3287081718	-1
24.3299469948	1
24.337651968	-1
24.4276809692	-1
24.4276809692	-1
24.4276809692	-1
24.4276809692	-1
24.4276809692	-1
24.4276809692	-1
24.4276809692	-1
24.4276809692	-1
24.4326901436	-1
24.4352209568	-1
24.4352209568	-1
24.4352209568	-1
24.4352209568	-1
24.4352209568	-1
24.4352209568	-1
24.4352209568	-1
24.4384200573	-1
24.4384200573	-1
24.4384200573	-1
24.4384200573	-1
24.4384200573	-1
24.4384200573	-1
24.4384200573	-1
24.4672551155	-1
24.4967141151	-1
24.4967141151	-1
24.4967141151	-1
24.4967141151	-1
24.4967141151	-1
24.4967141151	-1
24.4967141151	-1
24.4967501163	1
24.4967501163	1
24.4969480038	-1
24.4970700741	-1
24.4970700741	-1
24.4970700741	-1
24.4970700741	-1
24.4970700741	-1
24.4970700741	-1
24.4970700741	-1
24.4973151684	-1
24.4973151684	-1
24.4978721142	-1
24.4978721142	-1
24.4978721142	-1
24.4978721142	-1
24.4978721142	-1
24.4978721142	-1
24.4978721142	-1
24.5127279758	-1
24.513461113	-1
24.513461113	-1
24.513461113	-1
24.513461113	-1
24.513461113	-1
24.513461113	-1
24.513461113	-1
24.513461113	-1
24.53125	-1
24.53125	-1
24.53125	-1
24.53125	-1
24.53125	-1
24.609801054	-1
24.609801054	-1
24.612830162	-1
24.612830162	-1
24.612830162	-1
24.612830162	-1
24.612830162	-1
24.612830162	-1
24.612830162	-1
24.612830162	-1
24.6130840778	-1
24.6130840778	-1
24.6130840778	-1
24.6130840778	-1
24.6130840778	-1
24.6130840778	-1
24.6130840778	-1
24.6783370972	-1
24.6783370972	-1
24.6783370972	-1
24.6783370972	-1
24.6783370972	-1
24.6783370972	-1
24.6783370972	-1
24.6783370972	-1
24.6783511639	1
24.6783511639	1
24.6801569462	-1
24.6801569462	-1
24.6801569462	-1
24.6801569462	-1
24.6801569462	-1
24.6801569462	-1
24.6801569462	-1
24.6821370125	-1
24.7287671566	-1
24.7287671566	-1
24.7297079563	-1
24.7297079563	-1
24.7297079563	-1
24.7297079563	-1
24.7297079563	-1
24.7297079563	-1
24.7297079563	-1
24.8418281078	-1
24.8418281078	-1
24.8418281078	-1
24.8418281078	-1
24.8418281078	-1
24.8418281078	-1
24.8418281078	-1
24.8418610096	1
24.8435001373	-1
24.8450300694	-1
24.8450300694	-1
24.8450300694	-1
24.8450300694	-1
24.8450300694	-1
24.8450300694	-1
24.8450300694	-1
24.8459031582	-1
24.8459031582	-1
24.8459031582	-1
24.8459031582	-1
24.8459031582	-1
24.8459031582	-1
24.8459031582	-1
24.8763551712	-1
24.8763551712	-1
24.8763871193	-1
24.8763871193	-1
24.8763871193	-1
24.8763871193	-1
24.8763871193	-1
24.8763871193	-1
24.8763871193	-1
24.9167180061	-1
24.9167180061	-1
24.9167180061	-1
24.9901161194	-1
24.9901480675	1
25.1220619678	1
25.1220619678	1
25.1220619678	1
25.1220619678	1
25.1220619678	1
25.1657459736	-1
25.1657459736	-1
25.1657459736	-1
25.1657459736	-1
25.1657459736	-1
25.1657459736	-1
25.3126080036	1
25.3126080036	1
25.4671051502	-1
25.469233036	-1
25.469233036	-1
25.469233036	-1
25.469233036	-1
25.469233036	-1
25.469233036	-1
25.469233036	-1
25.4708631039	-1
25.4708631039	-1
25.4708631039	-1
25.4708631039	-1
25.4708631039	-1
25.4708631039	-1
25.4708631039	-1
25.4736561775	-1
25.4736561775	-1
25.4736561775	-1
25.4736561775	-1
25.4736561775	-1
25.4736561775	-1
25.4736561775	-1
25.4736561775	-1
25.6047661304	-1
25.6521291733	-1
25.6521291733	-1
25.6521291733	-1
25.6521291733	-1
25.6521291733	-1
25.6521291733	-1
25.6521291733	-1
25.6521291733	-1
25.6536250114	-1
25.6553640366	-1
25.6553640366	-1
25.6553640366	-1
25.6553640366	-1
25.6553640366	-1
25.6553640366	-1
25.6553640366	-1
25.6553640366	-1
25.7418041229	1
25.8484811783	-1
25.8484811783	-1
25.8484811783	-1
25.8484811783	-1
25.8484811783	-1
26.0291380882	-1
26.2613661289	-1
26.2796871662	1
26.4083001614	1
26.4083001614	1
26.4083001614	1
26.4086060524	1
26.4086060524	1
26.4086060524	1
26.4086990356	1
26.4086990356	1
26.4088420868	1
26.4088420868	1
26.4088420868	1
26.4091880322	1
26.4091880322	1
26.4091880322	1
26.4091880322	1
26.4093301296	1
26.5766251087	1
