0.0	1
0.250405073166	1
0.97865819931	-1
0.979575157166	1
1.15782999992	-1
1.15853905678	1
1.16198801994	1
1.16198801994	1
1.16198801994	1
1.27307105064	1
1.27307105064	1
2.12104415894	-1
2.1226811409	1
2.30398201942	-1
2.30535697937	1
2.3133289814	-1
2.3133289814	-1
2.3133289814	-1
2.41999602318	1
2.57115697861	1
3.00232219696	-1
3.16551709175	-1
3.16900610924	-1
3.16900610924	-1
3.16900610924	-1
3.16900610924	-1
3.16900610924	-1
3.16900610924	-1
3.16900610924	-1
3.29342412949	1
3.34962201118	-1
3.34962201118	-1
3.34962201118	-1
3.35103201866	-1
3.35103201866	-1
3.35103201866	-1
3.35103201866	-1
3.35103201866	-1
3.40828919411	1
3.43241810799	-1
3.43241810799	-1
3.43241810799	-1
3.43241810799	-1
3.43241810799	-1
3.43241810799	-1
3.43241810799	-1
3.43241810799	-1
3.43455410004	-1
3.44243502617	1
3.44243502617	1
3.44243502617	1
3.46589517593	-1
3.46589517593	-1
3.46589517593	-1
3.46589517593	-1
3.46589517593	-1
3.46589517593	-1
3.46589517593	-1
3.46589517593	-1
3.52571105957	1
3.52571105957	1
3.5571231842	1
3.5571231842	1
3.58266496658	-1
3.58266496658	-1
3.58266496658	-1
3.58266496658	-1
3.58266496658	-1
3.58266496658	-1
3.58266496658	-1
3.58266496658	-1
3.5918211937	-1
3.60228919983	-1
3.60228919983	-1
3.60228919983	-1
3.60228919983	-1
3.60228919983	-1
3.60228919983	-1
3.62183403969	-1
3.62183403969	-1
3.62183403969	-1
3.62183403969	-1
3.62183403969	-1
3.62183403969	-1
3.62183403969	-1
3.62183403969	-1
3.63734507561	-1
3.63734507561	-1
3.63744807243	-1
3.63744807243	-1
3.63744807243	-1
3.63744807243	-1
3.63744807243	-1
3.63744807243	-1
3.63744807243	-1
3.68645119667	-1
3.68645119667	-1
3.68645119667	-1
3.68645119667	-1
3.68645119667	-1
3.68645119667	-1
3.68645119667	-1
3.70605516434	-1
3.70627713203	-1
3.70627713203	-1
3.70627713203	-1
3.70627713203	-1
3.70627713203	-1
3.70627713203	-1
3.70726418495	1
3.72976708412	-1
3.72976708412	-1
3.72980117798	-1
3.72980117798	-1
3.72980117798	-1
3.72980117798	-1
3.72980117798	-1
3.72980117798	-1
3.72980117798	-1
3.74614620209	-1
3.75384497643	-1
3.75384497643	-1
3.75384497643	-1
3.77568912506	1
3.77568912506	1
3.77568912506	1
3.79857110977	-1
3.79857110977	-1
3.79857110977	-1
3.79857110977	-1
3.79857110977	-1
3.80196905136	-1
3.80196905136	-1
3.84596800804	-1
3.90654301643	-1
3.90654301643	-1
3.90654301643	-1
3.90654301643	-1
3.91692614555	-1
3.91692614555	-1
3.91692614555	-1
3.92298007011	-1
3.99219608307	-1
3.99219608307	-1
3.99219608307	-1
3.99219608307	-1
4.01052618027	-1
4.06190514565	-1
4.06190514565	-1
4.06190514565	-1
4.06190514565	-1
4.06190514565	-1
4.06633019447	-1
4.08986020088	-1
4.08986020088	-1
4.08986020088	-1
4.08986020088	-1
4.08986020088	-1
4.08986020088	-1
4.08986020088	-1
4.16177916527	-1
4.16286301613	1
4.16495418549	-1
4.16495418549	-1
4.16495418549	-1
4.16495418549	-1
4.16495418549	-1
4.32514500618	-1
4.32999205589	-1
4.32999205589	-1
4.32999205589	-1
4.32999205589	-1
4.32999205589	-1
4.32999205589	-1
4.32999205589	-1
4.33841109276	-1
4.33851408958	-1
4.33851408958	-1
4.33851408958	-1
4.33851408958	-1
4.33851408958	-1
4.33851408958	-1
4.34080910683	1
4.34094405174	1
4.34094405174	1
4.34094405174	1
4.34979510307	-1
4.34979510307	-1
4.34979510307	-1
4.34979510307	-1
4.34979510307	-1
4.34979510307	-1
4.34979510307	-1
4.34979510307	-1
4.36142396927	-1
4.36142396927	-1
4.36142396927	-1
4.36142396927	-1
4.36142396927	-1
4.36142396927	-1
4.36142396927	-1
4.36142396927	-1
4.46078896523	1
4.46078896523	1
4.54200911522	-1
4.54200911522	-1
4.54200911522	-1
4.54200911522	-1
4.54200911522	-1
4.54200911522	-1
4.54200911522	-1
4.54200911522	-1
4.54200911522	-1
4.55443811417	-1
4.55774712563	1
4.55774712563	1
4.55774712563	1
4.55774712563	1
4.55774712563	1
4.55774712563	1
4.55774712563	1
4.66912007332	-1
4.66912007332	-1
4.73990797997	1
4.82090616226	-1
4.93577313423	-1
4.93577313423	-1
5.25559997559	-1
5.37035012245	-1
5.38152909279	-1
5.38152909279	-1
5.38152909279	-1
5.38152909279	-1
5.38152909279	-1
5.38152909279	-1
5.38152909279	-1
5.38260197639	1
5.43223500252	-1
5.43788814545	-1
5.43788814545	-1
5.43788814545	-1
5.4390540123	1
5.4390540123	1
5.4390540123	1
5.47931408882	-1
5.47931408882	-1
5.47931408882	-1
5.47931408882	-1
5.47931408882	-1
5.59962916374	-1
5.59962916374	-1
5.59962916374	-1
5.60910797119	-1
5.60910797119	-1
5.60910797119	-1
5.60910797119	-1
5.60910797119	-1
5.62258601189	-1
5.62258601189	-1
5.62258601189	-1
5.62258601189	-1
5.62258601189	-1
5.62258601189	-1
5.62258601189	-1
5.62258601189	-1
5.63065314293	-1
5.63748598099	-1
5.63748598099	-1
5.63748598099	-1
5.63748598099	-1
5.63748598099	-1
5.63748598099	-1
5.63748598099	-1
5.64486312866	-1
5.64604711533	1
5.65078496933	-1
5.65078496933	-1
5.65078496933	-1
5.65078496933	-1
5.65078496933	-1
5.65078496933	-1
5.66489219666	-1
5.66489219666	-1
5.72489714622	-1
5.72489714622	-1
5.72489714622	-1
5.73433804512	-1
5.73433804512	-1
5.73433804512	-1
5.73433804512	-1
5.73433804512	-1
5.73433804512	-1
5.73433804512	-1
5.73433804512	-1
5.77744197845	-1
5.77744197845	-1
5.77744197845	-1
5.77744197845	-1
5.77744197845	-1
5.77744197845	-1
5.77744197845	-1
5.77744197845	-1
5.77747607231	1
5.7815990448	-1
5.78731298447	-1
5.78731298447	-1
5.78731298447	-1
5.78731298447	-1
5.78731298447	-1
5.78731298447	-1
5.78731298447	-1
5.79257702827	-1
5.80044317245	-1
5.80044317245	-1
5.80044317245	-1
5.80044317245	-1
5.80044317245	-1
5.80044317245	-1
5.80044317245	-1
5.81227517128	-1
5.81232309341	-1
5.81232309341	-1
5.81232309341	-1
5.81232309341	-1
5.81232309341	-1
5.81232309341	-1
5.84115219116	-1
5.84115219116	-1
5.84115219116	-1
5.84115219116	-1
5.84115219116	-1
5.84115219116	-1
5.84115219116	-1
5.84115219116	-1
5.84137797356	-1
5.88910007477	-1
5.88910007477	-1
5.88910007477	-1
5.88910007477	-1
5.88910007477	-1
5.88910007477	-1
5.88910007477	-1
5.90353012085	-1
5.90356016159	1
5.90358614922	-1
5.90358614922	-1
5.90358614922	-1
5.90358614922	-1
5.90358614922	-1
5.90358614922	-1
5.90358614922	-1
5.90672302246	-1
5.90672302246	-1
5.90672302246	-1
5.90672302246	-1
5.90672302246	-1
5.90672302246	-1
5.90672302246	-1
5.90672302246	-1
5.95675206184	-1
6.05504202843	1
6.06580209732	-1
6.06580209732	-1
6.06580209732	-1
6.06580209732	-1
6.06580209732	-1
6.06580209732	-1
6.26553106308	-1
6.43689703941	-1
6.61868906021	-1
6.6778280735	-1
6.6778280735	-1
6.6778280735	-1
6.90700507164	-1
7.15024805069	-1
7.43648099899	-1
7.79464817047	-1
7.93851709366	-1
8.12210512161	-1
8.23684716225	-1
8.23684716225	-1
8.52109408379	-1
11.9147520065	-1
14.6036221981	-1
14.8396530151	-1
15.6781451702	1
15.7925870419	1
16.3535020351	1
16.3574690819	1
16.3574690819	1
16.3574690819	1
16.3574690819	1
16.3622481823	1
16.3622481823	1
16.3645811081	1
16.3645811081	1
16.4679481983	1
16.4679481983	1
16.5223901272	-1
16.6112570763	1
16.6112570763	1
16.6112570763	1
16.6228761673	1
16.7066681385	-1
16.9491140842	-1
17.1210920811	-1
17.1223721504	1
17.2798831463	-1
17.2810280323	1
17.3067951202	-1
17.3067951202	-1
17.3067951202	-1
17.3957741261	-1
17.3958160877	1
17.5106110573	-1
17.5106110573	-1
17.6796491146	-1
17.7943921089	-1
17.7956330776	1
17.8533911705	-1
17.8533911705	-1
17.8533911705	-1
18.0370211601	-1
18.1821520329	-1
18.3330590725	-1
18.3330590725	-1
18.3923890591	-1
18.3923890591	-1
18.3923890591	-1
18.3981091976	1
18.512567997	1
18.6273770332	-1
18.6273770332	-1
18.9086740017	-1
19.2965869904	-1
19.4778590202	-1
19.4814400673	-1
19.4814400673	-1
19.4814400673	-1
19.4814400673	-1
19.4814400673	-1
19.4814400673	-1
19.4814400673	-1
19.5150120258	-1
19.5150120258	-1
19.5150120258	-1
19.5150120258	-1
19.5150120258	-1
19.5150120258	-1
19.6332910061	1
19.7027881145	1
19.7027881145	1
19.7027881145	1
19.7500619888	-1
19.9071919918	1
19.9811689854	-1
20.3591790199	-1
20.4390439987	-1
20.4390439987	-1
20.4390439987	-1
20.4390439987	-1
20.4390439987	-1
20.4390439987	-1
20.4390439987	-1
20.4390439987	-1
20.6169140339	-1
20.6169140339	-1
20.6169140339	-1
20.6169140339	-1
20.6169140339	-1
20.6169140339	-1
20.6169140339	-1
20.6169140339	-1
20.6277141571	-1
20.6277141571	-1
20.6277141571	-1
20.6277141571	-1
20.6277141571	-1
20.6277141571	-1
20.6277141571	-1
20.6485271454	-1
20.6485271454	-1
20.6485271454	-1
20.6485271454	-1
20.6485271454	-1
20.6485271454	-1
20.6485271454	-1
20.6485271454	-1
20.6716461182	-1
20.6727969646	1
20.694904089	-1
20.694904089	-1
20.694904089	-1
20.694904089	-1
20.694904089	-1
20.694904089	-1
20.694904089	-1
20.7427070141	-1
20.7428870201	-1
20.7428870201	-1
20.7428870201	-1
20.7428870201	-1
20.7428870201	-1
20.7428870201	-1
20.7428870201	-1
20.7431330681	-1
20.7872200012	1
20.8080949783	-1
20.8080949783	-1
20.8080949783	-1
20.8080949783	-1
20.8080949783	-1
20.9386510849	1
20.9904801846	-1
21.0531749725	1
21.1745741367	-1
21.2596361637	1
21.8397700787	-1
21.9086201191	1
21.9355401993	-1
21.9355401993	-1
21.9355401993	-1
21.9355401993	-1
21.9355401993	-1
21.9355401993	-1
21.9355401993	-1
21.9355401993	-1
22.0563220978	-1
22.0563220978	-1
22.0563220978	-1
22.0563220978	-1
22.0563220978	-1
22.0563220978	-1
22.0563220978	-1
22.0563220978	-1
22.0614821911	-1
22.0614821911	-1
22.0614821911	-1
22.0614821911	-1
22.0614821911	-1
22.0614821911	-1
22.0614821911	-1
22.0765140057	-1
22.0765140057	-1
22.0765140057	-1
22.0765140057	-1
22.0765140057	-1
22.0765140057	-1
22.0765140057	-1
22.0765140057	-1
22.1102011204	-1
22.1102011204	-1
22.1115281582	1
22.1710870266	-1
22.1710870266	-1
22.1710870266	-1
22.1710870266	-1
22.1710870266	-1
22.1710870266	-1
22.1712920666	-1
22.2342231274	-1
22.2342231274	-1
22.2342231274	-1
22.2342231274	-1
22.2342231274	-1
22.2342231274	-1
22.2342231274	-1
22.2342231274	-1
22.2386450768	-1
22.2386450768	-1
22.2386450768	-1
22.2386450768	-1
22.2386450768	-1
22.2386450768	-1
22.2386450768	-1
22.2499070168	-1
22.2499070168	-1
22.2499070168	-1
22.2499070168	-1
22.2499070168	-1
22.2499070168	-1
22.2499070168	-1
22.2499070168	-1
22.2641601562	-1
22.2641601562	-1
22.2641601562	-1
22.2860991955	-1
22.2860991955	-1
22.287635088	1
22.3819191456	1
22.3819191456	1
22.3819191456	1
22.5778980255	1
22.6944081783	-1
22.6944441795	1
22.909883976	1
22.9100551605	1
22.9100551605	1
22.9100551605	1
23.0039319992	-1
23.167329073	-1
23.2262890339	-1
23.2262890339	-1
23.2262890339	-1
23.2262890339	-1
23.2262890339	-1
23.2262890339	-1
23.2262890339	-1
23.2790660858	-1
23.2823581696	-1
23.2823581696	-1
23.2823581696	-1
23.2823581696	-1
23.2823581696	-1
23.2823581696	-1
23.2823581696	-1
23.2823581696	-1
23.2830381393	1
23.3675282001	-1
23.3675282001	-1
23.3675282001	-1
23.3675282001	-1
23.3675282001	-1
23.3675282001	-1
23.3675282001	-1
23.4107401371	-1
23.4181540012	-1
23.4181540012	-1
23.4181540012	-1
23.4181540012	-1
23.4181540012	-1
23.4181540012	-1
23.4181540012	-1
23.4181540012	-1
23.4239079952	-1
23.425620079	1
23.443431139	-1
23.443431139	-1
23.443431139	-1
23.443431139	-1
23.443431139	-1
23.443431139	-1
23.459498167	-1
23.459498167	-1
23.459498167	-1
23.459498167	-1
23.459498167	-1
23.4983861446	-1
23.4983861446	-1
23.5330171585	-1
23.5330171585	-1
23.5330171585	-1
23.5330171585	-1
23.5330171585	-1
23.5330171585	-1
23.5545811653	-1
23.5545811653	-1
23.5545811653	-1
23.5545811653	-1
23.5545811653	-1
23.5545811653	-1
23.5545811653	-1
23.5545811653	-1
23.5558722019	1
23.606757164	-1
23.606757164	-1
23.606757164	-1
23.606757164	-1
23.606757164	-1
23.606757164	-1
23.606757164	-1
23.606757164	-1
23.606757164	-1
23.7649981976	-1
23.7649981976	-1
23.7670660019	1
23.8801500797	-1
23.9186131954	1
23.9186131954	1
24.3352711201	-1
24.5098080635	-1
24.612883091	-1
24.612883091	-1
24.612883091	-1
24.6390399933	1
24.7535381317	1
24.7535381317	1
24.7873120308	-1
24.9409661293	-1
24.9568581581	-1
24.9568581581	-1
24.9568581581	-1
24.9568581581	-1
24.9568581581	-1
24.9568581581	-1
24.9568581581	-1
24.9620771408	-1
24.9620771408	-1
24.9620771408	-1
24.9620771408	-1
24.9620771408	-1
24.9620771408	-1
25.0682229996	1
25.2401211262	-1
25.2401599884	1
25.2401599884	1
25.5057170391	-1
25.5064880848	1
25.6210341454	1
25.7825629711	-1
25.9621939659	-1
26.2035021782	-1
26.4508450031	-1
26.5006911755	1
26.7527351379	-1
26.9080061913	1
26.9081990719	1
26.9081990719	1
26.9081990719	1
26.9102051258	1
26.9102051258	1
26.9102051258	1
26.9102051258	1
26.9102051258	1
26.9102051258	1
26.9104130268	1
26.9104130268	1
26.9104130268	1
26.9104130268	1
27.0090470314	-1
27.0090470314	-1
