0.0	-1
0.0	-1
0.00098991394043	1
0.0967698097229	1
0.152786970139	-1
0.153553009033	1
0.208712816238	-1
0.208755970001	1
0.264231920242	-1
0.264498949051	-1
0.264498949051	-1
0.264498949051	-1
0.264498949051	-1
0.264498949051	-1
0.264498949051	-1
0.264498949051	-1
0.264498949051	-1
0.264743804932	-1
0.264743804932	-1
0.264743804932	-1
0.264743804932	-1
0.264743804932	-1
0.264743804932	-1
0.264743804932	-1
0.264743804932	-1
0.265014886856	-1
0.265014886856	-1
0.265014886856	-1
0.265014886856	-1
0.265014886856	-1
0.265014886856	-1
0.265014886856	-1
0.265014886856	-1
0.265479803085	-1
0.265479803085	-1
0.265479803085	-1
0.265479803085	-1
0.265479803085	-1
0.265479803085	-1
0.265479803085	-1
0.265479803085	-1
0.320360898972	-1
0.320360898972	-1
0.320360898972	-1
0.320360898972	-1
0.320360898972	-1
0.320360898972	-1
0.320360898972	-1
0.320997953415	-1
0.320997953415	-1
0.320997953415	-1
0.320997953415	-1
0.320997953415	-1
0.320997953415	-1
0.320997953415	-1
0.320997953415	-1
0.32136797905	-1
0.32136797905	-1
0.32136797905	-1
0.32136797905	-1
0.32136797905	-1
0.32136797905	-1
0.32136797905	-1
0.32136797905	-1
0.32161283493	-1
0.32161283493	-1
0.32161283493	-1
0.32161283493	-1
0.32161283493	-1
0.32161283493	-1
0.32161283493	-1
0.32161283493	-1
0.321980953217	-1
0.321980953217	-1
0.321980953217	-1
0.321980953217	-1
0.321980953217	-1
0.321980953217	-1
0.321980953217	-1
0.321980953217	-1
0.32309794426	1
0.375840902328	-1
0.375840902328	-1
0.375840902328	-1
0.375840902328	-1
0.375840902328	-1
0.375840902328	-1
0.375840902328	-1
0.375840902328	-1
0.376209020615	-1
0.376209020615	-1
0.376209020615	-1
0.376209020615	-1
0.376209020615	-1
0.376209020615	-1
0.376209020615	-1
0.376209020615	-1
0.376782894135	-1
0.376782894135	-1
0.376782894135	-1
0.376782894135	-1
0.376782894135	-1
0.376782894135	-1
0.376782894135	-1
0.376782894135	-1
0.377151966095	-1
0.377151966095	-1
0.377151966095	-1
0.377151966095	-1
0.377151966095	-1
0.377151966095	-1
0.377151966095	-1
0.377518892288	-1
0.377518892288	-1
0.377518892288	-1
0.377518892288	-1
0.377518892288	-1
0.377518892288	-1
0.377518892288	-1
0.377518892288	-1
0.377887964249	-1
0.377887964249	-1
0.377887964249	-1
0.377887964249	-1
0.377887964249	-1
0.377887964249	-1
0.377887964249	-1
0.377887964249	-1
0.378134965897	-1
0.378134965897	-1
0.378134965897	-1
0.378134965897	-1
0.378134965897	-1
0.378134965897	-1
0.378134965897	-1
0.378134965897	-1
0.417745828629	1
0.417745828629	1
0.447104930878	-1
0.447104930878	-1
0.447104930878	-1
0.447104930878	-1
0.447104930878	-1
0.447104930878	-1
0.447104930878	-1
0.447104930878	-1
0.447453975677	-1
0.447453975677	-1
0.447453975677	-1
0.447453975677	-1
0.447453975677	-1
0.447453975677	-1
0.447453975677	-1
0.447453975677	-1
0.447825908661	-1
0.447825908661	-1
0.447825908661	-1
0.447825908661	-1
0.447825908661	-1
0.447825908661	-1
0.447825908661	-1
0.447825908661	-1
0.448190927505	-1
0.448190927505	-1
0.448190927505	-1
0.448190927505	-1
0.448190927505	-1
0.448190927505	-1
0.448190927505	-1
0.448190927505	-1
0.448559999466	-1
0.448559999466	-1
0.448559999466	-1
0.448559999466	-1
0.448559999466	-1
0.448559999466	-1
0.448559999466	-1
0.448927879333	-1
0.448927879333	-1
0.448927879333	-1
0.448927879333	-1
0.448927879333	-1
0.448927879333	-1
0.448927879333	-1
0.448927879333	-1
0.449173927307	-1
0.449173927307	-1
0.449173927307	-1
0.449173927307	-1
0.449173927307	-1
0.449173927307	-1
0.449173927307	-1
0.449173927307	-1
0.449542999268	-1
0.449542999268	-1
0.449542999268	-1
0.449542999268	-1
0.449542999268	-1
0.449542999268	-1
0.449542999268	-1
0.449542999268	-1
0.472867965698	1
0.503706932068	-1
0.503706932068	-1
0.503706932068	-1
0.503706932068	-1
0.503706932068	-1
0.503706932068	-1
0.503706932068	-1
0.503706932068	-1
0.504056930542	-1
0.504056930542	-1
0.504056930542	-1
0.504056930542	-1
0.504056930542	-1
0.504056930542	-1
0.504056930542	-1
0.504056930542	-1
0.50442481041	-1
0.50442481041	-1
0.50442481041	-1
0.50442481041	-1
0.50442481041	-1
0.50442481041	-1
0.50442481041	-1
0.50442481041	-1
0.50479388237	-1
0.50479388237	-1
0.50479388237	-1
0.50479388237	-1
0.50479388237	-1
0.50479388237	-1
0.50479388237	-1
0.50479388237	-1
0.505085945129	-1
0.505085945129	-1
0.505085945129	-1
0.505085945129	-1
0.505085945129	-1
0.505085945129	-1
0.505085945129	-1
0.505550861359	-1
0.505550861359	-1
0.505550861359	-1
0.505550861359	-1
0.505550861359	-1
0.505550861359	-1
0.505550861359	-1
0.505550861359	-1
0.505796909332	-1
0.505796909332	-1
0.505796909332	-1
0.505796909332	-1
0.505796909332	-1
0.505796909332	-1
0.505796909332	-1
0.505796909332	-1
0.506068944931	-1
0.506068944931	-1
0.506068944931	-1
0.506068944931	-1
0.506068944931	-1
0.506068944931	-1
0.506068944931	-1
0.506068944931	-1
0.50653386116	-1
0.50653386116	-1
0.50653386116	-1
0.50653386116	-1
0.50653386116	-1
0.50653386116	-1
0.50653386116	-1
0.50653386116	-1
0.506805896759	-1
0.506805896759	-1
0.506805896759	-1
0.506805896759	-1
0.506805896759	-1
0.506805896759	-1
0.506805896759	-1
0.506805896759	-1
0.508724927902	1
0.508724927902	1
0.508724927902	1
0.528570890427	-1
0.528570890427	-1
0.528570890427	-1
0.528570890427	-1
0.528570890427	-1
0.528570890427	-1
0.528570890427	-1
0.528570890427	-1
0.559494018555	-1
0.559494018555	-1
0.559494018555	-1
0.559494018555	-1
0.559494018555	-1
0.559494018555	-1
0.559494018555	-1
0.559494018555	-1
0.559840917587	-1
0.559840917587	-1
0.559840917587	-1
0.559840917587	-1
0.559840917587	-1
0.559840917587	-1
0.559840917587	-1
0.560708999634	-1
0.560708999634	-1
0.560708999634	-1
0.560708999634	-1
0.560708999634	-1
0.560708999634	-1
0.560708999634	-1
0.560708999634	-1
0.561007976532	-1
0.561007976532	-1
0.561007976532	-1
0.561007976532	-1
0.561007976532	-1
0.561007976532	-1
0.561007976532	-1
0.561007976532	-1
0.561376810074	-1
0.561376810074	-1
0.561376810074	-1
0.561376810074	-1
0.561376810074	-1
0.561376810074	-1
0.561376810074	-1
0.561376810074	-1
0.561745882034	-1
0.561745882034	-1
0.561745882034	-1
0.561745882034	-1
0.561745882034	-1
0.561745882034	-1
0.561745882034	-1
0.561745882034	-1
0.56211400032	-1
0.56211400032	-1
0.56211400032	-1
0.56211400032	-1
0.56211400032	-1
0.56211400032	-1
0.56211400032	-1
0.56211400032	-1
0.562485933304	-1
0.562485933304	-1
0.562485933304	-1
0.562485933304	-1
0.562485933304	-1
0.562485933304	-1
0.562485933304	-1
0.562485933304	-1
0.562852859497	-1
0.562852859497	-1
0.562852859497	-1
0.562852859497	-1
0.562852859497	-1
0.562852859497	-1
0.562852859497	-1
0.562852859497	-1
0.563220024109	-1
0.563220024109	-1
0.563220024109	-1
0.563220024109	-1
0.563220024109	-1
0.563220024109	-1
0.563220024109	-1
0.563556909561	-1
0.563556909561	-1
0.563556909561	-1
0.563556909561	-1
0.563556909561	-1
0.563556909561	-1
0.563556909561	-1
0.563556909561	-1
0.563758850098	-1
0.563758850098	-1
0.563758850098	-1
0.563758850098	-1
0.563758850098	-1
0.563758850098	-1
0.563758850098	-1
0.563758850098	-1
0.564222812653	-1
0.564222812653	-1
0.564222812653	-1
0.564222812653	-1
0.564222812653	-1
0.564222812653	-1
0.564222812653	-1
0.564222812653	-1
0.56516289711	1
0.56516289711	1
0.56516289711	1
0.58384680748	-1
0.58384680748	-1
0.58384680748	-1
0.58384680748	-1
0.58384680748	-1
0.58384680748	-1
0.58384680748	-1
0.58384680748	-1
0.584216833115	-1
0.584216833115	-1
0.584216833115	-1
0.584216833115	-1
0.584216833115	-1
0.584216833115	-1
0.584216833115	-1
0.584216833115	-1
0.584681034088	-1
0.584681034088	-1
0.584681034088	-1
0.584681034088	-1
0.584681034088	-1
0.584681034088	-1
0.584681034088	-1
0.584681034088	-1
0.614856004715	-1
0.614856004715	-1
0.614856004715	-1
0.614856004715	-1
0.614856004715	-1
0.614856004715	-1
0.614856004715	-1
0.614856004715	-1
0.615275859833	-1
0.615275859833	-1
0.615275859833	-1
0.615275859833	-1
0.615275859833	-1
0.615275859833	-1
0.615275859833	-1
0.615521907806	-1
0.615521907806	-1
0.615521907806	-1
0.615521907806	-1
0.615521907806	-1
0.615521907806	-1
0.615521907806	-1
0.615521907806	-1
0.616626024246	-1
0.616626024246	-1
0.616626024246	-1
0.616626024246	-1
0.616626024246	-1
0.616626024246	-1
0.616626024246	-1
0.616626024246	-1
0.616974830627	-1
0.616974830627	-1
0.616974830627	-1
0.616974830627	-1
0.616974830627	-1
0.616974830627	-1
0.616974830627	-1
0.616974830627	-1
0.617249011993	-1
0.617249011993	-1
0.617249011993	-1
0.617249011993	-1
0.617249011993	-1
0.617249011993	-1
0.617249011993	-1
0.617249011993	-1
0.617712974548	-1
0.617712974548	-1
0.617712974548	-1
0.617712974548	-1
0.617712974548	-1
0.617712974548	-1
0.617712974548	-1
0.617712974548	-1
0.618525981903	-1
0.618525981903	-1
0.618525981903	-1
0.618525981903	-1
0.618525981903	-1
0.618525981903	-1
0.618525981903	-1
0.618525981903	-1
0.618880033493	-1
0.618880033493	-1
0.618880033493	-1
0.618880033493	-1
0.618880033493	-1
0.618880033493	-1
0.618880033493	-1
0.618880033493	-1
0.619189977646	1
0.619189977646	1
0.619189977646	1
0.619230985641	-1
0.619230985641	-1
0.619230985641	-1
0.619230985641	-1
0.619230985641	-1
0.619230985641	-1
0.619230985641	-1
0.619494915009	-1
0.619494915009	-1
0.619494915009	-1
0.619494915009	-1
0.619494915009	-1
0.619494915009	-1
0.619494915009	-1
0.619494915009	-1
0.619863986969	-1
0.619863986969	-1
0.619863986969	-1
0.619863986969	-1
0.619863986969	-1
0.619863986969	-1
0.619863986969	-1
0.619863986969	-1
0.62017583847	-1
0.62017583847	-1
0.62017583847	-1
0.62017583847	-1
0.62017583847	-1
0.62017583847	-1
0.62017583847	-1
0.62017583847	-1
0.620600938797	-1
0.620600938797	-1
0.620600938797	-1
0.620600938797	-1
0.620600938797	-1
0.620600938797	-1
0.620600938797	-1
0.620600938797	-1
0.620968818665	-1
0.620968818665	-1
0.620968818665	-1
0.620968818665	-1
0.620968818665	-1
0.620968818665	-1
0.620968818665	-1
0.620968818665	-1
0.622535943985	1
0.622535943985	1
0.639503955841	-1
0.639503955841	-1
0.639503955841	-1
0.639503955841	-1
0.639503955841	-1
0.639503955841	-1
0.639503955841	-1
0.639503955841	-1
0.639776945114	-1
0.639776945114	-1
0.639776945114	-1
0.639776945114	-1
0.639776945114	-1
0.639776945114	-1
0.639776945114	-1
0.639776945114	-1
0.640239953995	-1
0.640239953995	-1
0.640239953995	-1
0.640239953995	-1
0.640239953995	-1
0.640239953995	-1
0.640239953995	-1
0.640484809875	-1
0.640484809875	-1
0.640484809875	-1
0.640484809875	-1
0.640484809875	-1
0.640484809875	-1
0.640484809875	-1
0.640484809875	-1
0.64085483551	-1
0.64085483551	-1
0.64085483551	-1
0.64085483551	-1
0.64085483551	-1
0.64085483551	-1
0.64085483551	-1
0.64085483551	-1
0.641222953796	-1
0.641222953796	-1
0.641222953796	-1
0.641222953796	-1
0.641222953796	-1
0.641222953796	-1
0.641222953796	-1
0.641222953796	-1
0.641590833664	-1
0.641590833664	-1
0.641590833664	-1
0.641590833664	-1
0.641590833664	-1
0.641590833664	-1
0.641590833664	-1
0.641590833664	-1
0.670753002167	-1
0.670753002167	-1
0.670753002167	-1
0.670753002167	-1
0.670753002167	-1
0.670753002167	-1
0.670753002167	-1
0.670753002167	-1
0.671100854874	-1
0.671100854874	-1
0.671100854874	-1
0.671100854874	-1
0.671100854874	-1
0.671100854874	-1
0.671100854874	-1
0.671100854874	-1
0.67146897316	-1
0.67146897316	-1
0.67146897316	-1
0.67146897316	-1
0.67146897316	-1
0.67146897316	-1
0.67146897316	-1
0.67146897316	-1
0.671705007553	1
0.671705007553	1
0.671705007553	1
0.671838998795	-1
0.671838998795	-1
0.671838998795	-1
0.671838998795	-1
0.671838998795	-1
0.671838998795	-1
0.671838998795	-1
0.67409992218	-1
0.67409992218	-1
0.67409992218	-1
0.67409992218	-1
0.67409992218	-1
0.67409992218	-1
0.67409992218	-1
0.67409992218	-1
0.674363851547	-1
0.674363851547	-1
0.674363851547	-1
0.674363851547	-1
0.674363851547	-1
0.674363851547	-1
0.674363851547	-1
0.674363851547	-1
0.674827814102	-1
0.674827814102	-1
0.674827814102	-1
0.674827814102	-1
0.674827814102	-1
0.674827814102	-1
0.674827814102	-1
0.674827814102	-1
0.675101995468	-1
0.675101995468	-1
0.675101995468	-1
0.675101995468	-1
0.675101995468	-1
0.675101995468	-1
0.675101995468	-1
0.675101995468	-1
0.675565958023	-1
0.675565958023	-1
0.675565958023	-1
0.675565958023	-1
0.675565958023	-1
0.675565958023	-1
0.675565958023	-1
0.675565958023	-1
0.675837993622	-1
0.675837993622	-1
0.675837993622	-1
0.675837993622	-1
0.675837993622	-1
0.675837993622	-1
0.675837993622	-1
0.675837993622	-1
0.676301956177	-1
0.676301956177	-1
0.676301956177	-1
0.676301956177	-1
0.676301956177	-1
0.676301956177	-1
0.676301956177	-1
0.676301956177	-1
0.676573991776	-1
0.676573991776	-1
0.676573991776	-1
0.676573991776	-1
0.676573991776	-1
0.676573991776	-1
0.676573991776	-1
0.725874900818	1
