0.0	1
0.112165927887	1
0.603204965591	-1
0.71532702446	-1
0.71532702446	-1
0.726933956146	1
0.838768959045	1
0.99584197998	-1
1.10958600044	-1
1.10958600044	-1
1.10958600044	-1
1.10958600044	-1
1.10958600044	-1
1.10958600044	-1
1.10958600044	-1
1.10958600044	-1
1.17421507835	1
1.28666806221	1
1.60615086555	-1
1.61204195023	-1
1.61204195023	-1
1.61204195023	-1
1.61204195023	-1
1.61204195023	-1
1.61204195023	-1
1.61204195023	-1
1.62040495872	-1
1.62040495872	-1
1.62040495872	-1
1.62040495872	-1
1.62040495872	-1
1.62040495872	-1
1.62040495872	-1
1.62040495872	-1
1.69986104965	-1
1.69986104965	-1
1.70618200302	-1
1.70618200302	-1
1.70831203461	-1
1.70831203461	-1
1.70831203461	-1
1.70831203461	-1
1.70831203461	-1
1.70831203461	-1
1.71952986717	1
1.72420191765	-1
1.72420191765	-1
1.72420191765	-1
1.72420191765	-1
1.72420191765	-1
1.99501800537	-1
2.00055003166	-1
2.00055003166	-1
2.00055003166	-1
2.00055003166	-1
2.11364603043	1
2.21239995956	1
2.21239995956	1
2.21239995956	1
2.21870803833	1
2.21870803833	1
2.21870803833	1
2.22617101669	1
2.22617101669	1
2.22617101669	1
2.33738398552	1
2.69205093384	-1
2.69860506058	-1
2.69860506058	-1
2.69860506058	-1
2.69860506058	-1
2.69860506058	-1
2.69860506058	-1
2.69860506058	-1
2.70002388954	-1
2.70002388954	-1
2.70002388954	-1
2.70002388954	-1
2.70002388954	-1
2.70002388954	-1
2.70002388954	-1
2.70146989822	-1
2.70146989822	-1
2.70146989822	-1
2.70146989822	-1
2.70146989822	-1
2.70146989822	-1
2.70146989822	-1
2.70146989822	-1
2.7032520771	-1
2.70549607277	-1
2.70549607277	-1
2.70549607277	-1
2.70549607277	-1
2.81144189835	-1
2.8114938736	-1
2.8114938736	-1
2.8114938736	-1
2.8114938736	-1
2.8114938736	-1
2.8114938736	-1
2.8114938736	-1
2.81274008751	-1
2.81274008751	-1
2.81274008751	-1
2.81274008751	-1
2.81274008751	-1
2.81274008751	-1
2.81274008751	-1
2.81303095818	-1
2.81303095818	-1
2.81409192085	-1
2.81409192085	-1
2.81409192085	-1
2.81409192085	-1
2.81409192085	-1
2.81409192085	-1
2.81409192085	-1
2.81409192085	-1
2.81409192085	-1
2.81444787979	1
2.81583595276	-1
2.81583595276	-1
2.81583595276	-1
2.81583595276	-1
2.81583595276	-1
2.81583595276	-1
2.81583595276	-1
2.81607294083	-1
2.81607294083	-1
2.81607294083	-1
2.81607294083	-1
2.81607294083	-1
2.85722208023	-1
2.92364597321	-1
2.92364597321	-1
2.92364597321	-1
2.92364597321	-1
2.92364597321	-1
2.92364597321	-1
2.92364597321	-1
2.92378306389	-1
2.92399406433	-1
2.92399406433	-1
2.92399406433	-1
2.92402696609	-1
2.92402696609	-1
2.92402696609	-1
2.92402696609	-1
2.92402696609	-1
2.92402696609	-1
2.92402696609	-1
2.92483901978	-1
2.92495894432	-1
2.92495894432	-1
2.92514204979	-1
2.92514204979	-1
2.92514204979	-1
2.92514204979	-1
2.92514204979	-1
2.92514204979	-1
2.92514204979	-1
2.92667508125	1
2.92667508125	1
3.03978610039	1
3.03978610039	1
3.09462094307	-1
3.24557709694	-1
3.24557709694	-1
3.27682709694	1
3.38913297653	1
3.60633993149	-1
3.70320487022	-1
3.70320487022	-1
3.70320487022	-1
3.70445990562	1
3.75708508492	-1
3.79908490181	-1
3.79908490181	-1
3.79908490181	-1
3.79908490181	-1
3.79908490181	-1
3.79908490181	-1
3.79908490181	-1
3.8164460659	1
3.8164460659	1
3.92837500572	1
4.00300502777	-1
4.00300502777	-1
4.00300502777	-1
4.0046710968	-1
4.0046710968	-1
4.0046710968	-1
4.0046710968	-1
4.0046710968	-1
4.00612401962	-1
4.00612401962	-1
4.00612401962	-1
4.00612401962	-1
4.00612401962	-1
4.00612401962	-1
4.00612401962	-1
4.00913500786	-1
4.00913500786	-1
4.01089596748	-1
4.01089596748	-1
4.01089596748	-1
4.01089596748	-1
4.01089596748	-1
4.01089596748	-1
4.01089596748	-1
4.01175808907	-1
4.01251387596	-1
4.01251387596	-1
4.01251387596	-1
4.01251387596	-1
4.01251387596	-1
4.04061698914	-1
4.04061698914	-1
4.04061698914	-1
4.04061698914	-1
4.04200100899	1
4.19444203377	1
4.19444203377	1
4.19913601875	-1
4.20547699928	-1
4.20547699928	-1
4.20547699928	-1
4.20547699928	-1
4.20547699928	-1
4.20547699928	-1
4.20547699928	-1
4.20547699928	-1
4.20641899109	-1
4.20749187469	-1
4.20749187469	-1
4.20749187469	-1
4.31750297546	1
4.33741092682	1
4.33741092682	1
4.33741092682	1
4.4493689537	1
4.6972720623	-1
4.70741891861	-1
4.70741891861	-1
4.70741891861	-1
4.71224999428	-1
4.71224999428	-1
4.71224999428	-1
4.71224999428	-1
4.71224999428	-1
4.71511602402	-1
4.71511602402	-1
4.71511602402	-1
4.71511602402	-1
4.71511602402	-1
4.71511602402	-1
4.71511602402	-1
4.71511602402	-1
4.71632409096	-1
4.71632409096	-1
4.71632409096	-1
4.71632409096	-1
4.71632409096	-1
4.71632409096	-1
4.71632409096	-1
4.71632409096	-1
4.78930401802	-1
4.81956005096	-1
4.81956005096	-1
4.81960988045	-1
4.81960988045	-1
4.81960988045	-1
4.81960988045	-1
4.81960988045	-1
4.81978607178	-1
4.82507896423	-1
4.82507896423	-1
4.82512688637	-1
4.82512688637	-1
4.82512688637	-1
4.82512688637	-1
4.82512688637	-1
4.82512688637	-1
4.8274679184	-1
4.8274679184	-1
4.8274679184	-1
4.8274679184	-1
4.8274679184	-1
4.8274679184	-1
4.8274679184	-1
4.83203792572	1
4.94466090202	1
4.94466090202	1
5.09706497192	-1
5.11160087585	1
5.2030339241	-1
5.2030339241	-1
5.2030339241	-1
5.2030339241	-1
5.2030339241	-1
5.2030339241	-1
5.2030339241	-1
5.2030339241	-1
5.20380806923	-1
5.20486593246	-1
5.20486593246	-1
5.20486593246	-1
5.20486593246	-1
5.20486593246	-1
5.20486593246	-1
5.20486593246	-1
5.20561003685	-1
5.20561003685	-1
5.20561003685	-1
5.20561003685	-1
5.20561003685	-1
5.20561003685	-1
5.20561003685	-1
5.20561003685	-1
5.20616006851	-1
5.20657086372	-1
5.20657086372	-1
5.20657086372	-1
5.20657086372	-1
5.20657086372	-1
5.20657086372	-1
5.20657086372	-1
5.20710086823	-1
5.20771789551	-1
5.20771789551	-1
5.20771789551	-1
5.20771789551	-1
5.20771789551	-1
5.20771789551	-1
5.20771789551	-1
5.20771789551	-1
5.20928096771	1
5.20928096771	1
5.20928096771	1
5.22382807732	-1
5.22382807732	-1
5.22382807732	-1
5.22382807732	-1
5.22382807732	-1
5.22382807732	-1
5.22382807732	-1
5.22382807732	-1
5.22382807732	-1
5.3156979084	-1
5.3156979084	-1
5.3156979084	-1
5.3156979084	-1
5.3156979084	-1
5.3156979084	-1
5.3156979084	-1
5.31709194183	-1
5.31709194183	-1
5.31709194183	-1
5.31709194183	-1
5.31709194183	-1
5.31709194183	-1
5.31709194183	-1
5.31789302826	-1
5.31789302826	-1
5.31789302826	-1
5.31789302826	-1
5.31789302826	-1
5.31789302826	-1
5.31789302826	-1
5.31789302826	-1
5.3182580471	-1
5.3182580471	-1
5.31829309464	-1
5.31829309464	-1
5.31829309464	-1
5.31829309464	-1
5.31829309464	-1
5.31852197647	-1
5.32161402702	1
5.32161402702	1
5.32161402702	1
5.35903596878	1
5.35903596878	1
5.35903596878	1
5.44759488106	1
5.60501003265	-1
5.61172604561	-1
5.61172604561	-1
5.61172604561	-1
5.61172604561	-1
5.61172604561	-1
5.61172604561	-1
5.61172604561	-1
5.61533689499	-1
5.61533689499	-1
5.61533689499	-1
5.61533689499	-1
5.61533689499	-1
5.61533689499	-1
5.61533689499	-1
5.62055897713	-1
5.62055897713	-1
5.62055897713	-1
5.62055897713	-1
5.62055897713	-1
5.62055897713	-1
5.62055897713	-1
5.69199109077	-1
5.69199109077	-1
5.6977648735	-1
5.6977648735	-1
5.6977648735	-1
5.6977648735	-1
5.6977648735	-1
5.6977648735	-1
5.6977648735	-1
5.70122504234	-1
5.70360589027	-1
5.70360589027	-1
5.70360589027	-1
5.70360589027	-1
5.70360589027	-1
5.70360589027	-1
5.70360589027	-1
5.70539402962	-1
5.70647597313	-1
5.70647597313	-1
5.70647597313	-1
5.70647597313	-1
5.70647597313	-1
5.70647597313	-1
5.70647597313	-1
5.7077460289	-1
5.7077460289	-1
5.7077460289	-1
5.7077460289	-1
5.7077460289	-1
5.7077460289	-1
5.7077460289	-1
5.7077460289	-1
5.70871901512	1
5.7091178894	-1
5.7091178894	-1
5.7091178894	-1
5.7091178894	-1
5.7091178894	-1
5.7091178894	-1
5.7091178894	-1
5.71230387688	-1
5.71230387688	-1
5.71230387688	-1
5.71230387688	-1
5.71230387688	-1
5.71230387688	-1
5.71230387688	-1
5.71230387688	-1
5.71230387688	-1
5.72397398949	-1
5.72397398949	-1
5.72397398949	-1
5.72397398949	-1
5.72397398949	-1
5.72397398949	-1
5.72397398949	-1
5.79483389854	-1
5.79483389854	-1
5.79483389854	-1
5.79483389854	-1
5.79483389854	-1
5.79483389854	-1
5.79483389854	-1
5.79483389854	-1
5.80019807816	-1
5.80285191536	-1
5.80285191536	-1
5.80285191536	-1
5.80285191536	-1
5.80285191536	-1
5.80285191536	-1
5.80285191536	-1
5.80398702621	-1
5.80627989769	-1
5.80627989769	-1
5.80627989769	-1
5.80627989769	-1
5.80627989769	-1
5.80627989769	-1
5.80627989769	-1
5.80627989769	-1
5.81035995483	-1
5.81035995483	-1
5.81035995483	-1
5.81035995483	-1
5.81035995483	-1
5.81035995483	-1
5.81035995483	-1
5.81379890442	-1
5.81382989883	-1
5.81382989883	-1
5.81382989883	-1
5.81604909897	-1
5.81604909897	-1
5.81604909897	-1
5.81609606743	-1
5.81609606743	-1
5.81609606743	-1
5.81609606743	-1
5.81609606743	-1
5.81609606743	-1
5.81609606743	-1
5.81609606743	-1
5.81879591942	-1
5.81879591942	-1
5.83955597878	-1
5.83958792686	1
5.83958792686	1
5.88956594467	-1
5.88956594467	-1
5.88956594467	-1
5.90464496613	-1
5.90464496613	-1
5.90464496613	-1
5.90464496613	-1
5.90464496613	-1
5.90464496613	-1
5.90464496613	-1
5.90464496613	-1
5.90773200989	-1
5.90773200989	-1
5.90773200989	-1
5.90773200989	-1
5.90875101089	-1
5.91012001038	-1
5.91012001038	-1
5.91012001038	-1
5.91054487228	-1
5.91054487228	-1
5.91054487228	-1
5.91054487228	-1
5.91054487228	-1
5.91054487228	-1
5.93200588226	1
5.93200588226	1
5.93200588226	1
5.93371987343	1
5.93371987343	1
5.95742988586	1
5.95742988586	1
5.95742988586	1
6.10249495506	-1
6.25352191925	-1
6.62140607834	-1
6.69374608994	-1
6.69374608994	-1
6.69374608994	-1
6.69374608994	-1
6.69374608994	-1
6.69374608994	-1
6.69994902611	-1
6.69994902611	-1
6.69994902611	-1
6.69994902611	-1
6.69994902611	-1
6.69994902611	-1
6.69994902611	-1
6.70093297958	1
6.70553994179	-1
6.70869207382	-1
6.70869207382	-1
6.70869207382	-1
6.70869207382	-1
6.70869207382	-1
6.70869207382	-1
6.70869207382	-1
6.73367595673	-1
6.79105901718	-1
6.79105901718	-1
6.79105901718	-1
6.79105901718	-1
6.79105901718	-1
6.79105901718	-1
6.79105901718	-1
6.79105901718	-1
6.79478406906	-1
6.79912805557	-1
6.79912805557	-1
6.79912805557	-1
6.79912805557	-1
6.79912805557	-1
6.79912805557	-1
6.79912805557	-1
6.80260705948	-1
6.80260705948	-1
6.80260705948	-1
6.80260705948	-1
6.80260705948	-1
6.80260705948	-1
6.80260705948	-1
6.80666208267	-1
6.80666208267	-1
6.80666208267	-1
6.80666208267	-1
6.80666208267	-1
6.80666208267	-1
6.80666208267	-1
6.80666208267	-1
6.80998086929	-1
6.80998086929	-1
6.80998086929	-1
6.80998086929	-1
6.80998086929	-1
6.80998086929	-1
6.80998086929	-1
6.80998086929	-1
6.81299495697	1
6.81299495697	1
6.84579586983	-1
6.84579586983	-1
6.88883209229	-1
6.88883209229	-1
6.88883209229	-1
6.88883209229	-1
6.88883209229	-1
6.88883209229	-1
6.88883209229	-1
6.90062594414	-1
6.90062594414	-1
6.90062594414	-1
6.9050090313	-1
6.9050090313	-1
6.9050090313	-1
6.9050090313	-1
6.9050090313	-1
6.9050090313	-1
6.9050090313	-1
6.90898990631	-1
6.90898990631	-1
6.90898990631	-1
6.90898990631	-1
6.90898990631	-1
6.90898990631	-1
6.90898990631	-1
6.9116358757	-1
6.9882068634	-1
6.9882068634	-1
6.9882068634	-1
6.9882068634	-1
6.9882068634	-1
6.9882068634	-1
6.9882068634	-1
6.9882068634	-1
7.00092291832	-1
7.00092291832	-1
7.01943588257	-1
7.01943588257	-1
7.01943588257	-1
7.02385997772	-1
7.02385997772	-1
7.02385997772	-1
7.02385997772	-1
7.02385997772	-1
7.02385997772	-1
7.0285820961	-1
7.0285820961	-1
7.02973389626	1
7.03252291679	-1
7.03252291679	-1
7.03252291679	-1
7.03252291679	-1
7.03252291679	-1
7.03252291679	-1
7.03252291679	-1
7.08835291862	-1
7.0962228775	1
7.0962228775	1
7.0962228775	1
7.11294198036	-1
7.60181307793	-1
7.7139070034	-1
7.7139070034	-1
7.71500396729	1
7.82687902451	1
7.99905204773	-1
8.29640293121	-1
8.61574006081	-1
8.69482088089	-1
8.69482088089	-1
8.69482088089	-1
8.69482088089	-1
8.69482088089	-1
8.69482088089	-1
8.70114398003	-1
8.70114398003	-1
8.70114398003	-1
8.70114398003	-1
8.70114398003	-1
8.70114398003	-1
8.70114398003	-1
8.70505690575	-1
8.70726704597	-1
8.70726704597	-1
8.70726704597	-1
8.70726704597	-1
8.70726704597	-1
8.70726704597	-1
8.70726704597	-1
8.71101307869	-1
8.71597003937	-1
8.71597003937	-1
8.71597003937	-1
8.71597003937	-1
8.71597003937	-1
8.71597003937	-1
8.71597003937	-1
8.71597003937	-1
8.80552387238	-1
8.80552387238	-1
8.80552387238	-1
8.80552387238	-1
8.80552387238	-1
8.80552387238	-1
8.80552387238	-1
8.80552387238	-1
8.80552387238	-1
8.81033396721	-1
8.81033396721	-1
8.81033396721	-1
8.81033396721	-1
8.81033396721	-1
8.81033396721	-1
8.81033396721	-1
8.81303596497	-1
8.81403398514	1
8.88839888573	-1
8.88839888573	-1
8.88839888573	-1
8.88839888573	-1
8.88839888573	-1
8.88839888573	-1
8.88839888573	-1
11.0012578964	1
11.7113640308	-1
