0.0	1
0.25054693222	1
0.626945972443	-1
0.627968072891	1
0.924253940582	-1
0.925785064697	1
0.931113004684	1
0.931113004684	1
0.931113004684	1
0.931113004684	1
0.931113004684	1
0.931113004684	1
1.58380889893	-1
1.58538198471	1
1.71720600128	-1
1.71845889091	1
1.79285001755	-1
1.79285001755	-1
1.79422688484	1
1.90772390366	1
2.09756994247	-1
2.09872293472	1
2.17272901535	-1
2.32179689407	-1
2.36709308624	-1
2.36709308624	-1
2.36709308624	-1
2.36709308624	-1
2.36709308624	-1
2.36709308624	-1
2.36709308624	-1
2.36709308624	-1
2.39579606056	-1
2.39579606056	-1
2.39810299873	1
2.4691889286	-1
2.4691889286	-1
2.4691889286	-1
2.4691889286	-1
2.4691889286	-1
2.4691889286	-1
2.4691889286	-1
2.54726409912	-1
2.54726409912	-1
2.54726409912	-1
2.54726409912	-1
2.54726409912	-1
2.54726409912	-1
2.54726409912	-1
2.54726409912	-1
2.54810500145	1
2.64785790443	1
2.65121197701	-1
2.65121197701	-1
2.65121197701	-1
2.76745009422	-1
2.76745009422	-1
2.76745009422	-1
2.76745009422	-1
2.76745009422	-1
2.76745009422	-1
2.76745009422	-1
2.85235309601	-1
2.87127590179	1
2.92798399925	-1
2.92966103554	-1
2.92966103554	-1
2.92966103554	-1
2.92966103554	-1
2.92966103554	-1
2.95012307167	1
3.02634000778	1
3.02634000778	1
3.02634000778	1
3.0289170742	1
3.0289170742	1
3.10065603256	-1
3.13802194595	1
3.28552103043	1
3.55806899071	-1
3.75006008148	-1
3.75132203102	1
3.78596901894	-1
3.78596901894	-1
3.78596901894	-1
3.79039907455	-1
3.79039907455	-1
3.79198408127	1
3.79198408127	1
3.79198408127	1
3.91568803787	-1
3.92588400841	-1
3.92588400841	-1
3.92588400841	-1
3.92588400841	-1
3.92588400841	-1
3.92588400841	-1
3.93649506569	-1
3.93649506569	-1
3.93649506569	-1
3.93649506569	-1
3.93649506569	-1
3.93649506569	-1
3.93649506569	-1
3.97820997238	-1
3.97984409332	1
3.98653197289	-1
3.98653197289	-1
3.98653197289	-1
3.98653197289	-1
3.98653197289	-1
3.98653197289	-1
3.98653197289	-1
4.05273604393	-1
4.05273604393	-1
4.05273604393	-1
4.05273604393	-1
4.05273604393	-1
4.05273604393	-1
4.1121339798	1
4.45122599602	-1
4.46306610107	-1
4.46306610107	-1
4.46306610107	-1
4.46306610107	-1
4.46306610107	-1
4.46306610107	-1
4.46306610107	-1
4.46306610107	-1
4.46330904961	-1
4.46330904961	-1
4.46330904961	-1
4.46330904961	-1
4.46330904961	-1
4.46330904961	-1
4.46330904961	-1
4.60072088242	-1
4.60072088242	-1
4.60072088242	-1
4.60072088242	-1
4.60072088242	-1
4.60072088242	-1
4.60072088242	-1
4.60072088242	-1
4.60072088242	-1
4.60106706619	-1
4.60106706619	-1
4.60106706619	-1
4.60106706619	-1
4.60106706619	-1
4.60106706619	-1
4.60106706619	-1
4.60131311417	-1
4.61090898514	-1
4.61090898514	-1
4.61090898514	-1
4.61090898514	-1
4.61090898514	-1
4.61090898514	-1
4.61090898514	-1
4.61090898514	-1
4.64842009544	-1
4.64842009544	-1
4.64842009544	-1
4.64842009544	-1
4.64842009544	-1
4.64842009544	-1
4.64842009544	-1
4.67481708527	-1
4.67483997345	-1
4.67483997345	-1
4.67483997345	-1
4.67483997345	-1
4.67483997345	-1
4.67483997345	-1
4.67483997345	-1
4.67483997345	-1
4.67483997345	-1
4.67517805099	-1
4.67630791664	1
4.7493751049	-1
4.7493751049	-1
4.7493751049	-1
4.7493751049	-1
4.7493751049	-1
4.7493751049	-1
4.7493751049	-1
4.7493751049	-1
4.7493751049	-1
4.7493751049	-1
4.74972200394	-1
4.74972200394	-1
4.74972200394	-1
4.74972200394	-1
4.74972200394	-1
4.75861692429	-1
4.75861692429	-1
4.75861692429	-1
4.75861692429	-1
4.75861692429	-1
4.75861692429	-1
4.75861692429	-1
4.75861692429	-1
4.75883603096	-1
4.76001191139	1
4.78018498421	-1
4.78018498421	-1
4.78018498421	-1
4.78018498421	-1
4.78018498421	-1
4.78018498421	-1
4.80069303513	-1
4.80069303513	-1
4.80079603195	-1
4.80079603195	-1
4.80079603195	-1
4.80079603195	-1
4.91855597496	-1
4.91855597496	-1
4.91855597496	-1
4.91855597496	-1
4.91855597496	-1
4.91855597496	-1
4.91855597496	-1
4.91855597496	-1
4.92532801628	-1
4.92532801628	-1
4.92532801628	-1
4.92532801628	-1
4.92532801628	-1
4.92532801628	-1
4.92532801628	-1
4.92532801628	-1
4.93663311005	-1
4.94754600525	-1
4.94754600525	-1
4.94754600525	-1
4.94754600525	-1
4.94754600525	-1
4.94754600525	-1
4.94754600525	-1
4.96387290955	-1
4.96387290955	-1
4.96387290955	-1
4.96387290955	-1
4.96387290955	-1
4.96387290955	-1
4.96387290955	-1
4.96387290955	-1
4.97083091736	-1
4.97083091736	-1
4.97083091736	-1
4.97083091736	-1
4.97083091736	-1
4.97083091736	-1
4.97083091736	-1
4.97993302345	-1
4.97993302345	-1
4.97993302345	-1
4.97993302345	-1
4.97993302345	-1
4.9861869812	-1
4.98714590073	1
5.00128102303	-1
5.00128102303	-1
5.00128102303	-1
5.00128102303	-1
5.00128102303	-1
5.00128102303	-1
5.00128102303	-1
5.00128102303	-1
5.00681805611	-1
5.00681805611	-1
5.00681805611	-1
5.00681805611	-1
5.00681805611	-1
5.00681805611	-1
5.00681805611	-1
5.01176595688	-1
5.01600289345	-1
5.01600289345	-1
5.01600289345	-1
5.01600289345	-1
5.01600289345	-1
5.01600289345	-1
5.01600289345	-1
5.02192497253	-1
5.02192497253	-1
5.02192497253	-1
5.02192497253	-1
5.02192497253	-1
5.02192497253	-1
5.03787589073	-1
5.03798103333	-1
5.03798103333	-1
5.03798103333	-1
5.03798103333	-1
5.03798103333	-1
5.03798103333	-1
5.04504489899	-1
5.04504489899	-1
5.04916095734	-1
5.04916095734	-1
5.04916095734	-1
5.04916095734	-1
5.04916095734	-1
5.04916095734	-1
5.04916095734	-1
5.04916095734	-1
5.04916095734	-1
5.04916095734	-1
5.06019806862	1
5.06019806862	1
5.06019806862	1
5.06062507629	-1
5.06062507629	-1
5.06074690819	-1
5.06074690819	-1
5.06074690819	-1
5.06074690819	-1
5.06074690819	-1
5.06074690819	-1
5.06074690819	-1
5.06074690819	-1
5.06248903275	1
5.06248903275	1
5.07564592361	1
5.07564592361	1
5.10028100014	-1
5.10028100014	-1
5.10028100014	-1
5.10028100014	-1
5.10028100014	-1
5.10028100014	-1
5.10028100014	-1
5.10028100014	-1
5.10869693756	-1
5.13731789589	-1
5.13731789589	-1
5.13731789589	-1
5.13731789589	-1
5.13731789589	-1
5.13731789589	-1
5.13731789589	-1
5.17501497269	1
5.24586009979	-1
5.24586009979	-1
5.24586009979	-1
5.24586009979	-1
5.24586009979	-1
5.24586009979	-1
5.24586009979	-1
5.78778409958	-1
5.92003488541	-1
5.98296904564	-1
5.98296904564	-1
5.98296904564	-1
5.98296904564	-1
5.98296904564	-1
5.98296904564	-1
6.31330895424	-1
6.43897199631	-1
6.51367092133	-1
6.51367092133	-1
6.52960300446	1
6.6438639164	1
6.80787205696	1
6.88186693192	1
6.88186693192	1
7.18719601631	-1
7.4232070446	-1
7.49705290794	-1
7.54481101036	-1
7.54481101036	-1
7.54481101036	-1
7.54481101036	-1
7.54481101036	-1
7.54481101036	-1
7.54481101036	-1
7.56772708893	-1
7.57140898705	-1
7.62402200699	-1
7.62402200699	-1
7.62402200699	-1
7.62402200699	-1
7.62402200699	-1
7.62402200699	-1
7.62402200699	-1
7.62402200699	-1
7.64672708511	1
7.70266008377	-1
7.70266008377	-1
7.70266008377	-1
7.70266008377	-1
7.70266008377	-1
7.70266008377	-1
7.70266008377	-1
7.70266008377	-1
7.73206591606	-1
7.73206591606	-1
7.73206591606	-1
7.76569390297	-1
7.76569390297	-1
7.76569390297	-1
7.76569390297	-1
7.76569390297	-1
7.76569390297	-1
7.76569390297	-1
7.7702190876	-1
7.7702190876	-1
7.7702190876	-1
7.7969648838	-1
7.827231884	-1
7.827231884	-1
7.827231884	-1
7.827231884	-1
7.827231884	-1
7.827231884	-1
7.827231884	-1
7.90217208862	1
7.92311096191	-1
7.92311096191	-1
7.92311096191	-1
7.92311096191	-1
7.97527003288	-1
8.01297307014	-1
8.01297307014	-1
8.01297307014	-1
8.01297307014	-1
8.01297307014	-1
8.01297307014	-1
8.01297307014	-1
8.0692820549	-1
8.0692820549	-1
8.0692820549	-1
8.0692820549	-1
8.0692820549	-1
8.19793391228	-1
8.29322195053	1
8.29942107201	1
8.29942107201	1
8.29942107201	1
8.37339901924	1
8.5426928997	1
8.79555988312	1
8.8694050312	1
9.51956510544	-1
9.52118396759	1
9.59578609467	-1
9.59578609467	-1
9.61822199821	-1
9.61822199821	-1
9.61822199821	-1
9.61822199821	-1
9.61822199821	-1
9.61822199821	-1
9.61822199821	-1
9.66764497757	-1
9.6676940918	-1
9.6676940918	-1
9.6676940918	-1
9.6676940918	-1
9.6676940918	-1
9.6676940918	-1
9.6676940918	-1
9.69232201576	-1
9.71638894081	-1
9.71638894081	-1
9.71638894081	-1
9.71638894081	-1
9.71638894081	-1
9.71638894081	-1
9.76906490326	-1
9.76906490326	-1
9.76906490326	-1
9.76906490326	-1
9.76906490326	-1
9.76906490326	-1
9.76906490326	-1
9.76906490326	-1
9.79040789604	-1
9.79040789604	-1
9.79040789604	-1
9.79040789604	-1
9.79040789604	-1
9.79040789604	-1
9.79040789604	-1
9.79040789604	-1
9.79259300232	1
9.82496500015	-1
9.82496500015	-1
9.82496500015	-1
9.82496500015	-1
9.82496500015	-1
9.82496500015	-1
9.82496500015	-1
9.82496500015	-1
9.83297204971	-1
9.8341319561	1
9.8341319561	1
9.8341319561	1
9.84345388412	-1
9.84345388412	-1
9.84345388412	-1
9.84345388412	-1
9.84345388412	-1
9.84345388412	-1
9.8592839241	-1
9.8592839241	-1
9.8592839241	-1
9.8592839241	-1
9.8592839241	-1
9.8592839241	-1
9.8592839241	-1
9.8592839241	-1
9.89884805679	1
9.93859910965	-1
10.0302898884	-1
10.0302898884	-1
10.0302898884	-1
10.0302898884	-1
10.0302898884	-1
10.0302898884	-1
10.0302898884	-1
10.0584321022	-1
10.0584321022	-1
10.0584321022	-1
10.0584321022	-1
10.0819690228	-1
10.0819690228	-1
10.0819690228	-1
10.0819690228	-1
10.0819690228	-1
10.0819690228	-1
10.0819690228	-1
10.1263570786	-1
10.1263570786	-1
10.127573967	-1
10.127573967	-1
10.127573967	-1
10.127573967	-1
10.127573967	-1
10.127573967	-1
10.127573967	-1
10.15477705	-1
10.15477705	-1
10.15477705	-1
10.15477705	-1
10.15477705	-1
10.15477705	-1
10.15477705	-1
10.15477705	-1
10.1772379875	-1
10.1772379875	-1
10.1772379875	-1
10.1772379875	-1
10.1772379875	-1
10.1772379875	-1
10.1772379875	-1
10.1772379875	-1
10.1885209084	-1
10.1885209084	-1
10.1885209084	-1
10.1885209084	-1
10.1970601082	-1
10.2110528946	-1
10.2110528946	-1
10.2110528946	-1
10.2110528946	-1
10.2110528946	-1
10.2110528946	-1
10.2325079441	-1
10.2325079441	-1
10.2325079441	-1
10.2325079441	-1
10.2325079441	-1
10.2325079441	-1
10.2325079441	-1
10.2325079441	-1
10.2411410809	-1
10.2411410809	-1
10.2411410809	-1
10.2411410809	-1
10.2411410809	-1
10.2411410809	-1
10.2411410809	-1
10.2411410809	-1
10.2745950222	-1
10.2745950222	-1
10.295017004	-1
10.295017004	-1
10.295017004	-1
10.295017004	-1
10.295017004	-1
10.295017004	-1
10.295017004	-1
10.295017004	-1
10.3071401119	-1
10.3071401119	-1
10.3071401119	-1
10.3071401119	-1
10.3071401119	-1
10.3071401119	-1
10.3071401119	-1
10.3083341122	1
10.3280229568	-1
10.3280229568	-1
10.3280229568	-1
10.3280229568	-1
10.3280229568	-1
10.3280229568	-1
10.3280229568	-1
10.3280229568	-1
10.3367650509	-1
10.3367650509	-1
10.3367650509	-1
10.3490140438	-1
10.3557078838	-1
10.3557078838	-1
10.3557078838	-1
10.3557078838	-1
10.3557078838	-1
10.3557078838	-1
10.365680933	-1
10.365680933	-1
10.365680933	-1
10.365680933	-1
10.365680933	-1
10.365680933	-1
10.365680933	-1
10.3729588985	-1
10.3821671009	1
10.3821671009	1
10.3833100796	-1
10.3833100796	-1
10.3833100796	-1
10.3833100796	-1
10.3833100796	-1
10.3833100796	-1
10.3833100796	-1
10.3936109543	-1
10.4032869339	-1
10.4032869339	-1
10.4032869339	-1
10.4032869339	-1
10.4032869339	-1
10.4032869339	-1
10.4032869339	-1
10.4207549095	-1
10.4207549095	-1
10.4272871017	-1
10.4272871017	-1
10.4272871017	-1
10.4272871017	-1
10.4272871017	-1
10.4272871017	-1
10.4272871017	-1
10.4373021126	-1
10.4373021126	-1
10.4373021126	-1
10.4373021126	-1
10.4602379799	-1
10.4602379799	-1
10.4602379799	-1
10.4602530003	1
10.5353479385	-1
10.5353479385	-1
10.5353479385	-1
10.5353479385	-1
10.6233870983	1
10.7371749878	1
11.3572809696	-1
11.5134270191	-1
11.5137379169	-1
11.5137379169	-1
11.5137379169	-1
11.5725309849	-1
11.5725309849	-1
11.5725309849	-1
11.5725851059	-1
11.5725851059	-1
11.5725851059	-1
11.5725851059	-1
11.5725851059	-1
11.5725851059	-1
11.5725851059	-1
11.6613049507	-1
11.6629838943	-1
11.6629838943	-1
11.6629838943	-1
11.6629838943	-1
11.6629838943	-1
11.6629838943	-1
11.6629838943	-1
11.6629838943	-1
11.6633338928	-1
11.6634559631	-1
11.6634559631	-1
11.6634559631	-1
11.6634559631	-1
11.6634559631	-1
11.6634559631	-1
11.6634559631	-1
11.6637029648	-1
11.6637029648	-1
11.6637029648	-1
11.6637029648	-1
11.6637029648	-1
11.8130719662	-1
11.8450479507	1
11.9190950394	1
13.6827299595	-1
13.6957099438	1
13.7695500851	1
13.8040409088	1
13.8040409088	1
13.8040409088	1
13.8040409088	1
13.8040409088	1
13.805588007	1
13.8058099747	1
13.8058099747	1
13.8058099747	1
13.8058099747	1
13.8058099747	1
13.8058099747	1
13.8058099747	1
14.1145288944	-1
14.247123003	-1
14.3213140965	-1
14.3213140965	-1
