0.0	1
0.249961853027	1
0.447242021561	-1
0.448793888092	1
1.7364089489	-1
1.73726797104	1
1.74211382866	1
1.74211382866	1
1.74211382866	1
1.74211382866	1
1.74211382866	1
2.25433087349	-1
2.25558185577	1
2.39091086388	-1
2.39234995842	1
2.52795481682	-1
2.5291428566	1
2.73007678986	-1
2.74070382118	-1
2.74070382118	-1
2.74070382118	-1
2.7929058075	-1
2.7929058075	-1
2.7929058075	-1
3.01143193245	-1
3.01143193245	-1
3.02410697937	1
3.18461990356	-1
3.23192691803	-1
3.23192691803	-1
3.23192691803	-1
3.27368378639	1
3.32584190369	-1
3.32584190369	-1
3.32660198212	-1
3.32660198212	-1
3.32660198212	-1
3.32660198212	-1
3.37606287003	-1
3.37606287003	-1
3.37606287003	-1
3.49458789825	-1
3.51258301735	-1
3.51258301735	-1
3.51258301735	-1
3.51258301735	-1
3.58501982689	-1
3.58501982689	-1
3.58655786514	1
3.85687184334	-1
3.85804390907	1
4.23556184769	-1
4.32520198822	-1
4.32520198822	-1
4.32520198822	-1
4.35178899765	1
4.37449479103	-1
4.37449479103	-1
4.37449479103	-1
4.37449479103	-1
4.42867779732	-1
4.46033287048	-1
4.46033287048	-1
4.46033287048	-1
4.46033287048	-1
4.46033287048	-1
4.46033287048	-1
4.46033287048	-1
4.47118091583	1
4.47118091583	1
4.47118091583	1
4.47549200058	-1
4.47549200058	-1
4.47549200058	-1
4.48687696457	1
4.59603095055	-1
4.59603095055	-1
4.63213992119	-1
4.63213992119	-1
4.63213992119	-1
4.63213992119	-1
4.63213992119	-1
4.63213992119	-1
4.70670294762	1
4.72510480881	-1
4.72510480881	-1
4.7441368103	1
4.7441368103	1
4.7441368103	1
4.76796078682	-1
4.76796078682	-1
4.86936092377	-1
4.86936092377	-1
4.86936092377	-1
4.89241600037	1
4.89241600037	1
4.89241600037	1
4.96348500252	-1
4.96348500252	-1
4.96426701546	-1
4.96426701546	-1
4.96426701546	-1
4.96426701546	-1
4.96426701546	-1
4.96426701546	-1
4.96496081352	-1
4.96496081352	-1
4.96496081352	-1
4.96559000015	1
4.96559000015	1
5.01582694054	-1
5.01582694054	-1
5.01582694054	-1
5.01582694054	-1
5.01582694054	-1
5.01582694054	-1
5.01582694054	-1
5.01582694054	-1
5.02811479568	-1
5.02811479568	-1
5.02811479568	-1
5.13963389397	-1
5.14147782326	1
5.27679395676	-1
5.27685189247	1
5.27685189247	1
5.4124019146	-1
5.41243696213	1
5.51872301102	-1
5.51872301102	-1
5.51872301102	-1
5.52054095268	1
5.52054095268	1
5.52054095268	1
5.54318594933	-1
5.54318594933	-1
5.54318594933	-1
5.54779696465	1
5.55815792084	-1
5.55815792084	-1
5.55815792084	-1
5.55815792084	-1
5.55879187584	-1
5.55879187584	-1
5.55879187584	-1
5.58861589432	-1
5.64934802055	-1
5.64934802055	-1
5.64934802055	-1
5.68326401711	1
5.69807386398	-1
5.69807386398	-1
5.69807386398	-1
5.69807386398	-1
5.69807386398	-1
5.69807386398	-1
5.69807386398	-1
5.73580980301	-1
5.73591399193	-1
5.73591399193	-1
5.73591399193	-1
5.73591399193	-1
5.73591399193	-1
5.73591399193	-1
5.81846189499	-1
5.81846189499	-1
5.81846189499	-1
5.81864690781	-1
5.82101678848	1
5.8299279213	-1
5.8299279213	-1
5.8299279213	-1
5.8299279213	-1
5.8299279213	-1
5.85763502121	-1
5.85768389702	-1
5.85768389702	-1
5.86487579346	-1
5.86487579346	-1
5.86487579346	-1
5.88267278671	-1
5.88267278671	-1
5.88267278671	-1
5.88344287872	-1
5.88344287872	-1
5.88344287872	-1
5.88344287872	-1
5.88344287872	-1
5.90361690521	-1
5.90361690521	-1
5.90375089645	-1
5.90375089645	-1
5.90375089645	-1
5.90375089645	-1
5.90387392044	-1
5.90387392044	-1
5.9293179512	-1
5.9293179512	-1
5.92943191528	-1
5.92943191528	-1
5.92943191528	-1
5.92943191528	-1
5.92943191528	-1
5.92943191528	-1
5.96674394608	-1
5.96674394608	-1
5.96686697006	-1
5.96686697006	-1
5.96686697006	-1
5.96686697006	-1
5.96970295906	1
6.00027084351	-1
6.00037479401	-1
6.00037479401	-1
6.00037479401	-1
6.00037479401	-1
6.00037479401	-1
6.00037479401	-1
6.00037479401	-1
6.00062084198	-1
6.00062084198	-1
6.00074291229	-1
6.00074291229	-1
6.00084900856	-1
6.00084900856	-1
6.00084900856	-1
6.00084900856	-1
6.00084900856	-1
6.00084900856	-1
6.03900885582	-1
6.03900885582	-1
6.03900885582	-1
6.03900885582	-1
6.03900885582	-1
6.03934001923	-1
6.03934001923	-1
6.03946280479	-1
6.03946280479	-1
6.03946280479	-1
6.03958582878	-1
6.03958582878	-1
6.03958582878	-1
6.04339885712	1
6.04339885712	1
6.04339885712	1
6.06414484978	-1
6.06414484978	-1
6.06414484978	-1
6.06426286697	-1
6.06426286697	-1
6.06426286697	-1
6.06438589096	-1
6.07899594307	-1
6.07899594307	-1
6.07899594307	-1
6.07899594307	-1
6.07910990715	-1
6.07923197746	-1
6.07923197746	-1
6.07923197746	-1
6.07923197746	-1
6.07923197746	-1
6.07923197746	-1
6.08029794693	1
6.08029794693	1
6.1362259388	1
6.13624787331	-1
6.13624787331	-1
6.13624787331	-1
6.13624787331	-1
6.13624787331	-1
6.13653683662	-1
6.13653683662	-1
6.13653683662	-1
6.13666081429	-1
6.13666081429	-1
6.13666081429	-1
6.13666081429	-1
6.13666081429	-1
6.13687586784	-1
6.13687586784	-1
6.13687586784	-1
6.13687586784	-1
6.13687586784	-1
6.13687586784	-1
6.13687586784	-1
6.13711881638	-1
6.13711881638	-1
6.13711881638	-1
6.13711881638	-1
6.13711881638	-1
6.13730382919	-1
6.13730382919	-1
6.13730382919	-1
6.17509698868	-1
6.17514681816	-1
6.17514681816	-1
6.17514681816	-1
6.17514681816	-1
6.17514681816	-1
6.17514681816	-1
6.17514681816	-1
6.17514681816	-1
6.21462678909	-1
6.21462678909	-1
6.21462678909	-1
6.21462678909	-1
6.21462678909	-1
6.21462678909	-1
6.21462678909	-1
6.21462678909	-1
6.21496987343	-1
6.21496987343	-1
6.21496987343	-1
6.21496987343	-1
6.21509289742	-1
6.2151927948	-1
6.2151927948	-1
6.2151927948	-1
6.2151927948	-1
6.2151927948	-1
6.21533894539	-1
6.21537399292	-1
6.21537399292	-1
6.21558380127	-1
6.21558380127	-1
6.21558380127	-1
6.21561098099	-1
6.21561098099	-1
6.21561098099	-1
6.21561098099	-1
6.21561098099	-1
6.22735786438	-1
6.22735786438	-1
6.22735786438	-1
6.2536239624	-1
6.2536239624	-1
6.26544499397	1
6.26544499397	1
6.26544499397	1
6.27248001099	-1
6.27248001099	-1
6.27248001099	-1
6.27248001099	-1
6.27248001099	-1
6.27249479294	1
6.27250981331	-1
6.27271485329	-1
6.27271485329	-1
6.2728369236	-1
6.2728369236	-1
6.2728369236	-1
6.27296090126	-1
6.27296090126	-1
6.27308297157	-1
6.27308297157	-1
6.27308297157	-1
6.27308297157	-1
6.27308297157	-1
6.27308297157	-1
6.27308297157	-1
6.30016493797	-1
6.30016493797	-1
6.30016493797	-1
6.30016493797	-1
6.30016493797	-1
6.30016493797	-1
6.30040788651	-1
6.30226898193	1
6.30226898193	1
6.30226898193	1
6.31064391136	-1
6.31064391136	-1
6.31064391136	-1
6.31064391136	-1
6.31064391136	-1
6.31064391136	-1
6.35010886192	-1
6.35010886192	-1
6.35010886192	-1
6.35010886192	-1
6.35010886192	-1
6.35021090508	-1
6.3502509594	-1
6.3502509594	-1
6.35045599937	-1
6.35045599937	-1
6.35045599937	-1
6.35045599937	-1
6.35045599937	-1
6.35045599937	-1
6.35045599937	-1
6.35070300102	-1
6.35082483292	-1
6.35082483292	-1
6.35082483292	-1
6.35082483292	-1
6.35082483292	-1
6.35082483292	-1
6.35082483292	-1
6.35082483292	-1
6.35112595558	-1
6.35112595558	-1
6.35112595558	-1
6.35131597519	-1
6.35131597519	-1
6.35131597519	-1
6.35131597519	-1
6.35131597519	-1
6.35131597519	-1
6.35131597519	-1
6.38889288902	-1
6.3889977932	-1
6.3889977932	-1
6.3889977932	-1
6.3889977932	-1
6.3889977932	-1
6.39019989967	1
6.39019989967	1
6.40812182426	-1
6.40812182426	-1
6.40812182426	-1
6.40812182426	-1
6.40812182426	-1
6.40812182426	-1
6.40812182426	-1
6.40834999084	-1
6.40847301483	-1
6.40847301483	-1
6.40847301483	-1
6.40847301483	-1
6.40847301483	-1
6.4085958004	-1
6.40871882439	-1
6.40871882439	-1
6.40871882439	-1
6.40871882439	-1
6.40871882439	-1
6.40896391869	-1
6.40896391869	-1
6.40896391869	-1
6.40896391869	-1
6.40896391869	-1
6.40896391869	-1
6.40896391869	-1
6.40896391869	-1
6.40933299065	-1
6.40933299065	-1
6.40933299065	-1
6.40933299065	-1
6.40933299065	-1
6.40933299065	-1
6.40933299065	-1
6.40933299065	-1
6.40970396996	-1
6.40970396996	-1
6.40970396996	-1
6.40970396996	-1
6.40970396996	-1
6.40970396996	-1
6.40970396996	-1
6.40970396996	-1
6.40970396996	-1
6.43568897247	-1
6.43568897247	-1
6.43568897247	-1
6.43568897247	-1
6.43568897247	-1
6.43568897247	-1
6.43568897247	-1
6.44531202316	-1
6.4453690052	-1
6.4453690052	-1
6.4453690052	-1
6.4453690052	-1
6.4453690052	-1
6.4453690052	-1
6.4453690052	-1
6.44566297531	-1
6.48553586006	-1
6.48553586006	-1
6.48553586006	-1
6.48553586006	-1
6.48553586006	-1
6.48553586006	-1
6.48553586006	-1
6.48567295074	-1
6.48588180542	-1
6.48588180542	-1
6.4860060215	-1
6.4860060215	-1
6.4860060215	-1
6.4860060215	-1
6.4860060215	-1
6.4860060215	-1
6.48625087738	-1
6.48625087738	-1
6.48625087738	-1
6.48625087738	-1
6.48625087738	-1
6.48625087738	-1
6.48625087738	-1
6.48625087738	-1
6.48662185669	-1
6.48662185669	-1
6.48662185669	-1
6.48662185669	-1
6.48662185669	-1
6.48662185669	-1
6.48662185669	-1
6.48662185669	-1
6.48851680756	1
6.48851680756	1
6.48851680756	1
6.4923210144	-1
6.4923210144	-1
6.4923210144	-1
6.4923210144	-1
6.4923210144	-1
6.4923210144	-1
6.4923210144	-1
6.4923210144	-1
6.4923210144	-1
6.49267983437	-1
6.49267983437	-1
6.49280285835	-1
6.49280285835	-1
6.49280285835	-1
6.49280285835	-1
6.49280285835	-1
6.49304890633	-1
6.49304890633	-1
6.49378180504	1
6.49378180504	1
6.52346682549	-1
6.52346682549	-1
6.52346682549	-1
6.52346682549	-1
6.52346682549	-1
6.52346682549	-1
6.52370095253	-1
6.52370095253	-1
6.52370095253	-1
6.52370095253	-1
6.52370095253	-1
6.52370095253	-1
6.52370095253	-1
6.52370095253	-1
6.59274196625	-1
6.59274196625	-1
6.59274196625	-1
6.62006998062	-1
6.62006998062	-1
6.62006998062	-1
6.62006998062	-1
6.62006998062	-1
6.62006998062	-1
6.63091182709	1
6.63091182709	1
6.63091182709	1
6.76364779472	-1
6.80493783951	-1
6.80493783951	-1
6.80493783951	-1
6.80528783798	-1
6.80528783798	-1
6.80536580086	-1
6.80536580086	-1
6.80536580086	-1
6.80536580086	-1
6.8055729866	-1
6.80619096756	-1
6.80619096756	-1
6.80619096756	-1
6.8063158989	-1
6.8063158989	-1
6.8063158989	-1
6.8063158989	-1
6.8063158989	-1
6.8063158989	-1
6.8063158989	-1
6.80668187141	-1
6.80707287788	-1
6.80707287788	-1
6.80707287788	-1
6.80707287788	-1
6.80707287788	-1
6.80945181847	1
6.80945181847	1
6.80945181847	1
6.82627892494	-1
6.87679600716	-1
6.87679600716	-1
6.93502092361	-1
6.93502092361	-1
6.93516182899	-1
6.96184897423	1
7.00321292877	-1
7.00321292877	-1
7.00321292877	-1
7.05973291397	-1
7.05973291397	-1
7.05973291397	-1
7.1595928669	1
7.1595928669	1
7.35454702377	-1
7.35588693619	1
7.3633890152	-1
7.3633890152	-1
7.3633890152	-1
7.3633890152	-1
7.3633890152	-1
7.3633890152	-1
7.3633890152	-1
7.3657348156	-1
7.36585092545	-1
7.36585092545	-1
7.36585092545	-1
7.36585092545	-1
7.36585092545	-1
7.36585092545	-1
7.36585092545	-1
7.37625980377	-1
7.37625980377	-1
7.37630796432	-1
7.37630796432	-1
7.37630796432	-1
7.37630796432	-1
7.37630796432	-1
7.37630796432	-1
7.37630796432	-1
7.38163590431	1
7.38163590431	1
7.38163590431	1
7.39853096008	-1
7.39863491058	-1
7.39863491058	-1
7.39863491058	-1
7.39863491058	-1
7.39863491058	-1
7.39863491058	-1
7.39863491058	-1
7.39888095856	-1
7.40429282188	1
7.40429282188	1
7.46917700768	-1
7.46917700768	-1
7.46930789948	-1
7.46930789948	-1
7.46930789948	-1
7.48993802071	-1
7.49093389511	1
7.50335097313	-1
7.50335097313	-1
7.50335097313	-1
7.6263358593	-1
7.6263718605	1
7.6263718605	1
7.8119738102	-1
7.81709384918	1
7.95239686966	-1
7.95243883133	1
8.08784389496	-1
8.08787798882	1
8.0953578949	-1
8.0953578949	-1
8.0953578949	-1
8.09694194794	1
8.09694194794	1
8.09694194794	1
8.13150191307	-1
8.13150191307	-1
8.22326493263	-1
8.3484787941	-1
8.3484787941	-1
8.3484787941	-1
8.34913396835	-1
8.34913396835	-1
8.34913396835	-1
8.47515392303	-1
8.47515392303	-1
8.47515392303	-1
8.47515392303	-1
8.47515392303	-1
8.47515392303	-1
8.4871737957	-1
8.4871737957	-1
8.4871737957	-1
8.53594589233	1
8.57982301712	-1
8.57982301712	-1
8.57982301712	-1
8.58165979385	-1
8.58165979385	-1
8.58165979385	-1
8.58315896988	-1
8.58315896988	-1
8.58315896988	-1
8.6192419529	-1
8.6192419529	-1
8.61963391304	-1
8.61963391304	-1
8.61963391304	-1
8.61963391304	-1
8.61963391304	-1
8.61963391304	-1
8.61987781525	-1
8.61987781525	-1
8.61987781525	-1
8.61987781525	-1
8.61987781525	-1
8.62106800079	-1
8.62106800079	-1
8.62532281876	-1
8.62532281876	-1
8.62532281876	-1
8.67066693306	-1
8.70765185356	1
8.70765185356	1
8.71395492554	-1
8.71395492554	-1
8.71395492554	-1
8.76142787933	-1
8.76142787933	-1
8.76142787933	-1
8.82820796967	-1
8.82820796967	-1
8.84309482574	-1
8.84313797951	1
8.84313797951	1
8.92841601372	1
8.92841601372	1
8.92841601372	1
8.929448843	1
8.929448843	1
8.929448843	1
8.929448843	1
8.929448843	1
8.929448843	1
