0.0	1
0.250702857971	1
0.353177785873	-1
0.386085987091	1
0.617314815521	-1
0.618148803711	1
0.637997865677	1
0.637997865677	1
0.637997865677	1
0.888433933258	1
0.888433933258	1
1.02367186546	1
1.11044597626	-1
1.15879297256	1
1.29409980774	-1
1.29543280602	1
1.43079280853	-1
1.43193793297	1
1.56738185883	-1
1.56738185883	-1
1.56868481636	1
1.63463497162	-1
1.63463497162	-1
1.63463497162	-1
1.63522481918	-1
1.63522481918	-1
1.63522481918	-1
1.63522481918	-1
1.70047688484	-1
1.70389080048	1
1.71060991287	-1
1.71060991287	-1
1.71060991287	-1
1.71077799797	-1
1.71077799797	-1
1.71077799797	-1
1.71118688583	-1
1.71118688583	-1
1.83927893639	-1
1.83931994438	1
1.85377788544	-1
1.85377788544	-1
1.85377788544	-1
1.85469198227	-1
1.85469198227	-1
1.85469198227	-1
1.91388392448	-1
1.91388392448	-1
1.97489690781	-1
1.97494196892	1
1.97494196892	1
2.11055994034	-1
2.11055994034	-1
2.13538384438	-1
2.13538384438	-1
2.13538384438	-1
2.13538384438	-1
2.13677096367	-1
2.13677096367	-1
2.15929889679	-1
2.15929889679	-1
2.26976585388	-1
2.26976585388	-1
2.26976585388	-1
2.28038287163	-1
2.28038287163	-1
2.28038287163	-1
2.28038287163	-1
2.28038287163	-1
2.32720685005	1
2.41656398773	1
2.41656398773	1
2.41656398773	1
2.49870181084	1
2.5413248539	-1
2.57881689072	1
2.57881689072	1
2.57881689072	1
2.71385884285	-1
2.76973295212	1
2.76973295212	1
2.88591980934	-1
3.02349877357	-1
3.02349877357	-1
3.02349877357	-1
3.04874777794	-1
3.04874777794	-1
3.05003881454	1
3.16234278679	-1
3.16234278679	-1
3.16234278679	-1
3.18516588211	1
3.18516588211	1
3.23307991028	-1
3.23307991028	-1
3.4095788002	-1
3.4095788002	-1
3.40961384773	1
3.40961384773	1
3.54531383514	-1
3.54531383514	-1
3.5467209816	1
3.68215084076	-1
3.85421299934	-1
3.85532188416	1
3.92963981628	-1
3.92963981628	-1
3.92963981628	-1
3.92963981628	-1
3.95321178436	-1
3.95321178436	-1
3.95331597328	-1
3.95331597328	-1
4.10661697388	-1
4.10661697388	-1
4.10661697388	-1
4.10686087608	-1
4.10686087608	-1
4.10829091072	-1
4.10829091072	-1
4.10829091072	-1
4.10829091072	-1
4.10841679573	-1
4.10841679573	-1
4.1096098423	-1
4.1096098423	-1
4.12168478966	-1
4.12168478966	-1
4.12168478966	-1
4.1253798008	1
4.12754392624	1
4.12754392624	1
4.12754392624	1
4.26315498352	-1
4.27047586441	-1
4.27047586441	-1
4.27047586441	-1
4.27089500427	-1
4.27089500427	-1
4.27089500427	-1
4.27089500427	-1
4.28920888901	1
4.28920888901	1
4.28920888901	1
4.30515694618	-1
4.30967998505	1
4.30967998505	1
4.39876580238	-1
4.39876580238	-1
4.39881086349	1
4.44877696037	-1
4.44877696037	-1
4.44877696037	-1
4.44888997078	-1
4.44888997078	-1
4.47810292244	-1
4.47810292244	-1
4.47810292244	-1
4.47821497917	-1
4.47821497917	-1
4.53421378136	-1
4.53421378136	-1
4.53895878792	1
4.67459797859	-1
4.67459797859	-1
4.67461180687	1
4.67844581604	-1
4.67844581604	-1
4.67844581604	-1
4.80999493599	-1
4.84546494484	-1
4.84546494484	-1
4.84546494484	-1
4.84690499306	1
4.8799328804	-1
4.8799328804	-1
4.94551682472	-1
5.01281690598	-1
5.01281690598	-1
5.01281690598	-1
5.01333785057	-1
5.01333785057	-1
5.01345491409	-1
5.01345491409	-1
5.01345491409	-1
5.01345491409	-1
5.02073788643	-1
5.0443789959	1
5.0813639164	-1
5.0813639164	-1
5.19247484207	-1
5.19247484207	-1
5.19247484207	-1
5.1925098896	1
5.1925098896	1
5.19501280785	-1
5.19501280785	-1
5.1954638958	-1
5.1954638958	-1
5.1954638958	-1
5.19577288628	-1
5.19577288628	-1
5.19577288628	-1
5.1961209774	-1
5.1961209774	-1
5.19626283646	-1
5.19626283646	-1
5.19626283646	-1
5.19635796547	-1
5.19635796547	-1
5.2202630043	-1
5.2202630043	-1
5.2202630043	-1
5.2202630043	-1
5.25399398804	-1
5.25399398804	-1
5.25408887863	-1
5.29588699341	1
5.29588699341	1
5.29588699341	1
5.32814478874	-1
5.32814478874	-1
5.32814478874	-1
5.32821393013	-1
5.32821393013	-1
5.32821393013	-1
5.32837080956	-1
5.32837080956	-1
5.37141394615	-1
5.37141394615	-1
5.37141394615	-1
5.37200784683	-1
5.37200784683	-1
5.37200784683	-1
5.37200784683	-1
5.37200784683	-1
5.37274885178	-1
5.37274885178	-1
5.37274885178	-1
5.37317800522	-1
5.37317800522	-1
5.37440800667	-1
5.37440800667	-1
5.37440800667	-1
5.38230800629	-1
5.38230800629	-1
5.38976287842	-1
5.38976287842	-1
5.38976287842	-1
5.38981389999	-1
5.38981389999	-1
5.42230296135	-1
5.42230296135	-1
5.42230296135	-1
5.42240786552	-1
5.42240786552	-1
5.42240786552	-1
5.42253184319	-1
5.42253184319	-1
5.46356081963	1
5.50747084618	-1
5.50747084618	-1
5.50747084618	-1
5.50840878487	-1
5.50840878487	-1
5.54953789711	-1
5.54953789711	-1
5.54953789711	-1
5.55029296875	-1
5.55029296875	-1
5.55029296875	-1
5.55029296875	-1
5.55034279823	-1
5.55131697655	-1
5.55131697655	-1
5.55131697655	-1
5.55143880844	-1
5.55143880844	-1
5.55143880844	-1
5.55229878426	-1
5.55229878426	-1
5.55229878426	-1
5.55242180824	-1
5.55781793594	-1
5.55781793594	-1
5.55781793594	-1
5.55781793594	-1
5.55784082413	-1
5.55784082413	-1
5.55784082413	-1
5.55805397034	-1
5.59394192696	-1
5.59394192696	-1
5.59394192696	-1
5.59405589104	-1
5.59405589104	-1
5.59405589104	-1
5.59405589104	-1
5.59405589104	-1
5.59405589104	-1
5.59430098534	-1
5.59430098534	-1
5.59430098534	-1
5.59441280365	-1
5.64369487762	1
5.64369487762	1
5.66053390503	-1
5.68625378609	-1
5.68625378609	-1
5.68625378609	-1
5.6863617897	-1
5.6863617897	-1
5.6863617897	-1
5.70663094521	-1
5.70663094521	-1
5.7118909359	-1
5.7118909359	-1
5.7118909359	-1
5.71521091461	-1
5.71521091461	-1
5.72098493576	-1
5.72098493576	-1
5.72098493576	-1
5.72335886955	-1
5.72335886955	-1
5.72753691673	-1
5.72753691673	-1
5.72753691673	-1
5.7317378521	-1
5.7317378521	-1
5.73509597778	-1
5.73509597778	-1
5.73509597778	-1
5.73509597778	-1
5.73771381378	-1
5.73771381378	-1
5.73878192902	-1
5.73878192902	-1
5.74234294891	-1
5.74234294891	-1
5.74234294891	-1
5.74471783638	-1
5.74471783638	-1
5.74471783638	-1
5.74471783638	-1
5.74471783638	-1
5.74471783638	-1
5.76607894897	-1
5.76607894897	-1
5.76607894897	-1
5.76618289948	-1
5.80085086823	-1
5.80085086823	-1
5.80085086823	-1
5.80088281631	1
5.80090880394	-1
5.80090880394	-1
5.80107879639	-1
5.80107879639	-1
5.80107879639	-1
5.80116081238	-1
5.80116081238	-1
5.80116081238	-1
5.80132484436	-1
5.80132484436	-1
5.80132484436	-1
5.82196378708	-1
5.82196378708	-1
5.82196378708	-1
5.82207798958	-1
5.82211399078	-1
5.82211399078	-1
5.82211399078	-1
5.82231378555	-1
5.82231378555	-1
5.82231378555	-1
5.82236289978	-1
5.82236289978	-1
5.82236289978	-1
5.86738777161	-1
5.86738777161	-1
5.86749076843	-1
5.86749076843	-1
5.86749076843	-1
5.86761379242	-1
5.86761379242	-1
5.86761379242	-1
5.86773681641	-1
5.8677918911	-1
5.8677918911	-1
5.8677918911	-1
5.86798191071	-1
5.86798191071	-1
5.86798191071	-1
5.86808300018	-1
5.86808300018	-1
5.86822891235	-1
5.86822891235	-1
5.86822891235	-1
5.86826491356	-1
5.86826491356	-1
5.86826491356	-1
5.86847400665	-1
5.86847400665	-1
5.86847400665	-1
5.86853981018	-1
5.86871981621	-1
5.86871981621	-1
5.86871981621	-1
5.87291097641	1
5.87291097641	1
5.87291097641	1
5.90179300308	-1
5.90179300308	-1
5.90179300308	-1
5.90189480782	-1
5.90189480782	-1
5.90201997757	-1
5.90201997757	-1
5.90201997757	-1
5.90209197998	-1
5.90209197998	-1
5.90209197998	-1
5.90209197998	-1
5.90209197998	-1
5.90209197998	-1
5.90209197998	-1
5.9023168087	-1
5.90250897408	-1
5.90250897408	-1
5.90250897408	-1
5.90250897408	-1
5.90250897408	-1
5.90250897408	-1
5.90275478363	-1
5.91682982445	-1
5.91682982445	-1
5.91682982445	-1
5.91682982445	-1
5.91682982445	-1
5.91682982445	-1
5.91682982445	-1
5.91682982445	-1
5.91704893112	-1
5.94717884064	-1
5.94717884064	-1
5.94717884064	-1
5.94717884064	-1
5.94717884064	-1
5.94717884064	-1
5.94717884064	-1
5.94721198082	1
5.94739890099	-1
5.94752192497	-1
5.94752192497	-1
5.94752192497	-1
5.94752192497	-1
5.94752192497	-1
5.94752192497	-1
5.94752192497	-1
5.94776797295	-1
5.94788980484	-1
5.94788980484	-1
5.94788980484	-1
5.94788980484	-1
5.94801282883	-1
5.97477889061	-1
5.97477889061	-1
5.97477889061	-1
5.97488093376	-1
5.97488093376	-1
5.97491598129	-1
5.97491598129	-1
5.97491598129	-1
5.97512578964	-1
5.97512578964	-1
5.97525000572	-1
5.97525000572	-1
5.97525000572	-1
5.97525000572	-1
6.00319981575	-1
6.00319981575	-1
6.00330591202	-1
6.00330591202	-1
6.00330591202	-1
6.00333881378	-1
6.00333881378	-1
6.00354981422	-1
6.00354981422	-1
6.00354981422	-1
6.01874399185	-1
6.01874399185	-1
6.0188908577	-1
6.0188908577	-1
6.0188908577	-1
6.03814077377	-1
6.11689782143	-1
6.11689782143	-1
6.11689782143	-1
6.11693096161	1
6.11804389954	-1
6.11804389954	-1
6.11804389954	-1
6.11845684052	-1
6.11845684052	-1
6.11935687065	-1
6.11935687065	-1
6.11935687065	-1
6.12516999245	-1
6.12516999245	-1
6.12516999245	-1
6.16303777695	-1
6.16303777695	-1
6.16322398186	-1
6.16322398186	-1
6.20978689194	-1
6.25838589668	-1
6.25838589668	-1
6.25838589668	-1
6.25838589668	-1
6.25842189789	1
6.29432892799	-1
6.29432892799	-1
6.29494190216	-1
6.29494190216	-1
6.29520893097	-1
6.29520893097	-1
6.29520893097	-1
6.29520893097	-1
6.29520893097	-1
6.29553580284	-1
6.29553580284	-1
6.29553580284	-1
6.29565882683	-1
6.29565882683	-1
6.29565882683	-1
6.29952597618	-1
6.29952597618	-1
6.29952597618	-1
6.29965281487	-1
6.29965281487	-1
6.29965281487	-1
6.29968595505	-1
6.30172085762	-1
6.30172085762	-1
6.30172085762	-1
6.30386686325	-1
6.30386686325	-1
6.30397295952	-1
6.30397295952	-1
6.30397295952	-1
6.30450391769	-1
6.30450391769	-1
6.30450391769	-1
6.31450486183	1
6.31450486183	1
6.31450486183	1
6.35342597961	-1
6.35342597961	-1
6.35342597961	-1
6.37086486816	-1
6.37086486816	-1
6.43313193321	1
6.43313193321	1
6.47314381599	-1
6.47314381599	-1
6.47314381599	-1
6.47384881973	-1
6.47384881973	-1
6.47392296791	-1
6.47392296791	-1
6.47392296791	-1
6.47464799881	-1
6.47464799881	-1
6.47735691071	-1
6.47735691071	-1
6.47735691071	-1
6.47746777534	-1
6.47746777534	-1
6.47746777534	-1
6.47746777534	-1
6.47931480408	-1
6.48109388351	-1
6.48109388351	-1
6.48109388351	-1
6.48113179207	-1
6.48113179207	-1
6.48325896263	-1
6.48325896263	-1
6.48325896263	-1
6.48325896263	-1
6.48647594452	-1
6.48647594452	-1
6.48647594452	-1
6.48733496666	-1
6.49237179756	-1
6.49237179756	-1
6.49237179756	-1
6.49538183212	-1
6.49538183212	-1
6.49593496323	-1
6.49593496323	-1
6.49593496323	-1
6.50087094307	-1
6.50087094307	-1
6.50087094307	-1
6.5110578537	-1
6.5110578537	-1
6.51447677612	-1
6.51447677612	-1
6.51658582687	-1
6.51658582687	-1
6.51658582687	-1
6.5183467865	-1
6.5183467865	-1
6.51874780655	-1
6.51874780655	-1
6.51874780655	-1
6.51874780655	-1
6.52905797958	-1
6.52908086777	-1
6.52908086777	-1
6.52908086777	-1
6.52929377556	-1
6.52929377556	-1
6.52929377556	-1
6.52941894531	-1
6.52941894531	-1
6.52941894531	-1
6.52953982353	-1
6.52953982353	-1
6.52953982353	-1
6.54480600357	-1
6.54491996765	-1
6.54491996765	-1
6.54491996765	-1
6.54491996765	-1
6.54508399963	-1
6.54522681236	-1
6.54522681236	-1
6.54522681236	-1
6.57346487045	1
6.57346487045	1
6.65419697762	-1
6.65419697762	-1
6.65419697762	-1
6.6549539566	-1
6.6549539566	-1
6.6549539566	-1
6.65532493591	-1
6.65532493591	-1
6.65587997437	-1
6.65587997437	-1
6.65587997437	-1
6.65645194054	-1
6.65645194054	-1
6.65645194054	-1
6.65831184387	-1
6.65831184387	-1
6.65836000443	-1
6.65836000443	-1
6.65862178802	-1
6.65862178802	-1
6.65862178802	-1
6.65901088715	-1
6.65901088715	-1
6.65901088715	-1
6.68941783905	-1
6.75463581085	1
6.79435396194	-1
6.79435396194	-1
6.79435396194	-1
6.88054895401	-1
6.88054895401	-1
6.88054895401	-1
6.88054895401	-1
6.88113093376	-1
6.88113093376	-1
6.88113093376	-1
6.88136982918	-1
6.88179898262	-1
6.88179898262	-1
6.88179898262	-1
6.8818898201	-1
6.8818898201	-1
6.88353776932	-1
6.88353776932	-1
6.88353776932	-1
6.88353776932	-1
6.88605499268	-1
6.88705992699	-1
6.88705992699	-1
6.88705992699	-1
6.88705992699	-1
6.8871088028	-1
6.88781499863	-1
6.88781499863	-1
6.88781499863	-1
6.88794279099	-1
6.88794279099	-1
6.88794279099	-1
6.8882689476	-1
6.8882689476	-1
6.8882689476	-1
6.88832378387	-1
6.88832378387	-1
6.88985395432	1
6.96002388	-1
7.13384795189	-1
7.16466283798	1
7.19569897652	1
7.19569897652	1
7.19569897652	1
7.33116078377	1
7.33116078377	1
7.46660590172	1
7.66837286949	-1
7.67269396782	1
7.80798578262	-1
7.8080329895	1
7.8080329895	1
7.94359493256	-1
7.95476388931	1
8.02637887001	1
8.02637887001	1
8.02637887001	1
8.02660489082	1
8.02660489082	1
8.02660489082	1
8.02660489082	1
8.02802586555	1
8.02822589874	1
8.02822589874	1
8.02822589874	1
8.02822589874	1
8.02822589874	1
8.02822589874	1
8.37932085991	-1
8.56846094131	-1
