0.0	1
0.250905990601	1
0.291270017624	-1
0.3879301548	1
0.587476968765	-1
0.589143037796	1
0.647181987762	1
0.647181987762	1
0.647181987762	1
0.726438045502	1
0.747740983963	-1
0.755769968033	-1
0.755769968033	-1
0.755769968033	-1
0.755769968033	-1
0.755769968033	-1
0.755769968033	-1
0.755769968033	-1
0.755769968033	-1
0.898123979568	1
1.03024196625	-1
1.03171205521	1
1.03171205521	1
1.03171205521	1
1.16921210289	-1
1.16921210289	-1
1.2477619648	1
1.2477619648	1
1.3447561264	-1
1.3447561264	-1
1.38527607918	1
1.4432990551	-1
1.4432990551	-1
1.4432990551	-1
1.44472193718	-1
1.44472193718	-1
1.44472193718	-1
1.44472193718	-1
1.44645214081	-1
1.48212504387	-1
1.48212504387	-1
1.52233815193	1
1.52233815193	1
1.59490513802	-1
1.59490513802	-1
1.59490513802	-1
1.61741304398	-1
1.61741304398	-1
1.61741304398	-1
1.61741304398	-1
1.61741304398	-1
1.61741304398	-1
1.61741304398	-1
1.65967202187	1
1.65967202187	1
1.68902301788	-1
1.68902301788	-1
1.68902301788	-1
1.69969010353	-1
1.69969010353	-1
1.69969010353	-1
1.69979906082	-1
1.69979906082	-1
1.69979906082	-1
1.83558011055	1
1.8377161026	-1
1.8377161026	-1
1.8377161026	-1
1.83786296844	-1
1.83786296844	-1
1.83786296844	-1
1.83786296844	-1
1.83786296844	-1
1.8941180706	-1
1.8941180706	-1
1.97263598442	1
1.97263598442	1
2.04201316833	-1
2.17926001549	-1
2.18062496185	1
2.27934408188	-1
2.27934408188	-1
2.27934408188	-1
2.31789016724	1
2.49975013733	-1
2.67648005486	-1
2.69735312462	1
2.69958996773	1
2.69958996773	1
2.69958996773	1
2.83462500572	-1
2.84199714661	-1
2.84199714661	-1
2.84199714661	-1
2.84199714661	-1
2.84199714661	-1
2.85195112228	-1
2.8604080677	-1
2.8604080677	-1
2.86052012444	-1
2.86052012444	-1
2.86052012444	-1
2.86052012444	-1
2.86052012444	-1
2.86052012444	-1
2.90624904633	1
2.90624904633	1
2.90624904633	1
2.90674805641	1
2.90674805641	1
2.90674805641	1
2.97426700592	1
2.97426700592	1
2.97426700592	1
2.97426700592	1
2.97426700592	1
3.10763096809	-1
3.10763096809	-1
3.10763096809	-1
3.11848306656	-1
3.11848306656	-1
3.11848306656	-1
3.14892411232	-1
3.14892411232	-1
3.15001702309	1
3.15001702309	1
3.15001702309	1
3.19776701927	-1
3.19776701927	-1
3.19776701927	-1
3.19846796989	1
3.19846796989	1
3.24636316299	-1
3.24834299088	1
3.24834299088	1
3.24834299088	1
3.24834299088	1
3.27392411232	-1
3.27392411232	-1
3.27392411232	-1
3.28092813492	-1
3.28092813492	-1
3.28092813492	-1
3.38358807564	-1
3.38362216949	1
3.41187000275	-1
3.41187000275	-1
3.41187000275	-1
3.50479912758	-1
3.50479912758	-1
3.50479912758	-1
3.50479912758	-1
3.50479912758	-1
3.50479912758	-1
3.51315593719	-1
3.51315593719	-1
3.51889204979	-1
3.51889204979	-1
3.52103996277	1
3.52103996277	1
3.52147316933	-1
3.52147316933	-1
3.52147316933	-1
3.53220510483	-1
3.53220510483	-1
3.53220510483	-1
3.56062698364	1
3.56062698364	1
3.56062698364	1
3.57033395767	-1
3.57033395767	-1
3.57033395767	-1
3.5704369545	-1
3.5704369545	-1
3.57056117058	-1
3.57056117058	-1
3.57056117058	-1
3.57056117058	-1
3.57056117058	-1
3.57056117058	-1
3.6120300293	-1
3.6120300293	-1
3.65636301041	-1
3.65636301041	-1
3.65636301041	-1
3.65646696091	-1
3.65646696091	-1
3.65646696091	-1
3.65646696091	-1
3.65646696091	-1
3.65646696091	-1
3.65646696091	-1
3.65668106079	-1
3.65683603287	-1
3.65683603287	-1
3.65683603287	-1
3.65683603287	-1
3.65683603287	-1
3.65683603287	-1
3.65683603287	-1
3.6697371006	-1
3.66977095604	1
3.66977095604	1
3.66980004311	-1
3.66980004311	-1
3.66980004311	-1
3.66996407509	-1
3.66996407509	-1
3.6700861454	-1
3.6700861454	-1
3.67020916939	-1
3.67020916939	-1
3.67020916939	-1
3.71767711639	-1
3.71767711639	-1
3.71767711639	-1
3.71767711639	-1
3.71778106689	-1
3.71790313721	-1
3.71790313721	-1
3.71790313721	-1
3.71790313721	-1
3.71790313721	-1
3.71790313721	-1
3.71790313721	-1
3.78737616539	-1
3.78737616539	-1
3.78737616539	-1
3.78737616539	-1
3.7875919342	-1
3.7875919342	-1
3.79445004463	-1
3.79445004463	-1
3.79445004463	-1
3.79445004463	-1
3.79445004463	-1
3.79445004463	-1
3.79467916489	-1
3.79467916489	-1
3.79467916489	-1
3.79475212097	-1
3.79475212097	-1
3.79492306709	-1
3.79492306709	-1
3.79504704475	-1
3.79504704475	-1
3.79504704475	-1
3.79504704475	-1
3.79504704475	-1
3.79504704475	-1
3.79504704475	-1
3.79504704475	-1
3.85502505302	-1
3.85502505302	-1
3.85502505302	-1
3.85502505302	-1
3.85502505302	-1
3.85502505302	-1
3.85502505302	-1
3.85502505302	-1
3.85505700111	1
3.85537600517	-1
3.85537600517	-1
3.85537600517	-1
3.85550498962	-1
3.85550498962	-1
3.85550498962	-1
3.85562205315	-1
3.85562205315	-1
3.85562205315	-1
3.85562205315	-1
3.85562205315	-1
3.85562205315	-1
3.85587000847	-1
3.85587000847	-1
3.85587000847	-1
3.85587000847	-1
3.85611605644	-1
3.85611605644	-1
3.85611605644	-1
3.89240002632	-1
3.89240002632	-1
3.89240002632	-1
3.89250516891	-1
3.89250516891	-1
3.93198800087	-1
3.93198800087	-1
3.93198800087	-1
3.93198800087	-1
3.93198800087	-1
3.93198800087	-1
3.93223404884	-1
3.93223404884	-1
3.93223404884	-1
3.93223404884	-1
3.93223404884	-1
3.93223404884	-1
3.93223404884	-1
3.93238210678	-1
3.93260097504	-1
3.93260097504	-1
3.93260097504	-1
3.93260097504	-1
3.93260097504	-1
3.93260097504	-1
3.93260097504	-1
3.93284797668	-1
3.93296909332	-1
3.93296909332	-1
3.93296909332	-1
3.93296909332	-1
3.93296909332	-1
3.93296909332	-1
3.93534398079	1
3.93534398079	1
3.93534398079	1
3.96311497688	-1
3.96311497688	-1
3.96311497688	-1
3.96311497688	-1
3.96311497688	-1
3.96311497688	-1
3.96311497688	-1
3.96311497688	-1
3.96348404884	-1
3.96348404884	-1
3.9636080265	-1
3.9636080265	-1
3.9636080265	-1
3.9636080265	-1
3.9636080265	-1
3.9636080265	-1
3.9636080265	-1
3.99354505539	-1
3.99366402626	-1
3.99366402626	-1
3.99366402626	-1
3.99366402626	-1
3.99366402626	-1
3.99366402626	-1
3.99391007423	-1
3.99391007423	-1
3.99391007423	-1
3.99391007423	-1
3.99391007423	-1
3.99391007423	-1
3.99391007423	-1
3.99391007423	-1
3.9942779541	-1
3.9942779541	-1
3.9942779541	-1
3.9942779541	-1
3.9942779541	-1
3.9942779541	-1
3.9942779541	-1
3.9942779541	-1
3.9942779541	-1
3.99467110634	-1
3.99467110634	-1
3.99467110634	-1
4.0251121521	-1
4.0251121521	-1
4.0251121521	-1
4.02522802353	-1
4.02522802353	-1
4.02522802353	-1
4.02522802353	-1
4.02522802353	-1
4.02522802353	-1
4.02522802353	-1
4.04730010033	-1
4.04735016823	-1
4.04735016823	-1
4.04735016823	-1
4.04735016823	-1
4.04735016823	-1
4.04735016823	-1
4.07312297821	-1
4.07312297821	-1
4.07312297821	-1
4.07312297821	-1
4.07312297821	-1
4.07312297821	-1
4.07312297821	-1
4.07312297821	-1
4.07347297668	-1
4.07347297668	-1
4.07347297668	-1
4.07347297668	-1
4.07347297668	-1
4.07347297668	-1
4.07347297668	-1
4.07347297668	-1
4.07384395599	-1
4.07384395599	-1
4.07384395599	-1
4.07384395599	-1
4.07384395599	-1
4.07384395599	-1
4.07384395599	-1
4.07384395599	-1
4.07414698601	-1
4.07414698601	-1
4.07414698601	-1
4.07414698601	-1
4.07414698601	-1
4.07414698601	-1
4.07414698601	-1
4.07436394691	-1
4.07457995415	-1
4.07457995415	-1
4.07457995415	-1
4.07457995415	-1
4.07457995415	-1
4.07457995415	-1
4.07457995415	-1
4.07457995415	-1
4.10899996758	-1
4.10899996758	-1
4.10899996758	-1
4.10899996758	-1
4.10899996758	-1
4.10899996758	-1
4.10899996758	-1
4.10899996758	-1
4.10933208466	-1
4.10945510864	-1
4.10945510864	-1
4.10945510864	-1
4.10945510864	-1
4.10945510864	-1
4.10945510864	-1
4.10945510864	-1
4.10945510864	-1
4.10982394218	-1
4.10982394218	-1
4.11021399498	1
4.11021399498	1
4.11021399498	1
4.13245511055	-1
4.13245511055	-1
4.13245511055	-1
4.13245511055	-1
4.13245511055	-1
4.13245511055	-1
4.13245511055	-1
4.1326789856	-1
4.13280105591	-1
4.13280105591	-1
4.13280105591	-1
4.13280105591	-1
4.13280105591	-1
4.13280105591	-1
4.13298797607	-1
4.13298797607	-1
4.13317012787	-1
4.13317012787	-1
4.13317012787	-1
4.13317012787	-1
4.13317012787	-1
4.13317012787	-1
4.13317012787	-1
4.13341498375	-1
4.13353896141	-1
4.13353896141	-1
4.13353896141	-1
4.13353896141	-1
4.13353896141	-1
4.13353896141	-1
4.13353896141	-1
4.13378810883	-1
4.13378810883	-1
4.13383507729	-1
4.13383507729	-1
4.13383507729	-1
4.13383507729	-1
4.13383507729	-1
4.13383507729	-1
4.13383507729	-1
4.13406014442	-1
4.17279195786	-1
4.17279195786	-1
4.17279195786	-1
4.17279195786	-1
4.17279195786	-1
4.17279195786	-1
4.17279195786	-1
4.17302203178	-1
4.20423913002	-1
4.20423913002	-1
4.20423913002	-1
4.20423913002	-1
4.20423913002	-1
4.20423913002	-1
4.20423913002	-1
4.20439100266	-1
4.20459794998	-1
4.20459794998	-1
4.20459794998	-1
4.20459794998	-1
4.20459794998	-1
4.20459794998	-1
4.20459794998	-1
4.20484399796	-1
4.21213102341	-1
4.21213102341	-1
4.21213102341	-1
4.21213102341	-1
4.21213102341	-1
4.21213102341	-1
4.21213102341	-1
4.21236014366	-1
4.21236014366	-1
4.21236014366	-1
4.21236014366	-1
4.21236014366	-1
4.21236014366	-1
4.21236014366	-1
4.2127289772	-1
4.2127289772	-1
4.2127289772	-1
4.21285200119	-1
4.21285200119	-1
4.2129740715	-1
4.2129740715	-1
4.2129740715	-1
4.2129740715	-1
4.2129740715	-1
4.2129740715	-1
4.21322011948	-1
4.21322011948	-1
4.21322011948	-1
4.21322011948	-1
4.21322011948	-1
4.21322011948	-1
4.21322011948	-1
4.21322011948	-1
4.21358799934	-1
4.21358799934	-1
4.21358799934	-1
4.21358799934	-1
4.21358799934	-1
4.21358799934	-1
4.21358799934	-1
4.21383404732	-1
4.2139570713	-1
4.2139570713	-1
4.2139570713	-1
4.2139570713	-1
4.2139570713	-1
4.2139570713	-1
4.2139570713	-1
4.2139570713	-1
4.21489500999	1
4.21489500999	1
4.21489500999	1
4.26981306076	-1
4.26981306076	-1
4.26981306076	-1
4.26981306076	-1
4.26981306076	-1
4.27003097534	-1
4.27003097534	-1
4.27003097534	-1
4.27003097534	-1
4.27003097534	-1
4.27003097534	-1
4.27027416229	-1
4.27027416229	-1
4.27027416229	-1
4.27027416229	-1
4.27027416229	-1
4.27027416229	-1
4.27027416229	-1
4.27027416229	-1
4.27064299583	-1
4.27064299583	-1
4.27070999146	-1
4.27070999146	-1
4.27070999146	-1
4.27070999146	-1
4.27070999146	-1
4.27070999146	-1
4.27095603943	-1
4.27095603943	-1
4.27113294601	-1
4.27113294601	-1
4.27113294601	-1
4.27113294601	-1
4.27113294601	-1
4.27113294601	-1
4.27113294601	-1
4.27137994766	-1
4.3090801239	-1
4.3090801239	-1
4.3090801239	-1
4.3090801239	-1
4.3090801239	-1
4.3090801239	-1
4.3092341423	-1
4.3092341423	-1
4.3092341423	-1
4.30942797661	-1
4.30942797661	-1
4.30955195427	-1
4.30955195427	-1
4.30955195427	-1
4.30967497826	-1
4.30967497826	-1
4.3098051548	-1
4.3098051548	-1
4.3098051548	-1
4.35466694832	1
4.35466694832	1
4.35466694832	1
4.40689611435	1
4.54396510124	1
4.54396510124	1
4.71517515182	-1
4.7152121067	1
4.78476214409	-1
4.78476214409	-1
4.78476214409	-1
4.78808903694	-1
4.78808903694	-1
4.78817200661	-1
4.78817200661	-1
4.78817200661	-1
4.78817200661	-1
4.78817200661	-1
4.79264307022	-1
4.79319906235	-1
4.79319906235	-1
4.79319906235	-1
4.79319906235	-1
4.79319906235	-1
4.79319906235	-1
4.79319906235	-1
4.79335403442	-1
4.79335403442	-1
4.79335403442	-1
4.79335403442	-1
4.79335403442	-1
4.79335403442	-1
4.79335403442	-1
4.79335403442	-1
4.82392096519	-1
4.82394695282	-1
4.82394695282	-1
4.82394695282	-1
4.82394695282	-1
4.82394695282	-1
4.85286712646	1
4.99028205872	-1
4.99158596992	1
5.12226700783	-1
5.12226700783	-1
5.12226700783	-1
5.12898302078	-1
5.12898302078	-1
5.17468214035	1
5.24717903137	-1
5.24717903137	-1
5.24717903137	-1
5.26647806168	-1
5.26647806168	-1
5.4035961628	1
5.40376615524	-1
5.62360095978	-1
5.62418007851	-1
5.62418007851	-1
5.62418007851	-1
5.62418007851	-1
5.62418007851	-1
5.62418007851	-1
5.62418007851	-1
5.63144516945	-1
5.6315510273	-1
5.6315510273	-1
5.6315510273	-1
5.6315510273	-1
5.6315510273	-1
5.6315510273	-1
5.6315510273	-1
5.6315510273	-1
5.63179707527	-1
5.63179707527	-1
5.63179707527	-1
5.63179707527	-1
5.63179707527	-1
5.63179707527	-1
5.63179707527	-1
5.63910508156	-1
5.63910508156	-1
5.63910508156	-1
5.63921093941	-1
5.657351017	-1
5.657351017	-1
5.657351017	-1
5.657351017	-1
5.657351017	-1
5.657351017	-1
5.80376410484	1
5.81815814972	1
5.81815814972	1
5.81815814972	1
5.94082212448	1
6.11013317108	-1
6.24762916565	-1
6.24762916565	-1
6.25474596024	1
6.25836396217	1
6.25836396217	1
6.25836396217	1
6.3476190567	1
6.3476190567	1
6.3476190567	1
6.3476190567	1
6.3897049427	1
6.39617609978	1
6.39617609978	1
6.39617609978	1
6.39617609978	1
6.39617609978	1
6.39617609978	1
6.39617609978	1
6.39851808548	1
6.39853405952	1
6.39853405952	1
6.39853405952	1
6.39853405952	1
6.39853405952	1
6.39853405952	1
6.39853405952	1
6.39853405952	1
6.39861297607	1
6.39861297607	1
6.53608894348	-1
6.71257996559	-1
