0.0	1
0.250730991364	1
7.47071695328	-1
7.61248612404	-1
7.61811208725	1
7.61828804016	1
7.61828804016	1
7.61828804016	1
7.61828804016	1
7.61828804016	1
8.2988679409	-1
8.3000690937	1
8.37421393394	-1
8.81521606445	-1
8.88910913467	-1
8.90833997726	-1
8.90833997726	-1
8.90833997726	-1
8.90833997726	-1
8.90833997726	-1
8.90833997726	-1
8.90833997726	-1
8.94036793709	1
8.94202208519	1
8.94202208519	1
8.94202208519	1
8.96313595772	-1
8.96435809135	1
8.96435809135	1
9.00527215004	-1
9.00527215004	-1
9.00527215004	-1
9.00527215004	-1
9.00527215004	-1
9.00527215004	-1
9.01633000374	1
9.06092715263	1
9.06092715263	1
9.06092715263	1
9.13348197937	1
9.13544106483	-1
9.24713015556	1
9.31137514114	1
9.31137514114	1
9.31137514114	1
9.32100510597	1
9.49906396866	-1
9.49984407425	1
9.52064704895	-1
9.52064704895	-1
9.52064704895	-1
9.5730509758	-1
9.57366394997	1
9.57366394997	1
9.647534132	-1
9.647534132	-1
9.64776110649	1
9.64776110649	1
9.66733503342	-1
9.66733503342	-1
9.66733503342	-1
9.70290708542	-1
9.70290708542	-1
9.72195100784	1
9.72195100784	1
9.7962501049	-1
9.91756296158	-1
10.0191071033	-1
10.0933020115	-1
10.1127121449	-1
10.1127121449	-1
10.1127121449	-1
10.1127121449	-1
10.1127121449	-1
10.1127121449	-1
10.1127121449	-1
10.1362960339	-1
10.1363520622	-1
10.1363520622	-1
10.1363520622	-1
10.1363520622	-1
10.1363520622	-1
10.1986949444	-1
10.1986949444	-1
10.1986949444	-1
10.1986949444	-1
10.208687067	-1
10.208687067	-1
10.208687067	-1
10.208687067	-1
10.208687067	-1
10.208687067	-1
10.208687067	-1
10.2428970337	-1
10.2843160629	-1
10.2843160629	-1
10.2843160629	-1
10.2843160629	-1
10.2844200134	-1
10.2844200134	-1
10.2844200134	-1
10.2844200134	-1
10.2844200134	-1
10.2844200134	-1
10.2844200134	-1
10.2855989933	1
10.2856371403	1
10.2856371403	1
10.2856371403	1
10.3177781105	-1
10.3177781105	-1
10.3240361214	-1
10.3240361214	-1
10.3240361214	-1
10.3240361214	-1
10.3240361214	-1
10.3240361214	-1
10.3240361214	-1
10.3448691368	-1
10.3449289799	-1
10.3449289799	-1
10.3449289799	-1
10.3449289799	-1
10.3449289799	-1
10.3449289799	-1
10.3449289799	-1
10.3449289799	-1
10.3452210426	-1
10.3585071564	-1
10.3585071564	-1
10.3585071564	-1
10.3895890713	-1
10.3895890713	-1
10.3982210159	-1
10.3982210159	-1
10.4140570164	-1
10.4140570164	-1
10.4140570164	-1
10.4140570164	-1
10.4140570164	-1
10.4140570164	-1
10.4140570164	-1
10.4140570164	-1
10.4282400608	-1
10.4284050465	-1
10.4284050465	-1
10.4660439491	-1
10.4660439491	-1
10.4660439491	-1
10.4660439491	-1
10.4660439491	-1
10.4660439491	-1
10.4660439491	-1
10.4660439491	-1
10.4958291054	-1
10.4958291054	-1
10.4958291054	-1
10.4959440231	-1
10.4959440231	-1
10.4959440231	-1
10.4959440231	-1
10.4959440231	-1
10.4959440231	-1
10.5320301056	-1
10.5320301056	-1
10.5324211121	1
10.553301096	-1
10.553301096	-1
10.553301096	-1
10.5554511547	-1
10.5554511547	-1
10.5554511547	-1
10.5554511547	-1
10.5554511547	-1
10.5554511547	-1
10.5554511547	-1
10.5636889935	-1
10.5637910366	-1
10.5637910366	-1
10.5637910366	-1
10.5637910366	-1
10.5637910366	-1
10.5742321014	-1
10.5853710175	-1
10.5853710175	-1
10.5854239464	-1
10.5854239464	-1
10.5854239464	-1
10.5854239464	-1
10.5854239464	-1
10.5854239464	-1
10.5854239464	-1
10.5953030586	-1
10.5954260826	-1
10.5954260826	-1
10.5954260826	-1
10.5954260826	-1
10.5954260826	-1
10.5954260826	-1
10.5954260826	-1
10.6146371365	-1
10.6146719456	1
10.6161711216	-1
10.6161711216	-1
10.6161711216	-1
10.6161711216	-1
10.6161711216	-1
10.6161711216	-1
10.6161711216	-1
10.6161711216	-1
10.6328220367	-1
10.6328220367	-1
10.6328220367	-1
10.6328220367	-1
10.6328220367	-1
10.6328220367	-1
10.6328220367	-1
10.6328220367	-1
10.6418030262	-1
10.6419160366	-1
10.6419160366	-1
10.6419160366	-1
10.6419160366	-1
10.6419160366	-1
10.6419160366	-1
10.6419160366	-1
10.6421611309	-1
10.6421611309	-1
10.6421611309	-1
10.6421611309	-1
10.6421611309	-1
10.6421611309	-1
10.6596460342	-1
10.6596460342	-1
10.6596460342	-1
10.6681060791	-1
10.6681060791	-1
10.6681060791	-1
10.6681060791	-1
10.6681060791	-1
10.6681060791	-1
10.6681060791	-1
10.6776521206	-1
10.6778960228	-1
10.6778960228	-1
10.6778960228	-1
10.6778960228	-1
10.6778960228	-1
10.6778960228	-1
10.6778960228	-1
10.6949739456	-1
10.6951611042	-1
10.6951611042	-1
10.6951611042	-1
10.6951611042	-1
10.6951611042	-1
10.6951611042	-1
10.6976070404	1
10.7016899586	-1
10.7016899586	-1
10.7016899586	-1
10.7016899586	-1
10.7016899586	-1
10.7016899586	-1
10.7016899586	-1
10.7062101364	-1
10.7062101364	-1
10.7062101364	-1
10.7062101364	-1
10.7062101364	-1
10.7062101364	-1
10.7062101364	-1
10.7062101364	-1
10.7130489349	-1
10.713103056	-1
10.713103056	-1
10.713103056	-1
10.713103056	-1
10.713103056	-1
10.713103056	-1
10.713103056	-1
10.7210221291	-1
10.7211270332	-1
10.7211270332	-1
10.7211270332	-1
10.7211270332	-1
10.7211270332	-1
10.7211270332	-1
10.7211270332	-1
10.7320959568	-1
10.7481570244	-1
10.7481570244	-1
10.7481570244	-1
10.7481570244	-1
10.7481570244	-1
10.7481570244	-1
10.7481570244	-1
10.7517800331	-1
10.7519021034	-1
10.7519021034	-1
10.7519021034	-1
10.7519021034	-1
10.7519021034	-1
10.7519021034	-1
10.7519021034	-1
10.7586510181	1
10.7586510181	1
10.7586510181	1
10.7616379261	-1
10.7617521286	-1
10.7617521286	-1
10.7617521286	-1
10.7617521286	-1
10.7617521286	-1
10.7617521286	-1
10.7617521286	-1
10.7718100548	-1
10.7794270515	-1
10.7794270515	-1
10.7794270515	-1
10.7794270515	-1
10.7794270515	-1
10.7794270515	-1
10.7794270515	-1
10.7794270515	-1
10.823127985	-1
10.823127985	-1
10.823127985	-1
10.823127985	-1
10.823127985	-1
10.823127985	-1
10.823127985	-1
10.8449831009	-1
10.8612010479	-1
10.8612010479	-1
10.8612010479	-1
10.8612010479	-1
10.8612010479	-1
10.8612010479	-1
10.8612010479	-1
10.8612351418	1
10.8712239265	-1
10.8737139702	-1
10.8737139702	-1
10.8737139702	-1
10.8737139702	-1
10.8737139702	-1
10.8737139702	-1
10.8737139702	-1
10.8814101219	-1
10.8814101219	-1
10.8814101219	-1
10.8814101219	-1
10.8814101219	-1
10.8814101219	-1
10.8814101219	-1
10.8814101219	-1
10.8818840981	-1
10.8818840981	-1
10.8818840981	-1
10.8818840981	-1
10.8818840981	-1
10.8818840981	-1
10.8818840981	-1
10.8934710026	-1
10.8934710026	-1
10.9129071236	-1
10.9129071236	-1
10.9129071236	-1
10.9129071236	-1
10.9129071236	-1
10.9129071236	-1
10.9129071236	-1
10.9515240192	-1
10.9515609741	1
10.9515969753	-1
10.9515969753	-1
10.9515969753	-1
10.9515969753	-1
10.9515969753	-1
10.9515969753	-1
10.9515969753	-1
10.9523119926	-1
10.9523119926	-1
10.9523119926	-1
10.9523119926	-1
10.9523119926	-1
10.9523119926	-1
10.9523119926	-1
10.9673769474	-1
10.9777691364	-1
10.9777691364	-1
10.9777691364	-1
10.9777691364	-1
10.9777691364	-1
10.9777691364	-1
10.9777691364	-1
10.9777691364	-1
10.9916920662	-1
11.0387499332	-1
11.0387499332	-1
11.0387499332	-1
11.0387499332	-1
11.0387499332	-1
11.0387499332	-1
11.0387499332	-1
11.0387499332	-1
11.0387499332	-1
11.0387871265	1
11.039098978	-1
11.039098978	-1
11.039098978	-1
11.039098978	-1
11.039098978	-1
11.0480041504	-1
11.0481710434	-1
11.0481710434	-1
11.0481710434	-1
11.0481710434	-1
11.0481710434	-1
11.0481710434	-1
11.0539591312	-1
11.0539591312	-1
11.0539591312	-1
11.0539591312	-1
11.0539591312	-1
11.0539591312	-1
11.0539591312	-1
11.0539591312	-1
11.0571241379	-1
11.0571241379	-1
11.0571241379	-1
11.0579800606	-1
11.0579800606	-1
11.0579800606	-1
11.0743391514	-1
11.0743391514	-1
11.0744609833	-1
11.0744609833	-1
11.0744609833	-1
11.0744609833	-1
11.0757930279	-1
11.0933640003	-1
11.0933640003	-1
11.0933640003	-1
11.0933640003	-1
11.0933640003	-1
11.0933640003	-1
11.0933640003	-1
11.0933640003	-1
11.1031489372	-1
11.1031489372	-1
11.1031489372	-1
11.1031489372	-1
11.1031489372	-1
11.1031489372	-1
11.1031489372	-1
11.1031489372	-1
11.1036710739	-1
11.1036710739	-1
11.1036710739	-1
11.1036710739	-1
11.1036710739	-1
11.1036710739	-1
11.1049859524	1
11.1049859524	1
11.1049859524	1
11.1223630905	-1
11.1223630905	-1
11.1469619274	-1
11.1469619274	-1
11.1469619274	-1
11.1469619274	-1
11.1469619274	-1
11.5291521549	-1
11.5323550701	1
11.5325610638	1
11.5325610638	1
11.5325610638	1
11.5325610638	1
12.110419035	-1
12.2422821522	-1
12.3162939548	-1
12.3162939548	-1
12.3180551529	1
12.4427621365	-1
12.7020030022	1
12.7760961056	-1
12.7766230106	1
12.8499519825	-1
12.9712021351	-1
12.9726390839	1
13.0154531002	-1
13.0154531002	-1
13.0154531002	-1
13.044919014	-1
13.044919014	-1
13.044919014	-1
13.044919014	-1
13.0465240479	1
13.0465240479	1
13.0834441185	-1
13.0834441185	-1
13.0834441185	-1
13.0834441185	-1
13.0834441185	-1
13.0839140415	-1
13.1161460876	-1
13.1161460876	-1
13.1161460876	-1
13.1161460876	-1
13.1161460876	-1
13.1161460876	-1
13.1161460876	-1
13.1161460876	-1
13.140625	-1
13.140625	-1
13.140625	-1
13.140625	-1
13.140625	-1
13.140625	-1
13.140625	-1
13.140625	-1
13.1946930885	-1
13.1946930885	-1
13.2041940689	-1
13.2041940689	-1
13.2041940689	-1
13.2041940689	-1
13.2041940689	-1
13.2041940689	-1
13.2041940689	-1
13.2041940689	-1
13.2102839947	-1
13.2102839947	-1
13.2102839947	-1
13.2102839947	-1
13.2118279934	1
13.2288601398	-1
13.2288601398	-1
13.2289619446	-1
13.2289619446	-1
13.2289619446	-1
13.2289619446	-1
13.2289619446	-1
13.2289619446	-1
13.2711129189	-1
13.2711129189	-1
13.2711129189	-1
13.2711129189	-1
13.2711129189	-1
13.2711129189	-1
13.2711129189	-1
13.2711129189	-1
13.2942371368	-1
13.2943511009	-1
13.2943511009	-1
13.2943511009	-1
13.2943511009	-1
13.2943511009	-1
13.2943511009	-1
13.3071680069	-1
13.3071680069	-1
13.3451211452	-1
13.3492310047	-1
13.3492310047	-1
13.3492310047	-1
13.3492310047	-1
13.3492310047	-1
13.3492310047	-1
13.3492310047	-1
13.3763940334	1
13.3970010281	-1
13.397110939	-1
13.397110939	-1
13.397110939	-1
13.397110939	-1
13.397110939	-1
13.397110939	-1
13.397110939	-1
13.397110939	-1
13.4000189304	-1
13.4000189304	-1
13.4000189304	-1
13.4000189304	-1
13.4000189304	-1
13.4000189304	-1
13.4033911228	-1
13.4033911228	-1
13.4033911228	-1
13.4033911228	-1
13.4033911228	-1
13.4045100212	1
13.4045100212	1
13.4045100212	1
13.4048759937	-1
13.4232211113	-1
13.443169117	-1
13.443169117	-1
13.443169117	-1
13.4434509277	-1
13.4434509277	-1
13.4434509277	-1
13.4434509277	-1
13.4434509277	-1
13.4434509277	-1
13.4579739571	-1
13.4579739571	-1
13.4579739571	-1
13.4579739571	-1
13.4579739571	-1
13.4579739571	-1
13.4579739571	-1
13.4579739571	-1
13.4751620293	-1
13.4751620293	-1
13.4751620293	-1
13.4751620293	-1
13.4751620293	-1
13.4751620293	-1
13.4751620293	-1
13.4751620293	-1
13.4788620472	-1
13.4788620472	-1
13.4788620472	-1
13.4788620472	-1
13.4788620472	-1
13.4788620472	-1
13.5711009502	-1
13.5711491108	1
13.6046431065	-1
13.6046431065	-1
13.6046431065	-1
13.6046431065	-1
13.6046431065	-1
13.6046431065	-1
13.6046431065	-1
13.6175279617	-1
13.6175279617	-1
13.6175279617	-1
13.6175279617	-1
13.6175279617	-1
13.6175279617	-1
13.6175279617	-1
13.6175279617	-1
13.6178729534	-1
13.6178729534	-1
13.6178729534	-1
13.6178729534	-1
13.6178729534	-1
13.6178729534	-1
13.6178729534	-1
13.6181499958	-1
13.6181499958	-1
13.6181499958	-1
13.6181499958	-1
13.6181499958	-1
13.6181499958	-1
13.6181499958	-1
13.6181499958	-1
13.6183941364	-1
13.6186079979	-1
13.6186079979	-1
13.6186470985	-1
13.6186470985	-1
13.6186470985	-1
13.6186470985	-1
13.6186470985	-1
13.6186470985	-1
13.6186470985	-1
13.6188781261	-1
13.6188781261	-1
13.6188781261	-1
13.6188781261	-1
13.6188781261	-1
13.6453540325	-1
13.6453540325	-1
13.6453900337	1
13.6454160213	-1
13.6454160213	-1
13.6454160213	-1
13.6454160213	-1
13.6454160213	-1
13.6454160213	-1
13.6792891026	-1
13.6792891026	-1
13.6792891026	-1
13.6792891026	-1
13.6792891026	-1
13.6917591095	-1
13.6917591095	-1
13.6918611526	-1
13.6918611526	-1
13.6918611526	-1
13.6918611526	-1
13.6918611526	-1
13.6918611526	-1
13.6918611526	-1
13.6921069622	-1
13.6922299862	-1
13.6922299862	-1
13.6922299862	-1
13.6922299862	-1
13.6922299862	-1
13.6922299862	-1
13.6922299862	-1
13.6925590038	-1
13.6926820278	-1
13.6926820278	-1
13.6926820278	-1
13.6926820278	-1
13.6926820278	-1
13.6926820278	-1
13.6926820278	-1
13.6929271221	-1
13.693048954	-1
13.693048954	-1
13.693048954	-1
13.693048954	-1
13.693048954	-1
13.693048954	-1
13.693048954	-1
13.7659549713	1
13.7659549713	1
13.7671661377	-1
13.7671661377	-1
13.8880620003	1
13.8932819366	1
13.8932819366	1
13.8932819366	1
13.8959610462	1
13.8959610462	1
13.8962371349	1
13.8962371349	1
13.8962371349	1
13.8962371349	1
13.8962371349	1
13.8962371349	1
13.8962371349	1
13.8962371349	1
13.8968479633	1
13.9673349857	1
14.0770311356	-1
14.186811924	-1
