0.0	1
0.0	1
0.0630269050598	1
5.11726593971	-1
5.11726593971	-1
9.19490695	-1
12.3336567879	-1
14.4862217903	-1
14.6625819206	-1
14.6625819206	-1
14.6625819206	-1
14.6625819206	-1
14.6625819206	-1
14.6625819206	-1
14.6625819206	-1
14.7259039879	-1
14.7359099388	1
14.7989649773	1
14.7989649773	1
15.2349979877	-1
15.4028818607	-1
15.466108799	-1
15.466108799	-1
15.5749328136	-1
15.5749328136	-1
15.638122797	-1
15.6490108967	1
16.0266718864	-1
16.1266589165	-1
16.1961028576	-1
16.1961028576	-1
16.2593619823	-1
16.2660160065	1
16.3292038441	1
16.959528923	-1
17.02541399	-1
17.02541399	-1
17.02541399	-1
17.02541399	-1
17.02541399	-1
17.02541399	-1
17.02541399	-1
17.0627098083	-1
17.1088647842	-1
17.1088647842	-1
17.1088647842	-1
17.1258749962	-1
17.1332418919	-1
17.1332418919	-1
17.1332418919	-1
17.1332418919	-1
17.1332418919	-1
17.1891338825	-1
17.1891338825	-1
17.2206659317	1
17.2837569714	1
17.3054728508	-1
17.3054728508	-1
17.3054728508	-1
17.3054728508	-1
17.3054728508	-1
17.3689968586	-1
17.7177078724	-1
17.7808859348	-1
17.7947289944	-1
17.7947289944	-1
17.8440208435	-1
17.8925027847	-1
17.8925027847	-1
17.8925027847	-1
17.8925027847	-1
17.8925027847	-1
17.9072577953	-1
17.9120488167	1
19.9799058437	-1
20.1533977985	-1
20.2165958881	-1
20.2190358639	1
20.2820858955	1
20.7959389687	-1
20.8394529819	-1
20.8394529819	-1
20.8407628536	-1
20.8407628536	-1
20.8407628536	-1
20.8407628536	-1
20.8407628536	-1
20.8407628536	-1
20.8407628536	-1
20.8442649841	-1
20.844575882	-1
20.844575882	-1
20.844575882	-1
20.844575882	-1
20.844575882	-1
20.844575882	-1
20.844575882	-1
20.8987607956	-1
20.9664227962	-1
20.9664227962	-1
20.9664227962	-1
20.9664227962	-1
20.9664227962	-1
20.9664227962	-1
20.9664227962	-1
20.9856169224	-1
20.9856169224	-1
20.9856169224	-1
20.9856169224	-1
20.9972198009	-1
20.9972198009	-1
20.9972198009	-1
21.0068237782	-1
21.0068237782	-1
21.0068237782	-1
21.0068688393	-1
21.0068688393	-1
21.0068688393	-1
21.0068688393	-1
21.0068688393	-1
21.0068688393	-1
21.0068688393	-1
21.0297629833	-1
21.0298678875	-1
21.0298678875	-1
21.0298678875	-1
21.0298678875	-1
21.0298678875	-1
21.0298678875	-1
21.0298678875	-1
21.0299899578	-1
21.0309050083	1
21.0489900112	-1
21.0489900112	-1
21.0489900112	-1
21.0489900112	-1
21.0489900112	-1
21.0489900112	-1
21.0489900112	-1
21.0939948559	-1
21.0940549374	1
21.1592679024	-1
21.1592679024	-1
21.1592679024	-1
21.1592679024	-1
21.1592679024	-1
21.1592679024	-1
21.1787219048	-1
21.1787219048	-1
21.1787219048	-1
21.1787219048	-1
21.1787219048	-1
21.1787219048	-1
21.1787219048	-1
21.1787219048	-1
21.179890871	-1
21.179890871	-1
21.179890871	-1
21.179890871	-1
21.179890871	-1
21.179890871	-1
21.179890871	-1
21.179890871	-1
21.1806278229	-1
21.1806278229	-1
21.1806278229	-1
21.1806278229	-1
21.1806278229	-1
21.1806278229	-1
21.1966528893	-1
21.1966528893	-1
21.1966528893	-1
21.1966528893	-1
21.1966528893	-1
21.1966528893	-1
21.197606802	1
21.2072768211	-1
21.2072768211	-1
21.2072768211	-1
21.2072768211	-1
21.2072768211	-1
21.2072768211	-1
21.2419469357	-1
21.2419469357	-1
21.3328700066	-1
21.3328700066	-1
21.3328700066	-1
21.3328700066	-1
21.3328700066	-1
21.3328700066	-1
21.3328700066	-1
21.3328700066	-1
21.3334169388	-1
21.3334169388	-1
21.3334169388	-1
21.3334169388	-1
21.3334169388	-1
21.3336629868	-1
21.3521440029	-1
21.3521440029	-1
21.3521440029	-1
21.3521440029	-1
21.3521440029	-1
21.3521440029	-1
21.3521440029	-1
21.3521440029	-1
21.352604866	-1
21.3527288437	-1
21.3527288437	-1
21.3527288437	-1
21.3527288437	-1
21.3527288437	-1
21.3527288437	-1
21.3527288437	-1
21.3529729843	-1
21.353096962	-1
21.353096962	-1
21.353096962	-1
21.353096962	-1
21.353096962	-1
21.380012989	-1
21.380012989	-1
21.380012989	-1
21.3801279068	-1
21.3801279068	-1
21.3801279068	-1
21.3801279068	-1
21.3801279068	-1
21.3801279068	-1
21.3801279068	-1
21.3801279068	-1
21.3810229301	1
21.3969860077	-1
21.3969860077	-1
21.3969860077	-1
21.3969860077	-1
21.3969860077	-1
21.3969860077	-1
21.3969860077	-1
21.3969860077	-1
21.3972299099	-1
21.4802179337	1
21.5052759647	-1
21.5052759647	-1
21.5052759647	-1
21.5052759647	-1
21.5052759647	-1
21.5052759647	-1
21.5052759647	-1
21.5155889988	-1
21.5155889988	-1
21.5155889988	-1
21.5155889988	-1
21.5155889988	-1
21.5155889988	-1
21.5155889988	-1
21.5155889988	-1
21.5160088539	-1
21.5160088539	-1
21.5160088539	-1
21.5253858566	-1
21.5253858566	-1
21.5254919529	-1
21.5254919529	-1
21.5254919529	-1
21.5254919529	-1
21.5254919529	-1
21.5254919529	-1
21.5254919529	-1
21.5254919529	-1
21.5688419342	-1
21.5688419342	-1
21.609295845	1
21.7026298046	1
21.7026298046	1
21.7441928387	1
21.7441928387	1
22.1039447784	-1
22.1165030003	-1
22.1165030003	-1
22.1165030003	-1
22.1165030003	-1
22.1165030003	-1
22.1165030003	-1
22.1165030003	-1
22.1170618534	1
22.1440868378	-1
22.1441919804	-1
22.1441919804	-1
22.1441919804	-1
22.1441919804	-1
22.1441919804	-1
22.1441919804	-1
22.1441919804	-1
22.1487138271	-1
22.1670939922	-1
22.1691808701	-1
22.1691808701	-1
22.1691808701	-1
22.1691808701	-1
22.1691808701	-1
22.1691808701	-1
22.232614994	-1
22.2877748013	-1
22.2877748013	-1
22.2877748013	-1
22.2877748013	-1
22.2877748013	-1
22.2877748013	-1
22.288725853	-1
22.288725853	-1
22.288725853	-1
22.288725853	-1
22.288725853	-1
22.288725853	-1
22.288725853	-1
22.288725853	-1
22.3170077801	-1
22.3170077801	-1
22.3170077801	-1
22.3170077801	-1
22.3170077801	-1
22.3170077801	-1
22.3170077801	-1
22.3170077801	-1
22.3351449966	-1
22.3351449966	-1
22.3352589607	-1
22.3352589607	-1
22.3352589607	-1
22.3352589607	-1
22.3352589607	-1
22.3352589607	-1
22.3352589607	-1
22.3353798389	-1
22.3371608257	1
22.3510677814	-1
22.3510677814	-1
22.3510677814	-1
22.3510677814	-1
22.3510677814	-1
22.3510677814	-1
22.3510677814	-1
22.3510677814	-1
22.3521068096	-1
22.3521068096	-1
22.3521068096	-1
22.3521068096	-1
22.3521068096	-1
22.3991048336	-1
22.3991048336	-1
22.4402029514	1
22.4600758553	-1
22.4600758553	-1
22.4600758553	-1
22.4600758553	-1
22.4600758553	-1
22.4600758553	-1
22.4600758553	-1
22.4603049755	-1
22.4626259804	-1
22.4626259804	-1
22.4634358883	-1
22.4634358883	-1
22.4634358883	-1
22.4634358883	-1
22.4634358883	-1
22.4634358883	-1
22.4634358883	-1
22.4636678696	-1
22.4893407822	-1
22.4893407822	-1
22.4893407822	-1
22.4893407822	-1
22.4893407822	-1
22.4893407822	-1
22.4893407822	-1
22.4945378304	-1
22.4945847988	-1
22.4945847988	-1
22.4945847988	-1
22.4945847988	-1
22.4945847988	-1
22.4945847988	-1
22.4945847988	-1
22.4948887825	-1
22.5236740112	-1
22.5236740112	-1
22.5236740112	-1
22.5236740112	-1
22.5236740112	-1
22.5236740112	-1
22.5236740112	-1
22.523706913	1
22.5239078999	-1
22.5239949226	-1
22.5239949226	-1
22.5239949226	-1
22.5239949226	-1
22.5239949226	-1
22.5239949226	-1
22.5239949226	-1
22.5239949226	-1
22.526113987	-1
22.6241598129	1
22.6326229572	-1
22.6326229572	-1
22.6326229572	-1
22.6326229572	-1
22.6326229572	-1
22.6326229572	-1
22.6326229572	-1
22.6326229572	-1
22.6331419945	-1
22.6331419945	-1
22.6331419945	-1
22.6331419945	-1
22.6331419945	-1
22.6333858967	-1
22.636002779	-1
22.636002779	-1
22.636002779	-1
22.636002779	-1
22.636002779	-1
22.636002779	-1
22.636002779	-1
22.636002779	-1
22.636002779	-1
22.636002779	-1
22.6363539696	-1
22.6363539696	-1
22.6363539696	-1
22.6363539696	-1
22.6363539696	-1
22.6646118164	-1
22.6646118164	-1
22.6669459343	-1
22.6669459343	-1
22.6669459343	-1
22.6669459343	-1
22.6669459343	-1
22.6669459343	-1
22.6669459343	-1
22.6669459343	-1
22.6669459343	-1
22.6875088215	-1
22.6875088215	-1
22.6875088215	-1
22.6875088215	-1
22.6875088215	-1
22.6875429153	1
22.6877169609	-1
22.6877169609	-1
22.6962509155	-1
22.6962509155	-1
22.6962509155	-1
22.6962509155	-1
22.6962509155	-1
22.6962509155	-1
22.6962509155	-1
22.6964797974	-1
22.6965329647	-1
22.6965329647	-1
22.6965329647	-1
22.6965329647	-1
22.6965329647	-1
22.6965329647	-1
22.6965329647	-1
22.6968488693	-1
22.6993839741	-1
22.6993839741	-1
22.6993839741	-1
22.6993839741	-1
22.6993839741	-1
22.6993839741	-1
22.6994328499	-1
22.7881889343	1
22.8050739765	-1
22.8056128025	-1
22.8056128025	-1
22.8056128025	-1
22.8056128025	-1
22.8056128025	-1
22.8056128025	-1
22.8056128025	-1
22.8056128025	-1
22.8070218563	-1
22.8070218563	-1
22.8085258007	-1
22.8085258007	-1
22.8085258007	-1
22.8085258007	-1
22.8085258007	-1
22.8085258007	-1
22.8085258007	-1
22.8085258007	-1
22.8689467907	-1
22.8720629215	1
24.1613368988	-1
24.1623649597	1
24.3744769096	-1
24.3757059574	1
24.5451447964	-1
24.6466448307	-1
24.7178149223	-1
24.7804889679	-1
24.7804889679	-1
24.7810838223	-1
24.7810838223	-1
24.7810838223	-1
24.7816598415	1
24.7894568443	-1
24.7894568443	-1
24.7894568443	-1
24.7894568443	-1
24.7894568443	-1
24.7894568443	-1
24.8203208447	-1
24.8203208447	-1
24.8203208447	-1
24.8203208447	-1
24.8203208447	-1
24.8203208447	-1
24.8203208447	-1
24.8203208447	-1
24.8443448544	-1
24.8443448544	-1
24.8786919117	1
24.8914659023	-1
24.8914659023	-1
24.8914659023	-1
24.8914659023	-1
24.8914659023	-1
24.8914659023	-1
24.8914659023	-1
24.8914659023	-1
24.9076578617	-1
24.9076578617	-1
24.936164856	-1
24.936164856	-1
24.9418179989	1
24.9707520008	-1
25.1477758884	-1
25.1575829983	-1
25.1575829983	-1
25.1575829983	-1
25.1575829983	-1
25.1575829983	-1
25.1575829983	-1
25.1875908375	-1
25.1875908375	-1
25.1875908375	-1
25.1875908375	-1
25.1875908375	-1
25.1875908375	-1
25.1875908375	-1
25.1875908375	-1
25.188575983	1
25.2113788128	-1
25.2113788128	-1
25.2142198086	-1
25.2142198086	-1
25.2142198086	-1
25.2142198086	-1
25.2142198086	-1
25.2292859554	-1
25.2292859554	-1
25.2292859554	-1
25.2292859554	-1
25.2292859554	-1
25.2292859554	-1
25.2292859554	-1
25.2292859554	-1
25.2508628368	-1
25.2508628368	-1
25.2508628368	-1
25.2508628368	-1
25.2508628368	-1
25.2508628368	-1
25.2508628368	-1
25.2774698734	-1
25.3246247768	-1
25.3246247768	-1
25.3246247768	-1
25.3246247768	-1
25.3246247768	-1
25.3246247768	-1
25.3246247768	-1
25.3302848339	-1
25.3302848339	-1
25.3302848339	-1
25.3302848339	-1
25.3302848339	-1
25.3302848339	-1
25.3302848339	-1
25.3305809498	1
25.3867149353	-1
28.0898029804	-1
28.0922749043	-1
28.0922749043	-1
28.0922749043	-1
28.0922749043	-1
28.0922749043	-1
28.0922749043	-1
28.0936458111	-1
28.0936458111	-1
28.0936458111	-1
28.0936458111	-1
28.0936458111	-1
28.0936458111	-1
28.0936458111	-1
28.0936458111	-1
28.1162619591	-1
28.1162619591	-1
28.1162619591	-1
28.1162619591	-1
28.1162619591	-1
28.1162619591	-1
28.1162619591	-1
28.1162619591	-1
28.1530339718	-1
28.1530339718	-1
28.2644159794	-1
28.2644159794	-1
28.2644159794	-1
28.2644159794	-1
28.2644159794	-1
28.2644159794	-1
28.2652208805	-1
28.2652208805	-1
28.2652208805	-1
28.2652208805	-1
28.2652208805	-1
28.2652208805	-1
28.2652208805	-1
28.2652208805	-1
28.2663078308	-1
28.2663078308	-1
28.2663078308	-1
28.2663078308	-1
28.2663078308	-1
28.2663078308	-1
28.2663078308	-1
28.2663078308	-1
28.2663078308	-1
28.2673618793	1
28.327881813	-1
28.327881813	-1
28.327881813	-1
28.327881813	-1
28.327881813	-1
28.327881813	-1
28.327881813	-1
28.3280198574	-1
28.330521822	1
28.4362719059	-1
28.4362719059	-1
28.4362719059	-1
28.4362719059	-1
28.4362719059	-1
28.4362719059	-1
28.4362719059	-1
28.4370548725	-1
28.4370548725	-1
28.4370548725	-1
28.4370548725	-1
28.4370548725	-1
28.4370548725	-1
28.4370548725	-1
28.4374449253	-1
28.4374449253	-1
28.4374449253	-1
28.4374449253	-1
28.4374449253	-1
28.4374449253	-1
28.4374449253	-1
28.4374449253	-1
28.4376909733	-1
28.4407498837	-1
28.4407498837	-1
28.4409239292	-1
28.4409239292	-1
28.4409239292	-1
28.4409239292	-1
28.4409239292	-1
28.4409239292	-1
28.4409239292	-1
28.4409239292	-1
28.5001578331	-1
28.5001578331	-1
28.5001578331	-1
28.5001578331	-1
28.5001578331	-1
28.5004007816	-1
28.5004007816	-1
28.5014867783	-1
28.5014867783	-1
28.5014867783	-1
28.5014867783	-1
28.5014867783	-1
28.5014867783	-1
28.5014867783	-1
28.5014867783	-1
28.5016419888	1
28.5018498898	-1
28.5018498898	-1
28.5018498898	-1
28.5018498898	-1
28.5018498898	-1
28.5018498898	-1
28.5642869473	-1
28.5642869473	-1
28.6097278595	-1
28.6097278595	-1
28.6097278595	-1
28.6097278595	-1
28.6097278595	-1
28.6097278595	-1
28.6097278595	-1
28.6097278595	-1
28.6105527878	-1
28.6105527878	-1
28.6116437912	-1
28.6116437912	-1
28.6116437912	-1
28.6116437912	-1
28.6116437912	-1
28.6116437912	-1
28.6116437912	-1
28.6283028126	-1
28.6567678452	1
35.114346981	-1
35.2147068977	-1
35.2156078815	1
35.2841398716	-1
35.2841398716	-1
35.3869318962	-1
35.4040658474	1
