0.0	1
0.250222921371	1
7.31893801689	-1
7.66541600227	-1
7.66799902916	1
7.66817092896	1
7.66817092896	1
7.66817092896	1
7.66817092896	1
7.66817092896	1
8.53643488884	-1
8.53779792786	1
8.6525080204	-1
9.35019111633	-1
9.36601495743	1
9.46495604515	-1
9.5192129612	1
9.63387703896	1
10.0271730423	-1
10.0285840034	1
10.2270460129	-1
10.7918479443	-1
10.8128430843	-1
10.8128430843	-1
10.8128430843	-1
10.8263568878	-1
10.8263568878	-1
10.8263568878	-1
10.8263568878	-1
10.8263568878	-1
10.8263568878	-1
10.8263568878	-1
10.8326981068	-1
10.8488841057	-1
10.8488841057	-1
10.8546369076	1
10.8554329872	-1
10.8554329872	-1
10.8554329872	-1
10.8589749336	1
10.8589749336	1
10.8589749336	1
10.8740689754	1
10.8740689754	1
10.9073910713	1
10.9073910713	1
10.9073910713	1
11.1230249405	1
11.2687959671	-1
11.2704920769	1
11.3009328842	-1
11.3009328842	-1
11.3009328842	-1
11.358716011	-1
11.358716011	-1
11.358716011	-1
11.3868780136	1
11.3870170116	1
11.3870170116	1
11.3870170116	1
11.4019930363	-1
11.4019930363	-1
11.4019930363	-1
11.4133880138	-1
11.4133880138	-1
11.4141430855	1
11.4141430855	1
11.4141430855	1
11.434180975	-1
11.434180975	-1
11.434180975	-1
11.434180975	-1
11.434180975	-1
11.434180975	-1
11.434180975	-1
11.434180975	-1
11.4722719193	-1
11.4722719193	-1
11.4722719193	-1
11.4722719193	-1
11.4722719193	-1
11.4722719193	-1
11.5018661022	1
11.5018661022	1
11.5438349247	-1
11.5438349247	-1
11.5438349247	-1
11.5438349247	-1
11.5438349247	-1
11.5489029884	-1
11.5567240715	-1
11.5567240715	-1
11.6167869568	-1
11.732904911	-1
11.734128952	1
11.8475439548	-1
11.9474139214	-1
11.9474139214	-1
11.9474139214	-1
11.9474139214	-1
11.9618349075	-1
11.9618349075	-1
11.962677002	1
11.9805130959	-1
11.9805130959	-1
11.9997200966	-1
11.9997200966	-1
12.0107390881	-1
12.0107390881	-1
12.0107390881	-1
12.0107390881	-1
12.0224790573	-1
12.0224790573	-1
12.0224790573	-1
12.0224790573	-1
12.0224790573	-1
12.0224790573	-1
12.029004097	-1
12.0378489494	-1
12.0378489494	-1
12.0378489494	-1
12.0378489494	-1
12.0378489494	-1
12.0574519634	-1
12.0574519634	-1
12.0575530529	-1
12.0725400448	-1
12.0725400448	-1
12.0725400448	-1
12.0867109299	-1
12.0867109299	-1
12.102643013	-1
12.102643013	-1
12.102643013	-1
12.102643013	-1
12.1027491093	-1
12.1027491093	-1
12.1217339039	-1
12.1217339039	-1
12.121835947	-1
12.121835947	-1
12.121835947	-1
12.121835947	-1
12.121835947	-1
12.121835947	-1
12.121835947	-1
12.1527569294	-1
12.1528019905	-1
12.1528019905	-1
12.1528019905	-1
12.1528019905	-1
12.1528019905	-1
12.1725819111	1
12.24219203	-1
12.24219203	-1
12.24219203	-1
12.24219203	-1
12.24219203	-1
12.2774701118	1
12.2774701118	1
12.2774701118	1
12.3271610737	1
12.445152998	1
12.5607280731	1
12.5976529121	-1
12.8745260239	-1
12.8756690025	1
12.8923830986	-1
12.8923830986	-1
12.8923830986	-1
12.8923830986	-1
12.9123289585	-1
12.9123289585	-1
12.9123289585	-1
12.9123289585	-1
12.9123289585	-1
12.9123289585	-1
12.9210329056	-1
12.9295380116	-1
12.9295380116	-1
12.9295380116	-1
12.9295380116	-1
12.9295380116	-1
12.9553198814	-1
12.9553198814	-1
12.9553198814	-1
12.9553198814	-1
12.9553198814	-1
12.9661889076	-1
12.9745988846	-1
12.9745988846	-1
12.9745988846	-1
12.9745988846	-1
12.9745988846	-1
12.9745988846	-1
12.9908690453	1
12.9908690453	1
13.0111250877	-1
13.0111250877	-1
13.0111250877	-1
13.0111250877	-1
13.0111250877	-1
13.0111250877	-1
13.0111250877	-1
13.1417028904	1
13.1854140759	1
13.1854140759	1
13.1854140759	1
13.1887819767	1
13.1887819767	1
13.2564570904	-1
13.2565119267	1
13.4110779762	1
13.5131080151	-1
13.5368280411	1
13.5368280411	1
13.6131649017	-1
13.6131649017	-1
13.6131649017	-1
13.6652190685	1
13.7120609283	-1
13.7120609283	-1
13.7120609283	-1
13.7247180939	-1
13.7247180939	-1
13.7247180939	-1
13.7247180939	-1
13.7247180939	-1
13.7480840683	-1
13.7480840683	-1
13.7480840683	-1
13.7480840683	-1
13.7664721012	-1
13.768460989	1
13.768460989	1
13.768460989	1
13.7905359268	-1
13.7905359268	-1
13.7905359268	-1
13.8370640278	-1
13.8370640278	-1
13.8370640278	-1
13.8370640278	-1
13.8582570553	-1
13.8718149662	-1
13.8718149662	-1
13.8718149662	-1
13.8718149662	-1
13.8718149662	-1
13.8718149662	-1
13.9101099968	-1
13.9101099968	-1
13.9101099968	-1
13.9548180103	-1
13.9548180103	-1
13.9548180103	-1
13.9825019836	-1
13.9825019836	-1
13.9825019836	-1
13.9825019836	-1
13.9825019836	-1
13.9825019836	-1
13.9825019836	-1
13.9981079102	-1
14.0137720108	-1
14.0137720108	-1
14.0137720108	-1
14.0137720108	-1
14.0236229897	-1
14.0578210354	-1
14.0578210354	-1
14.0578210354	-1
14.0593779087	1
14.1092250347	-1
14.1092250347	-1
14.1287388802	-1
14.1287388802	-1
14.1287388802	-1
14.1367259026	-1
14.1367259026	-1
14.1367259026	-1
14.1367259026	-1
14.2110579014	1
14.25030303	-1
14.25030303	-1
14.25030303	-1
14.2591700554	-1
14.2591700554	-1
14.2591700554	-1
14.2591700554	-1
14.2591700554	-1
14.2591700554	-1
14.2810800076	-1
14.2810800076	-1
14.2810800076	-1
14.2810800076	-1
14.2810800076	-1
14.2810800076	-1
14.2810800076	-1
14.2810800076	-1
14.3065149784	-1
14.3065149784	-1
14.3065149784	-1
14.3065149784	-1
14.3065149784	-1
14.3065149784	-1
14.3627278805	-1
14.3627278805	-1
14.3796029091	-1
14.3796029091	-1
14.3796029091	-1
14.3796029091	-1
14.3904750347	1
14.4182291031	-1
14.4182291031	-1
14.4265310764	-1
14.4265310764	-1
14.4265310764	-1
14.5358700752	1
14.5358700752	1
14.8472380638	-1
14.9792819023	-1
14.9792819023	-1
14.9792819023	-1
14.9894781113	-1
14.9894781113	-1
14.9894781113	-1
14.9894781113	-1
14.9894781113	-1
14.9894781113	-1
14.9894781113	-1
14.9936139584	-1
14.9975049496	-1
14.9975049496	-1
14.9975049496	-1
14.9975049496	-1
15.0106930733	-1
15.0106930733	-1
15.0106930733	-1
15.0106930733	-1
15.0106930733	-1
15.0106930733	-1
15.0106930733	-1
15.0106930733	-1
15.0150420666	-1
15.0150420666	-1
15.0150420666	-1
15.0150420666	-1
15.0150420666	-1
15.0150420666	-1
15.0150420666	-1
15.0160009861	1
15.0381700993	-1
15.0381700993	-1
15.0381700993	-1
15.0381700993	-1
15.0381700993	-1
15.0381700993	-1
15.0381700993	-1
15.0381700993	-1
15.0381700993	-1
15.0385069847	-1
15.1087930202	-1
15.1087930202	-1
15.1087930202	-1
15.108891964	-1
15.108891964	-1
15.108891964	-1
15.108891964	-1
15.108891964	-1
15.1145629883	-1
15.2296540737	-1
15.2296540737	-1
15.2631690502	1
15.3783679008	-1
15.3783679008	-1
15.3784110546	1
15.5035569668	-1
15.6557300091	-1
15.6557300091	-1
15.8242270947	-1
15.8299651146	1
15.9832289219	1
16.4570999146	-1
16.5809559822	-1
16.5809559822	-1
16.5809559822	-1
16.5809559822	-1
16.5809559822	-1
16.5809559822	-1
16.6525809765	1
16.7387690544	-1
16.7387690544	-1
16.7387690544	-1
16.7387690544	-1
16.7387690544	-1
16.7387690544	-1
16.7387690544	-1
16.7387690544	-1
16.7448120117	-1
16.7448120117	-1
16.7448120117	-1
16.7448120117	-1
16.7448120117	-1
16.7448120117	-1
16.7448120117	-1
16.7448120117	-1
16.7672319412	1
16.7672319412	1
16.8812959194	-1
16.8812959194	-1
17.1297619343	-1
18.2984008789	-1
18.394546032	-1
18.394546032	-1
18.394546032	-1
18.394546032	-1
18.394546032	-1
18.394546032	-1
18.394546032	-1
18.394546032	-1
18.6675009727	1
18.7823960781	1
18.7823960781	1
21.215280056	-1
21.245486021	-1
21.245486021	-1
21.245486021	-1
21.264854908	-1
21.264854908	-1
21.264854908	-1
21.264854908	-1
21.264854908	-1
21.285228014	-1
21.285228014	-1
21.285228014	-1
21.285228014	-1
21.285228014	-1
21.285228014	-1
21.285228014	-1
21.285228014	-1
21.2980210781	1
21.3658349514	-1
21.3658349514	-1
21.3658349514	-1
21.3658349514	-1
21.3658349514	-1
21.3658349514	-1
21.3658349514	-1
21.3658349514	-1
21.3796350956	-1
21.5479879379	1
21.7505700588	-1
21.7516601086	1
21.9793729782	-1
22.1871490479	-1
22.3018078804	-1
22.3073210716	1
22.7121179104	-1
22.7127740383	1
22.8275969028	-1
22.8370189667	1
22.8789339066	1
22.8789339066	1
22.8789339066	1
23.1271190643	1
23.2731199265	-1
23.4976799488	-1
23.4992339611	1
23.5267589092	-1
23.5267589092	-1
23.5267589092	-1
23.5267589092	-1
23.7214229107	-1
23.7214229107	-1
23.7214229107	-1
23.7223479748	1
23.7274479866	-1
23.780673027	-1
23.780673027	-1
23.780673027	-1
23.780673027	-1
23.780673027	-1
23.780673027	-1
23.780673027	-1
23.780673027	-1
23.822551012	-1
23.836977005	1
23.9445838928	-1
23.9445838928	-1
23.9445838928	-1
23.9445838928	-1
23.9445838928	-1
23.9445838928	-1
23.9445838928	-1
23.9445838928	-1
23.9669680595	-1
23.9770319462	-1
23.9770319462	-1
23.9770319462	-1
23.9770319462	-1
23.9833900928	-1
24.0208389759	1
24.1747539043	1
24.1747539043	1
24.3722789288	-1
24.4715828896	-1
24.4715828896	-1
24.4715828896	-1
24.4715828896	-1
26.6810491085	1
26.685311079	1
26.685311079	1
26.685311079	1
26.685311079	1
26.685311079	1
26.914110899	-1
27.0287919044	-1
27.1437931061	-1
27.1437931061	-1
27.3520929813	-1
27.6417789459	-1
27.6553380489	-1
27.6553380489	-1
27.6553380489	-1
28.0895559788	-1
28.1298410892	-1
28.1298410892	-1
28.1298410892	-1
28.1298410892	-1
28.1298410892	-1
28.1298410892	-1
28.1298410892	-1
28.1298410892	-1
28.2218220234	1
28.371432066	-1
28.3714671135	1
28.3724830151	-1
28.3724830151	-1
28.3724830151	-1
28.3724830151	-1
28.3724830151	-1
28.3724830151	-1
28.3724830151	-1
28.4279520512	-1
28.4861519337	-1
28.4861950874	1
28.4861950874	1
28.6010069847	-1
28.6690409184	1
28.6692500114	1
28.6692500114	1
28.6692500114	1
28.6692500114	1
28.6692500114	1
28.7556340694	-1
28.7556340694	-1
28.7575249672	1
28.8134460449	-1
28.8134460449	-1
28.8134460449	-1
28.9855270386	-1
28.9871170521	1
29.1003630161	-1
29.2516710758	-1
29.2516710758	-1
29.2527549267	1
29.3399279118	-1
29.3399279118	-1
29.3399279118	-1
29.3399279118	-1
29.382142067	1
29.382486105	1
29.382486105	1
29.382486105	1
29.6713399887	-1
29.758357048	-1
29.758357048	-1
29.758357048	-1
29.9248828888	-1
29.9248828888	-1
29.9248828888	-1
29.9252309799	-1
29.9252309799	-1
29.9252309799	-1
29.991341114	-1
29.991341114	-1
29.991341114	-1
29.991341114	-1
29.991341114	-1
29.9916779995	-1
29.9919650555	-1
29.9919650555	-1
29.992399931	-1
29.992399931	-1
29.992399931	-1
30.0059039593	1
30.0401959419	-1
30.0401959419	-1
30.0401959419	-1
30.0401959419	-1
30.0401959419	-1
30.0401959419	-1
30.1204299927	1
30.1204299927	1
30.1366820335	-1
30.1366820335	-1
30.1366820335	-1
30.1366820335	-1
30.1366820335	-1
30.1366820335	-1
30.1366820335	-1
30.1366820335	-1
30.2331860065	-1
30.2331860065	-1
30.2331860065	-1
30.2331860065	-1
30.2331860065	-1
30.2331860065	-1
30.2331860065	-1
30.2743699551	1
30.2831130028	-1
30.2879030704	-1
30.2879030704	-1
30.2879030704	-1
30.2879030704	-1
30.2879030704	-1
30.2879030704	-1
30.2879030704	-1
30.2879030704	-1
30.421569109	-1
30.421569109	-1
30.421569109	-1
30.421569109	-1
30.421569109	-1
30.421569109	-1
30.421569109	-1
30.421569109	-1
30.4259290695	-1
30.4259290695	-1
30.4259290695	-1
30.4259290695	-1
30.4259290695	-1
30.4259290695	-1
30.4259290695	-1
30.4259290695	-1
30.4266169071	1
30.427670002	-1
30.4397320747	-1
30.4397320747	-1
30.4397320747	-1
30.4397320747	-1
30.4397320747	-1
30.4397320747	-1
30.4397320747	-1
30.5365900993	-1
30.5365900993	-1
30.5365900993	-1
30.5365900993	-1
30.5365900993	-1
30.5758619308	-1
30.5758619308	-1
30.5758619308	-1
30.5758619308	-1
30.5758619308	-1
30.5758619308	-1
30.5758619308	-1
30.5758619308	-1
30.6685469151	-1
30.6685469151	-1
30.6685469151	-1
30.6685469151	-1
30.6685469151	-1
30.6685469151	-1
30.6685469151	-1
30.6685469151	-1
30.7938969135	-1
30.7938969135	-1
30.9591329098	-1
31.0740399361	-1
31.1850149632	-1
31.1850149632	-1
31.1850149632	-1
31.1854059696	-1
31.1854059696	-1
31.1854059696	-1
31.2435050011	1
31.2436420918	1
31.2436420918	1
31.2436420918	1
31.3650479317	1
31.3650479317	1
31.8622260094	-1
31.8862719536	1
32.0050590038	-1
32.1338870525	1
32.1878499985	-1
32.1878499985	-1
32.3245549202	-1
32.3257799149	1
32.5522060394	-1
32.5535430908	1
32.8369019032	-1
32.8372340202	-1
32.8372340202	-1
32.8372340202	-1
33.0035369396	-1
33.0091819763	1
33.0960259438	-1
33.0960259438	-1
33.0960259438	-1
33.1238510609	1
33.4542939663	-1
33.6156299114	-1
33.7302479744	-1
33.7391309738	1
34.2665729523	1
34.3811318874	1
34.3811318874	1
34.6611580849	-1
34.8157150745	-1
34.8157150745	-1
36.2536039352	1
36.3681271076	1
36.6578409672	-1
36.8669080734	-1
36.9815659523	-1
37.0196909904	1
37.0991048813	1
37.0991048813	1
37.0991048813	1
37.0991048813	1
37.0991048813	1
37.0991048813	1
37.1007790565	1
37.1007790565	1
37.1007790565	1
37.1007790565	1
37.1012198925	1
37.1012198925	1
37.1012198925	1
37.1012198925	1
37.1347019672	1
