0.0	1
0.250399112701	1
0.406214952469	-1
0.407174110413	1
0.646501064301	-1
0.64767408371	1
0.67533493042	1
0.67533493042	1
0.67533493042	1
0.924180030823	1
1.03886294365	1
1.03886294365	1
1.10231995583	-1
1.15354299545	1
1.2537689209	-1
1.26805996895	1
1.36837792397	-1
1.38276195526	1
1.49768090248	-1
1.49768090248	-1
1.49910593033	1
1.61395692825	-1
1.61395692825	-1
1.61530900002	1
1.64604711533	-1
1.64604711533	-1
1.64604711533	-1
1.64604711533	-1
1.64604711533	-1
1.64604711533	-1
1.64604711533	-1
1.64604711533	-1
1.7179710865	-1
1.7179710865	-1
1.7179710865	-1
1.72027111053	-1
1.72027111053	-1
1.72027111053	-1
1.72027111053	-1
1.72027111053	-1
1.72027111053	-1
1.73004889488	1
1.73004889488	1
1.84491801262	-1
1.84618091583	1
1.91247701645	-1
1.91247701645	-1
1.91247701645	-1
1.92404294014	-1
1.92404294014	-1
1.92404294014	-1
1.92404294014	-1
1.92404294014	-1
1.92404294014	-1
1.92404294014	-1
1.96100997925	1
1.96100997925	1
2.06840205193	-1
2.06840205193	-1
2.06840205193	-1
2.07648491859	-1
2.07648491859	-1
2.07648491859	-1
2.07648491859	-1
2.07648491859	-1
2.07648491859	-1
2.11445808411	1
2.34180903435	-1
2.34306192398	1
2.456594944	-1
2.65344190598	-1
2.65457510948	1
2.76936197281	-1
2.92193102837	-1
2.92193102837	-1
2.93081402779	1
3.04557609558	-1
3.04680609703	1
3.16157007217	-1
3.16161704063	1
3.31171798706	-1
3.34641194344	1
3.46129202843	-1
3.47536802292	1
3.47758507729	1
3.47758507729	1
3.47758507729	1
3.73390603065	-1
3.73509001732	1
3.84987807274	-1
4.00192904472	-1
4.00192904472	-1
4.07532501221	-1
4.07532501221	-1
4.07532501221	-1
4.15386295319	-1
4.26401805878	-1
4.26401805878	-1
4.26401805878	-1
4.26401805878	-1
4.26401805878	-1
4.26401805878	-1
4.38344693184	-1
4.44545888901	-1
4.44545888901	-1
4.44545888901	-1
4.44545888901	-1
4.44545888901	-1
4.44545888901	-1
4.44545888901	-1
4.44545888901	-1
4.49841403961	-1
4.5711350441	-1
4.5711350441	-1
4.5711350441	-1
4.5711350441	-1
4.5711350441	-1
4.5711350441	-1
4.5711350441	-1
4.5711350441	-1
4.6416220665	1
4.64178609848	1
4.64178609848	1
4.64178609848	1
4.64178609848	1
5.68576788902	-1
5.70002388954	-1
5.70002388954	-1
5.70002388954	-1
5.70002388954	-1
5.70002388954	-1
5.70002388954	-1
5.70002388954	-1
5.70002388954	-1
5.77312994003	-1
5.77312994003	-1
5.77312994003	-1
5.77366304398	-1
5.77366304398	-1
5.77366304398	-1
5.77366304398	-1
5.85014295578	1
6.10064291954	1
6.50085496902	1
6.51254796982	-1
6.51375699043	1
6.51375699043	1
6.51375699043	1
6.62869000435	-1
6.91792702675	-1
6.92236804962	-1
6.92236804962	-1
6.92236804962	-1
6.92236804962	-1
6.92236804962	-1
6.92236804962	-1
6.92236804962	-1
6.9613199234	-1
6.9613199234	-1
6.9613199234	-1
6.9613199234	-1
6.9613199234	-1
6.9613199234	-1
6.9613199234	-1
6.9613199234	-1
6.98088598251	1
7.00891208649	-1
7.00891208649	-1
7.03287100792	-1
7.03287100792	-1
7.03287100792	-1
7.03287100792	-1
7.03287100792	-1
7.03287100792	-1
7.04785203934	1
7.04785203934	1
7.04785203934	1
7.09562706947	1
7.28221297264	-1
7.29842495918	1
7.31532001495	-1
7.31532001495	-1
7.31532001495	-1
7.31532001495	-1
7.31532001495	-1
7.31532001495	-1
7.31532001495	-1
7.34091806412	-1
7.38641405106	-1
7.38641405106	-1
7.38641405106	-1
7.41314005852	1
7.41464495659	1
7.41464495659	1
7.41464495659	1
7.44810700417	1
7.44810700417	1
7.44810700417	1
7.45704889297	-1
7.45704889297	-1
7.45704889297	-1
7.4653339386	1
7.4653339386	1
7.46625208855	-1
7.46625208855	-1
7.46625208855	-1
7.46625208855	-1
7.52798509598	1
7.52798509598	1
7.64302992821	-1
7.69292807579	1
7.71587705612	1
7.71587705612	1
7.71587705612	1
7.79398393631	-1
7.79398393631	-1
7.85095310211	-1
7.85095310211	-1
7.85095310211	-1
7.85095310211	-1
7.85095310211	-1
7.85095310211	-1
7.85095310211	-1
7.85095310211	-1
7.85095310211	-1
7.86865901947	-1
7.86865901947	-1
7.8762140274	-1
7.8762140274	-1
7.8762140274	-1
7.8762140274	-1
7.8762140274	-1
7.8762140274	-1
7.8762140274	-1
7.88452911377	-1
7.89138293266	-1
7.89138293266	-1
7.89138293266	-1
7.89138293266	-1
7.89138293266	-1
7.89138293266	-1
7.89138293266	-1
7.9092400074	-1
7.9092400074	-1
7.9092400074	-1
7.9092400074	-1
7.9092400074	-1
7.9092400074	-1
7.9092400074	-1
7.9092400074	-1
7.97253608704	-1
7.97253608704	-1
7.97253608704	-1
7.97253608704	-1
7.97253608704	-1
7.97253608704	-1
7.97253608704	-1
7.97253608704	-1
7.97257399559	1
7.97276210785	-1
7.99136805534	-1
7.99136805534	-1
7.99136805534	-1
7.99136805534	-1
7.99147891998	-1
7.99151492119	-1
7.99151492119	-1
7.99172401428	-1
7.99172401428	-1
7.99172401428	-1
8.00281405449	-1
8.00281405449	-1
8.00281405449	-1
8.00281405449	-1
8.00281405449	-1
8.00281405449	-1
8.00281405449	-1
8.01623511314	-1
8.01623511314	-1
8.01623511314	-1
8.01623511314	-1
8.01623511314	-1
8.01623511314	-1
8.01623511314	-1
8.02481389046	-1
8.04859805107	-1
8.04859805107	-1
8.04859805107	-1
8.04859805107	-1
8.04859805107	-1
8.04859805107	-1
8.04859805107	-1
8.04859805107	-1
8.04871988297	-1
8.05002188683	1
8.05002188683	1
8.05002188683	1
8.08426403999	-1
8.08426403999	-1
8.08426403999	-1
8.09434008598	-1
8.09434008598	-1
8.129997015	-1
8.129997015	-1
8.13154506683	1
8.13154506683	1
8.13154506683	1
8.30180692673	-1
8.37674403191	-1
8.37674403191	-1
8.37674403191	-1
8.37674403191	-1
8.37677693367	1
8.45496892929	-1
8.45496892929	-1
8.45496892929	-1
8.45496892929	-1
8.45496892929	-1
8.46720600128	-1
8.48064804077	-1
8.48064804077	-1
8.48064804077	-1
8.48064804077	-1
8.48064804077	-1
8.48064804077	-1
8.48064804077	-1
8.49365305901	-1
8.49365305901	-1
8.49365305901	-1
8.49365305901	-1
8.49365305901	-1
8.49365305901	-1
8.49365305901	-1
8.49369311333	1
8.54200410843	-1
8.54200410843	-1
8.54200410843	-1
8.54200410843	-1
8.54200410843	-1
8.54200410843	-1
8.54200410843	-1
8.54200410843	-1
8.56979203224	-1
8.58939003944	-1
8.58939003944	-1
8.58939003944	-1
8.58939003944	-1
8.58939003944	-1
8.58939003944	-1
8.635242939	-1
8.635242939	-1
8.63527393341	1
8.64804196358	-1
8.64804196358	-1
8.64804196358	-1
8.64804196358	-1
8.64804196358	-1
8.64804196358	-1
8.64804196358	-1
8.66258096695	-1
8.66258096695	-1
8.66258096695	-1
8.66258096695	-1
8.66258096695	-1
8.66258096695	-1
8.66258096695	-1
8.67502307892	-1
8.67502307892	-1
8.67502307892	-1
8.67502307892	-1
8.67502307892	-1
8.67502307892	-1
8.67502307892	-1
8.71713900566	-1
8.71713900566	-1
8.71713900566	-1
8.71713900566	-1
8.74396300316	-1
8.74396300316	-1
8.75832009315	-1
8.75832009315	-1
8.75832009315	-1
8.75832009315	-1
8.75832009315	-1
8.75832009315	-1
8.75835490227	1
8.75835490227	1
8.78797888756	-1
8.78797888756	-1
8.78797888756	-1
8.78797888756	-1
8.78797888756	-1
8.78797888756	-1
8.78797888756	-1
8.78797888756	-1
8.82162809372	-1
8.82162809372	-1
8.82162809372	-1
8.82162809372	-1
8.82162809372	-1
8.82162809372	-1
8.85299396515	-1
8.85299396515	-1
8.85299396515	-1
8.88072109222	-1
8.88072109222	-1
8.88076496124	1
8.89351892471	-1
8.89351892471	-1
8.89351892471	-1
8.89351892471	-1
9.0511610508	-1
9.05259490013	1
9.16600799561	-1
9.31783699989	-1
9.44363903999	-1
9.44363903999	-1
9.44363903999	-1
9.44363903999	-1
9.44363903999	-1
9.4708480835	1
9.55195903778	1
9.55195903778	1
9.55195903778	1
9.55575489998	1
9.55575489998	1
9.87332105637	-1
9.98617696762	-1
9.98617696762	-1
9.98617696762	-1
9.98617696762	-1
9.98617696762	-1
9.98617696762	-1
9.98617696762	-1
9.98617696762	-1
9.98617696762	-1
9.99650788307	-1
9.99650788307	-1
9.99650788307	-1
9.99650788307	-1
9.99650788307	-1
9.99650788307	-1
9.99650788307	-1
10.0072898865	-1
10.044508934	-1
10.044508934	-1
10.044508934	-1
10.044508934	-1
10.044508934	-1
10.044508934	-1
10.044508934	-1
10.044508934	-1
10.0741789341	-1
10.0741789341	-1
10.0741789341	-1
10.0909891129	-1
10.0909891129	-1
10.0909891129	-1
10.0909891129	-1
10.0909891129	-1
10.0909891129	-1
10.0909891129	-1
10.1016459465	-1
10.1018249989	-1
10.1018249989	-1
10.1018249989	-1
10.1018249989	-1
10.1018249989	-1
10.1018249989	-1
10.1018249989	-1
10.1120409966	-1
10.1222219467	-1
10.1222219467	-1
10.1222219467	-1
10.160007	1
10.2745499611	1
10.2745499611	1
10.4229609966	1
10.4721179008	-1
10.4875779152	-1
10.4875779152	-1
10.4875779152	-1
10.4875779152	-1
10.4875779152	-1
10.4875779152	-1
10.4875779152	-1
10.5193610191	-1
10.5194659233	-1
10.5194659233	-1
10.5194659233	-1
10.5194659233	-1
10.5194659233	-1
10.5194659233	-1
10.5194659233	-1
10.5378000736	1
10.5398879051	-1
10.5398879051	-1
10.5398879051	-1
10.5398879051	-1
10.5398879051	-1
10.5398879051	-1
10.5398879051	-1
10.5398879051	-1
10.5577778816	-1
10.5577778816	-1
10.5577778816	-1
10.5577778816	-1
10.5577778816	-1
10.5577778816	-1
10.5649249554	-1
10.5813109875	-1
10.5813109875	-1
10.5813109875	-1
10.5813109875	-1
10.5813109875	-1
10.5813109875	-1
10.5813109875	-1
10.6026060581	-1
10.6026060581	-1
10.6026060581	-1
10.6026060581	-1
10.6026060581	-1
10.6026060581	-1
10.6026060581	-1
10.6227219105	-1
10.6227219105	-1
10.6227219105	-1
10.6227219105	-1
10.6227219105	-1
10.6227219105	-1
10.6227219105	-1
10.6227219105	-1
10.6227219105	-1
10.6230659485	-1
10.6230659485	-1
10.6230659485	-1
10.6553010941	-1
10.6553430557	1
10.6553430557	1
10.6984539032	-1
10.6984539032	-1
10.7017309666	1
10.7017309666	1
10.7017309666	1
10.80717206	1
10.8818519115	-1
10.9968190193	-1
10.9968519211	1
10.9968519211	1
11.0637900829	-1
11.0637900829	-1
11.0637900829	-1
11.068156004	1
11.068156004	1
11.068156004	1
11.0921709538	-1
11.0921709538	-1
11.0921709538	-1
11.1287839413	-1
11.1287839413	-1
11.1287839413	-1
11.1329751015	1
11.1329751015	1
11.1329751015	1
11.2266120911	-1
11.3417429924	-1
11.3417429924	-1
11.3417739868	1
11.3998200893	-1
11.3998200893	-1
11.3998200893	-1
11.406774044	-1
11.406774044	-1
11.406774044	-1
11.406774044	-1
11.406774044	-1
11.406774044	-1
11.406774044	-1
11.4140529633	-1
11.4215419292	-1
11.4215419292	-1
11.4215419292	-1
11.4215419292	-1
11.4215419292	-1
11.4215419292	-1
11.4215419292	-1
11.4301719666	-1
11.4301719666	-1
11.4301719666	-1
11.4301719666	-1
11.4301719666	-1
11.4301719666	-1
11.4301719666	-1
11.4301719666	-1
11.4356989861	-1
11.4406309128	-1
11.4406309128	-1
11.4406309128	-1
11.4406309128	-1
11.4406309128	-1
11.4406309128	-1
11.4406309128	-1
11.4559929371	-1
11.4559929371	-1
11.4559929371	-1
11.4559929371	-1
11.4559929371	-1
11.4559929371	-1
11.4559929371	-1
11.4559929371	-1
11.4565041065	1
11.4616029263	-1
11.4616029263	-1
11.4616029263	-1
11.4616029263	-1
11.4616029263	-1
11.4616029263	-1
11.4616029263	-1
11.4824919701	-1
11.4824919701	-1
11.4826040268	-1
11.4826040268	-1
11.4826040268	-1
11.4826040268	-1
11.4826040268	-1
11.4826040268	-1
11.4826040268	-1
11.4932649136	-1
11.493311882	-1
11.493311882	-1
11.493311882	-1
11.493311882	-1
11.493311882	-1
11.493311882	-1
11.493311882	-1
11.5287520885	-1
11.5288569927	-1
11.5288569927	-1
11.5288569927	-1
11.5288569927	-1
11.5288569927	-1
11.5288569927	-1
11.5288569927	-1
11.5291030407	-1
11.5291030407	-1
11.5291030407	-1
11.5291030407	-1
11.5291030407	-1
11.5291030407	-1
11.5291030407	-1
11.5451390743	-1
11.5451390743	-1
11.5451390743	-1
11.5451390743	-1
11.5451390743	-1
11.5451390743	-1
11.5451390743	-1
11.5451390743	-1
11.5554559231	-1
11.5554559231	-1
11.5554559231	-1
11.5714490414	-1
11.5714890957	1
11.5714890957	1
11.6294350624	-1
11.6294350624	-1
11.6294350624	-1
11.6687641144	-1
11.6687641144	-1
11.6726150513	-1
11.6726150513	-1
11.6726150513	-1
11.6726150513	-1
11.6726150513	-1
11.7138280869	1
11.8017950058	-1
11.8017950058	-1
11.8230099678	-1
11.8230099678	-1
11.8230099678	-1
11.8230099678	-1
11.8230099678	-1
11.8230099678	-1
11.9652659893	1
12.1040019989	-1
12.1053290367	1
12.2775530815	-1
12.4297499657	-1
12.5141329765	1
12.5819699764	-1
12.6287710667	1
12.6287710667	1
12.7436299324	-1
12.9381959438	-1
12.9381959438	-1
13.0897619724	-1
14.4054338932	-1
14.8370170593	-1
14.9517569542	-1
14.9517569542	-1
15.7052929401	-1
19.0142269135	-1
19.1289110184	-1
19.2437009811	-1
19.2437009811	-1
21.7186579704	1
21.8706390858	1
21.8706390858	1
22.0019021034	-1
22.2594230175	-1
22.5239911079	1
22.5252370834	1
22.5252370834	1
22.5252370834	1
22.5289750099	1
22.5289750099	1
22.5289750099	1
22.5289750099	1
22.5289750099	1
22.5301339626	1
22.5301339626	1
22.5301339626	1
22.5301339626	1
22.5317499638	1
22.6364250183	1
22.6364250183	1
22.6364250183	1
22.636619091	1
22.636619091	1
22.636619091	1
22.6426930428	1
22.6440370083	1
22.6440370083	1
22.6440370083	1
22.6440370083	1
22.6440370083	1
22.6450679302	1
22.6457030773	1
22.6457030773	1
22.6457030773	1
22.6457030773	1
22.6458120346	1
22.6458120346	1
22.9269189835	-1
23.0416200161	-1
