0.0	1
0.249644041061	1
0.52238202095	-1
0.523990869522	1
0.749340057373	-1
0.750463962555	1
0.753293037415	1
0.753293037415	1
0.753293037415	1
0.880119085312	1
0.880119085312	1
0.880119085312	1
1.42729091644	-1
1.42845106125	1
1.54721593857	-1
1.54721593857	-1
1.54721593857	-1
1.56580901146	1
1.56580901146	1
1.74010705948	1
1.75601196289	-1
1.87709903717	1
1.93227291107	-1
1.93227291107	-1
1.97308588028	-1
1.97308588028	-1
1.97308588028	-1
1.97308588028	-1
1.97308588028	-1
1.97308588028	-1
1.97308588028	-1
1.97308588028	-1
2.08237195015	1
2.2457420826	-1
2.24894189835	-1
2.24894189835	-1
2.24894189835	-1
2.24894189835	-1
2.24894189835	-1
2.24894189835	-1
2.24894189835	-1
2.2529258728	-1
2.2529258728	-1
2.2529258728	-1
2.2529258728	-1
2.32019805908	-1
2.32019805908	-1
2.32019805908	-1
2.32019805908	-1
2.32019805908	-1
2.32019805908	-1
2.33249402046	1
2.58066487312	-1
2.5913169384	-1
2.5913169384	-1
2.5913169384	-1
2.5913169384	-1
2.5913169384	-1
2.5913169384	-1
2.5913169384	-1
2.5913169384	-1
3.10475707054	-1
3.13286089897	-1
3.13286089897	-1
3.13286089897	-1
3.13286089897	-1
3.13286089897	-1
3.13286089897	-1
3.17991805077	-1
3.17991805077	-1
3.17991805077	-1
3.17991805077	-1
3.17991805077	-1
3.17991805077	-1
3.17991805077	-1
3.18166589737	1
3.18798089027	-1
3.19078707695	-1
3.19078707695	-1
3.19078707695	-1
3.19078707695	-1
3.19078707695	-1
3.21662092209	1
3.21662092209	1
3.21662092209	1
3.2194750309	1
3.2194750309	1
3.31867909431	1
3.31867909431	1
3.41621398926	-1
3.48126196861	1
3.7538459301	-1
3.88666200638	-1
3.88666200638	-1
3.88666200638	-1
3.88666200638	-1
3.88666200638	-1
3.88666200638	-1
3.88817596436	1
3.89309000969	1
3.89309000969	1
3.89309000969	1
3.8962059021	1
3.8962059021	1
4.03065800667	-1
4.03065800667	-1
4.16233587265	1
4.20409393311	-1
4.44762206078	-1
4.44966888428	1
4.44983506203	1
4.44983506203	1
4.44983506203	1
4.44983506203	1
4.44983506203	1
4.46343398094	-1
4.46343398094	-1
4.46343398094	-1
4.46343398094	-1
4.46343398094	-1
4.47240209579	-1
4.49451899529	-1
4.49451899529	-1
4.50078606606	-1
4.50078606606	-1
4.50078606606	-1
4.50078606606	-1
4.50078606606	-1
4.50426793098	1
4.52358293533	1
4.52358293533	1
4.52661705017	1
4.52661705017	1
4.52661705017	1
4.53530693054	-1
4.53572201729	1
4.53572201729	1
4.58699798584	-1
4.58704304695	1
4.58704304695	1
4.5880510807	1
4.5880510807	1
4.5880510807	1
4.5880510807	1
4.5880510807	1
4.61063408852	-1
4.61063408852	-1
4.61063408852	-1
4.61063408852	-1
4.61063408852	-1
4.61063408852	-1
4.61063408852	-1
4.61063408852	-1
4.62003993988	-1
4.84299302101	-1
4.84299302101	-1
4.84299302101	-1
4.84299302101	-1
4.84299302101	-1
4.84299302101	-1
4.84299302101	-1
4.84299302101	-1
4.86172699928	-1
4.8764500618	-1
4.8764500618	-1
4.8764500618	-1
4.99133586884	-1
4.99133586884	-1
4.99133586884	-1
4.99133586884	-1
4.99133586884	-1
4.99133586884	-1
4.99133586884	-1
4.99133586884	-1
5.03601789474	-1
5.03601789474	-1
5.03601789474	-1
5.03601789474	-1
5.03601789474	-1
5.03601789474	-1
5.33514404297	-1
5.36783504486	-1
5.36783504486	-1
5.36783504486	-1
5.36783504486	-1
5.36783504486	-1
5.40475392342	-1
5.41712093353	-1
5.41712093353	-1
5.41712093353	-1
5.41712093353	-1
5.41712093353	-1
5.41712093353	-1
5.41712093353	-1
5.42653107643	-1
5.42871499062	-1
5.42871499062	-1
5.42871499062	-1
5.42871499062	-1
5.44341802597	-1
5.44712209702	-1
5.44712209702	-1
5.44712209702	-1
5.44712209702	-1
5.44712209702	-1
5.44712209702	-1
5.44712209702	-1
5.44712209702	-1
5.47260904312	-1
5.52546286583	-1
5.52546286583	-1
5.52546286583	-1
5.52546286583	-1
5.52546286583	-1
5.52557587624	-1
5.55566906929	-1
5.55566906929	-1
5.55566906929	-1
5.55566906929	-1
5.55566906929	-1
5.55566906929	-1
5.55566906929	-1
5.55566906929	-1
5.56598997116	-1
5.56598997116	-1
5.56598997116	-1
5.56598997116	-1
5.56601190567	-1
5.58442187309	-1
5.58442187309	-1
5.58442187309	-1
5.61007499695	-1
5.61007499695	-1
5.74546194077	-1
5.74546194077	-1
5.74546194077	-1
5.74546194077	-1
5.74546194077	-1
5.74546194077	-1
5.757791996	1
5.85471391678	-1
5.85471391678	-1
5.85471391678	-1
5.86101007462	-1
5.86101007462	-1
5.86101007462	-1
5.86101007462	-1
5.86101007462	-1
5.86101007462	-1
5.86101007462	-1
5.86915493011	-1
5.86915493011	-1
5.86915493011	-1
5.86915493011	-1
5.93212294579	1
5.93212294579	1
5.96545886993	-1
5.96545886993	-1
5.96545886993	-1
5.96545886993	-1
5.96545886993	-1
5.96545886993	-1
5.96545886993	-1
5.97030496597	-1
5.97030496597	-1
5.97030496597	-1
5.97030496597	-1
5.97030496597	-1
5.97030496597	-1
5.97030496597	-1
5.97843503952	-1
5.97843503952	-1
5.97843503952	-1
5.97843503952	-1
5.99850988388	-1
6.00821709633	-1
6.00821709633	-1
6.00821709633	-1
6.02720999718	-1
6.02720999718	-1
6.02720999718	-1
6.02720999718	-1
6.02720999718	-1
6.02720999718	-1
6.43976998329	-1
6.56040787697	1
6.56128501892	1
6.56128501892	1
6.56128501892	1
6.64273095131	-1
6.6534819603	-1
6.6534819603	-1
6.6534819603	-1
6.6534819603	-1
6.74551486969	-1
6.74551486969	-1
6.77360987663	-1
6.77360987663	-1
6.77360987663	-1
6.77360987663	-1
6.77360987663	-1
6.77360987663	-1
6.77360987663	-1
6.83479189873	1
6.98797607422	1
6.99601602554	1
6.99601602554	1
6.99601602554	1
6.99634599686	1
6.99634599686	1
7.1675798893	-1
7.36964297295	-1
7.37371397018	-1
7.37371397018	-1
7.37371397018	-1
7.37371397018	-1
7.37371397018	-1
7.37371397018	-1
7.37371397018	-1
7.37819886208	-1
7.37819886208	-1
7.37819886208	-1
7.37819886208	-1
7.37819886208	-1
7.37819886208	-1
7.37819886208	-1
7.38207507133	-1
7.38207507133	-1
7.38207507133	-1
7.38207507133	-1
7.38207507133	-1
7.38207507133	-1
7.38207507133	-1
7.48895692825	-1
7.48898601532	-1
7.48898601532	-1
7.48898601532	-1
7.51105189323	-1
7.51105189323	-1
7.51105189323	-1
7.51105189323	-1
7.51105189323	-1
7.51105189323	-1
7.51105189323	-1
7.51105189323	-1
7.51141095161	-1
7.51141095161	-1
7.51141095161	-1
7.51141095161	-1
7.51141095161	-1
7.51141095161	-1
7.51141095161	-1
7.51268792152	1
7.51567006111	-1
7.51567006111	-1
7.51567006111	-1
7.51567006111	-1
7.51567006111	-1
7.51567006111	-1
7.51567006111	-1
7.51591801643	-1
7.51934504509	-1
7.51934504509	-1
7.51934504509	-1
7.51934504509	-1
7.51934504509	-1
7.57348299026	-1
7.57358908653	-1
7.57358908653	-1
7.57358908653	-1
7.57591199875	1
7.57591199875	1
7.57591199875	1
7.57591199875	1
7.57591199875	1
7.60287594795	1
7.65384101868	-1
7.82819700241	-1
8.08064007759	-1
8.56010890007	1
8.5635240078	-1
8.56794786453	-1
8.56794786453	-1
8.56794786453	-1
8.56794786453	-1
8.56794786453	-1
8.56794786453	-1
8.56794786453	-1
8.56794786453	-1
8.57001304626	-1
8.57001304626	-1
8.57001304626	-1
8.57001304626	-1
8.57001304626	-1
8.57001304626	-1
8.57001304626	-1
8.59317398071	-1
8.59317398071	-1
8.59317398071	-1
8.59317398071	-1
8.59317398071	-1
8.59317398071	-1
8.59317398071	-1
8.59317398071	-1
8.60614800453	-1
8.60614800453	-1
8.60614800453	-1
8.60614800453	-1
8.60614800453	-1
8.60614800453	-1
8.60614800453	-1
8.60614800453	-1
8.70534205437	-1
8.70534205437	-1
8.70534205437	-1
8.70534205437	-1
8.70534205437	-1
8.70534205437	-1
8.70534205437	-1
8.70654988289	1
8.70758104324	-1
8.70758104324	-1
8.70758104324	-1
8.70758104324	-1
8.70758104324	-1
8.73711895943	-1
8.73711895943	-1
8.73711895943	-1
8.73711895943	-1
8.73711895943	-1
8.73711895943	-1
8.73711895943	-1
8.73711895943	-1
8.75412607193	-1
8.75412607193	-1
8.75412607193	-1
8.75412607193	-1
8.75412607193	-1
8.75412607193	-1
8.75412607193	-1
8.79233288765	-1
8.79233288765	-1
8.79233288765	-1
8.79233288765	-1
8.79233288765	-1
8.79233288765	-1
8.79233288765	-1
8.83400607109	-1
8.83400607109	-1
8.83400607109	-1
8.83400607109	-1
8.8456120491	-1
8.88027405739	1
9.05618691444	1
9.23209905624	1
9.55840301514	1
9.5790309906	-1
9.7562019825	-1
9.7562019825	-1
9.75623607635	1
9.75623607635	1
9.75832986832	-1
9.75832986832	-1
9.75832986832	-1
9.75832986832	-1
9.75832986832	-1
9.75832986832	-1
9.76966094971	-1
9.76966094971	-1
9.76966094971	-1
9.76966094971	-1
9.76966094971	-1
9.76966094971	-1
9.76966094971	-1
9.7789940834	-1
9.7789940834	-1
9.7789940834	-1
9.7789940834	-1
9.7789940834	-1
9.7789940834	-1
9.7789940834	-1
9.88466787338	-1
9.88466787338	-1
9.89365291595	-1
9.89369297028	1
9.89369297028	1
10.0309519768	-1
10.0310058594	1
10.2628889084	-1
10.477809906	-1
10.5359480381	-1
10.5359480381	-1
10.5359480381	-1
10.5359480381	-1
10.628412962	1
10.9078509808	1
10.9078509808	1
10.9584589005	-1
10.9637060165	-1
10.9637060165	-1
10.9637060165	-1
10.9637060165	-1
11.2761459351	-1
12.0686299801	-1
12.0714609623	-1
12.0714609623	-1
12.0714609623	-1
12.0714609623	-1
12.0714609623	-1
12.0714609623	-1
12.0811839104	-1
12.0811839104	-1
12.0811839104	-1
12.0811839104	-1
12.0811839104	-1
12.0811839104	-1
12.0811839104	-1
12.0811839104	-1
12.0947620869	-1
12.0947620869	-1
12.0947620869	-1
12.0947620869	-1
12.0947620869	-1
12.1091110706	1
12.1171889305	1
12.1171889305	1
12.1171889305	1
12.2462890148	1
12.3646938801	1
12.3646938801	1
12.3646938801	1
12.367249012	1
12.367249012	1
12.5725190639	1
12.5728878975	1
12.5728878975	1
12.5728878975	1
12.7097830772	1
12.7097830772	1
12.7260348797	-1
12.7866959572	-1
12.7866959572	-1
12.7866959572	-1
12.8441169262	-1
12.8441169262	-1
12.8441169262	-1
12.8633139133	-1
12.8633508682	1
12.8633508682	1
13.0006940365	-1
13.000729084	1
13.1380240917	-1
13.1380569935	1
13.2072949409	-1
13.2072949409	-1
13.2072949409	-1
13.2089180946	1
13.2089180946	1
13.2089180946	1
13.2754309177	-1
13.4125990868	-1
13.4126319885	1
13.4126319885	1
13.5499930382	-1
13.5500309467	1
13.6667020321	-1
13.6667020321	-1
13.6667020321	-1
13.6667020321	-1
13.6667020321	-1
13.6874420643	1
13.6929340363	-1
13.6929340363	-1
13.6929340363	-1
13.7208828926	-1
13.7208828926	-1
13.7208828926	-1
13.7208828926	-1
13.7223439217	1
13.7223439217	1
13.7223439217	1
13.7326529026	-1
13.7370100021	1
13.7370100021	1
13.7370100021	1
13.751816988	-1
13.751816988	-1
13.751816988	-1
13.751816988	-1
13.7722129822	1
13.7722129822	1
13.7722129822	1
13.8323740959	1
13.8323740959	1
13.8323740959	1
14.0809428692	-1
14.0839750767	-1
14.0839750767	-1
14.0839750767	-1
14.1039628983	-1
14.1039628983	-1
14.1039628983	-1
14.1039628983	-1
14.1099500656	-1
14.1177620888	-1
14.1177620888	-1
14.1177620888	-1
14.1322889328	1
14.1769659519	-1
14.1769659519	-1
14.1807749271	-1
14.1807749271	-1
14.1807749271	-1
14.2010290623	-1
14.2010290623	-1
14.2010290623	-1
14.2011339664	-1
14.2011339664	-1
14.2218949795	-1
14.2218949795	-1
14.2791979313	-1
14.2791979313	-1
14.2791979313	-1
14.2792310715	1
14.2792310715	1
14.3046309948	-1
14.3046309948	-1
14.3046309948	-1
14.3046309948	-1
14.3046309948	-1
14.3046309948	-1
14.3046309948	-1
14.3046309948	-1
14.3182690144	-1
14.3182690144	-1
14.3182690144	-1
14.3182690144	-1
14.3182690144	-1
14.3182690144	-1
14.3182690144	-1
14.3184089661	-1
14.3184089661	-1
14.3184089661	-1
14.3184089661	-1
14.3184089661	-1
14.3184089661	-1
14.3184089661	-1
14.3328530788	-1
14.3328530788	-1
14.3731720448	-1
14.3731720448	-1
14.3731720448	-1
14.3963010311	-1
14.3963010311	-1
14.3963010311	-1
14.4168739319	-1
14.4168739319	-1
14.4168739319	-1
14.4169158936	1
14.4421260357	-1
14.4421260357	-1
14.4421260357	-1
14.4421260357	-1
14.4421260357	-1
14.4421260357	-1
14.4636600018	-1
14.4636600018	-1
14.4636600018	-1
14.4636600018	-1
14.4636600018	-1
14.4636600018	-1
14.4636600018	-1
14.4636600018	-1
14.4708759785	-1
14.4708759785	-1
14.4708759785	-1
14.4708759785	-1
14.476528883	-1
14.4850680828	-1
14.4850680828	-1
14.4850680828	-1
14.4850680828	-1
14.4850680828	-1
14.5067548752	-1
14.5067548752	-1
14.5067548752	-1
14.5067548752	-1
14.5067548752	-1
14.5067548752	-1
14.5067548752	-1
14.5067548752	-1
14.5067548752	-1
14.5338480473	-1
14.5338480473	-1
14.5339689255	-1
14.5339689255	-1
14.5339689255	-1
14.5339689255	-1
14.5918688774	1
14.5918688774	1
14.5989229679	1
14.5989229679	1
14.5989229679	1
14.6028289795	1
14.6028289795	1
14.6028289795	1
14.6711058617	-1
14.9292919636	-1
14.9418239594	-1
14.9418239594	-1
14.9418239594	-1
14.9418239594	-1
15.1445438862	1
15.1588630676	-1
15.1588630676	-1
15.1588630676	-1
15.1824290752	-1
15.1824290752	-1
15.353511095	1
15.8626270294	-1
15.9706909657	1
15.9724738598	1
15.9724738598	1
15.9724738598	1
15.9724738598	1
15.9724738598	1
15.9732949734	1
15.9748239517	1
15.9748239517	1
15.9748239517	1
15.9760000706	1
15.9760000706	1
15.9760000706	1
15.9760000706	1
15.9760000706	1
15.9760000706	1
15.9760000706	1
15.9760000706	1
15.9762639999	1
15.9762639999	1
15.9762639999	1
15.9762639999	1
15.9762639999	1
