0.0	1
0.249165058136	1
0.428804159164	-1
0.429805994034	1
0.831694126129	-1
0.832525014877	1
0.835546016693	1
0.835546016693	1
0.835546016693	1
0.968997001648	1
0.968997001648	1
0.968997001648	1
1.32445120811	-1
1.3260910511	1
1.4405632019	-1
1.44201421738	1
1.55653619766	-1
1.55653619766	-1
1.55810904503	1
1.67260813713	-1
1.67260813713	-1
1.6726500988	1
1.82927918434	1
1.86948919296	-1
1.92777204514	-1
1.92777204514	-1
1.92777204514	-1
1.92777204514	-1
1.92777204514	-1
1.93256402016	-1
1.97604417801	-1
1.97604417801	-1
1.98793411255	1
2.05891704559	-1
2.05891704559	-1
2.05891704559	-1
2.05891704559	-1
2.07581305504	-1
2.07581305504	-1
2.07581305504	-1
2.07581305504	-1
2.07581305504	-1
2.14136600494	1
2.21862816811	-1
2.21862816811	-1
2.21862816811	-1
2.28404021263	-1
2.28404021263	-1
2.28407502174	1
2.28486013412	-1
2.28486013412	-1
2.28486013412	-1
2.28486013412	-1
2.41094613075	-1
2.41094613075	-1
2.41094613075	-1
2.44388914108	-1
2.48151302338	-1
2.48151302338	-1
2.48151302338	-1
2.48151302338	-1
2.48151302338	-1
2.51616621017	-1
2.5251750946	-1
2.5251750946	-1
2.55824518204	-1
2.55857300758	1
2.60107207298	-1
2.60107207298	-1
2.60107207298	-1
2.67322421074	1
2.67322421074	1
2.67322421074	1
2.71681213379	-1
2.71681213379	-1
2.71681213379	-1
2.7883310318	1
2.7883310318	1
2.7883310318	1
2.80875110626	1
2.80875110626	1
2.90158200264	-1
2.93987202644	1
3.06319022179	1
3.06319022179	1
3.14260220528	-1
3.29363322258	-1
3.29363322258	-1
3.36719608307	-1
3.36719608307	-1
3.36719608307	-1
3.46713399887	-1
3.46713399887	-1
3.47566199303	1
3.58416509628	-1
3.58416509628	-1
3.58416509628	-1
3.68382406235	-1
3.68382406235	-1
3.74179816246	-1
3.74179816246	-1
3.74179816246	-1
3.80365800858	-1
3.80504107475	1
3.962018013	-1
4.17753100395	-1
4.20132899284	1
4.20355701447	1
4.20355701447	1
4.20355701447	1
4.31560206413	1
4.31560206413	1
4.4302380085	-1
4.58159613609	-1
4.67969322205	-1
4.67969322205	-1
4.67969322205	-1
4.67969322205	-1
4.67969322205	-1
4.77614402771	-1
4.77614402771	-1
4.77614402771	-1
4.77614402771	-1
4.77614402771	-1
4.78614115715	-1
4.79722118378	1
4.91160011292	1
5.02557301521	-1
5.02557301521	-1
5.14021515846	-1
5.25467205048	-1
5.40567708015	-1
5.40567708015	-1
5.49662709236	-1
5.49662709236	-1
5.49662709236	-1
5.49662709236	-1
5.49662709236	-1
5.49662709236	-1
5.53430604935	-1
5.53430604935	-1
5.53552603722	-1
5.53552603722	-1
5.53552603722	-1
5.53552603722	-1
5.53552603722	-1
5.58929204941	-1
5.59762406349	-1
5.62138319016	1
5.73574304581	1
6.23578715324	-1
6.27159309387	-1
6.27159309387	-1
6.27159309387	-1
6.29748511314	-1
6.29748511314	-1
6.29748511314	-1
6.31962203979	-1
6.31962203979	-1
6.31962203979	-1
6.31962203979	-1
6.31962203979	-1
6.31962203979	-1
6.33727312088	-1
6.33987212181	-1
6.33987212181	-1
6.33987212181	-1
6.33987212181	-1
6.38621520996	-1
6.38621520996	-1
6.38626599312	-1
6.38626599312	-1
6.38778114319	1
6.40706419945	-1
6.40706419945	-1
6.40706419945	-1
6.40706419945	-1
6.40706419945	-1
6.40718507767	-1
6.43430113792	-1
6.43430113792	-1
6.46866202354	-1
6.46866202354	-1
6.46866202354	-1
6.46866202354	-1
6.46866202354	-1
6.46866202354	-1
6.50069212914	-1
6.50209999084	1
6.54259204865	-1
6.54259204865	-1
6.54259204865	-1
6.56397104263	-1
6.56397104263	-1
6.56397104263	-1
6.56397104263	-1
6.56397104263	-1
6.57226204872	1
6.57226204872	1
6.57226204872	1
6.59262108803	-1
6.59262108803	-1
6.59262108803	-1
6.63233613968	-1
6.63233613968	-1
6.63233613968	-1
6.63233613968	-1
6.63233613968	-1
6.63233613968	-1
6.69315218925	-1
6.69315218925	-1
6.76907205582	1
6.93994116783	-1
7.32389903069	-1
7.36698102951	-1
7.36698102951	-1
7.36698102951	-1
7.36698102951	-1
7.36698102951	-1
7.37179517746	-1
7.3943002224	-1
7.3943002224	-1
7.3943002224	-1
7.3943002224	-1
7.3943002224	-1
7.42170119286	-1
7.42170119286	-1
7.42388916016	-1
7.42388916016	-1
7.42388916016	-1
7.42388916016	-1
7.43834710121	-1
7.44592404366	-1
7.44592404366	-1
7.44592404366	-1
7.44592404366	-1
7.44592404366	-1
7.48149514198	-1
7.48154306412	-1
7.48154306412	-1
7.48154306412	-1
7.48154306412	-1
7.48154306412	-1
7.48253011703	1
7.50895905495	-1
7.50895905495	-1
7.50895905495	-1
7.50895905495	-1
7.50895905495	-1
7.50895905495	-1
7.50895905495	-1
7.52390599251	-1
7.52798104286	-1
7.52798104286	-1
7.52798104286	-1
7.52798104286	-1
7.5529282093	-1
7.57302618027	1
7.57302618027	1
7.57302618027	1
7.57584619522	-1
7.57584619522	-1
7.57584619522	-1
7.57584619522	-1
7.57584619522	-1
7.57584619522	-1
7.60152101517	-1
7.60152101517	-1
7.60152101517	-1
7.60152101517	-1
7.60152101517	-1
7.60152101517	-1
7.63596606255	-1
7.63596606255	-1
7.63596606255	-1
7.63596606255	-1
7.63596606255	-1
7.63596606255	-1
7.64069700241	-1
7.64069700241	-1
7.64069700241	-1
7.64069700241	-1
7.64069700241	-1
7.64069700241	-1
7.64069700241	-1
7.72899508476	1
7.72899508476	1
7.72899508476	1
7.86747121811	1
7.98171710968	1
8.0959250927	1
8.10673117638	-1
8.16132807732	-1
8.16132807732	-1
8.16132807732	-1
8.16132807732	-1
8.16132807732	-1
8.17839503288	-1
8.19639205933	-1
8.19639205933	-1
8.19639205933	-1
8.19639205933	-1
8.19639205933	-1
8.22112202644	-1
8.22115421295	1
8.23478412628	-1
8.23478412628	-1
8.23478412628	-1
8.23478412628	-1
8.23478412628	-1
8.23478412628	-1
8.2793211937	-1
8.2793211937	-1
8.2793211937	-1
8.2793211937	-1
8.2793211937	-1
8.2793211937	-1
8.2793211937	-1
8.29288315773	-1
8.33556604385	1
8.48910212517	1
8.50987100601	-1
8.57427120209	1
8.57427120209	1
8.57427120209	1
8.57427120209	1
8.57427120209	1
8.57427120209	1
8.66149616241	-1
8.81299519539	1
8.87567806244	-1
8.95503616333	-1
8.95503616333	-1
8.95503616333	-1
9.01037216187	-1
9.01037216187	-1
9.01680016518	-1
9.01680016518	-1
9.01680016518	-1
9.01680016518	-1
9.02117013931	1
9.04329013824	-1
9.04329013824	-1
9.04329013824	-1
9.04329013824	-1
9.04329013824	-1
9.06812810898	1
9.06812810898	1
9.06812810898	1
9.15779519081	1
9.15779519081	1
9.27247714996	-1
9.31549715996	-1
9.31549715996	-1
9.31549715996	-1
9.31549715996	-1
9.4301211834	-1
9.60953712463	-1
9.60953712463	-1
9.73560905457	-1
9.85008001328	-1
9.87686419487	-1
9.87686419487	-1
9.87686419487	-1
9.89568519592	-1
9.89568519592	-1
9.89568519592	-1
9.89568519592	-1
9.89568519592	-1
9.92026519775	-1
9.92026519775	-1
9.92026519775	-1
9.92026519775	-1
9.92026519775	-1
9.92026519775	-1
9.93978214264	1
9.94668912888	1
9.94668912888	1
9.94668912888	1
9.94668912888	1
9.95663714409	-1
9.95663714409	-1
9.99117302895	-1
9.99117302895	-1
9.99117302895	-1
9.99122619629	-1
9.99122619629	-1
9.99122619629	-1
10.027900219	-1
10.027900219	-1
10.027900219	-1
10.0460259914	-1
10.0460259914	-1
10.0460259914	-1
10.0460259914	-1
10.0460259914	-1
10.1059381962	-1
10.1059381962	-1
10.1065921783	-1
10.1065921783	-1
10.1065921783	-1
10.1065921783	-1
10.1476171017	-1
10.1476171017	-1
10.1531820297	-1
10.1531820297	-1
10.1531820297	-1
10.1531820297	-1
10.1860830784	1
10.1860830784	1
10.1860830784	1
10.2169790268	1
10.3765051365	1
10.4907870293	1
10.5001900196	-1
10.6240911484	-1
10.6241281033	1
10.7386851311	-1
10.7386851311	-1
10.7405040264	1
10.8552880287	-1
10.8552880287	-1
10.8553290367	1
10.9700291157	-1
10.9700291157	-1
10.9700791836	1
10.9700791836	1
11.0848400593	-1
11.0848400593	-1
11.0848600864	1
11.0848600864	1
11.1305661201	1
11.1305661201	1
11.1305661201	1
11.1996421814	-1
11.1996421814	-1
11.258395195	-1
11.258395195	-1
11.258395195	-1
11.2664260864	1
11.2664260864	1
11.2664260864	1
11.3767850399	-1
11.3767850399	-1
11.3767850399	-1
11.4285891056	-1
11.4286201	1
11.4482941628	1
11.4482941628	1
11.4482941628	1
11.5178391933	-1
11.5178391933	-1
11.5178391933	-1
11.5178391933	-1
11.5432510376	-1
11.5478520393	1
11.5478520393	1
11.5478520393	1
11.5548210144	-1
11.5548210144	-1
11.5548210144	-1
11.5548210144	-1
11.6009790897	-1
11.6009790897	-1
11.6065649986	1
11.6065649986	1
11.6065649986	1
11.6165020466	-1
11.6165020466	-1
11.638928175	-1
11.638928175	-1
11.638928175	-1
11.638928175	-1
11.6455230713	-1
11.6578071117	-1
11.6578421593	1
11.670383215	-1
11.670383215	-1
11.670383215	-1
11.697106123	-1
11.697106123	-1
11.697106123	-1
11.7725110054	-1
11.9334721565	-1
12.0479450226	-1
12.0491571426	1
12.0965631008	-1
12.0965631008	-1
12.0965631008	-1
12.1150372028	-1
12.1150372028	-1
12.1150372028	-1
12.163777113	-1
12.2668220997	-1
12.2668220997	-1
12.2668220997	-1
12.2669901848	-1
12.2669901848	-1
12.2669901848	-1
12.2669901848	-1
12.284496069	-1
12.3013091087	-1
12.3013091087	-1
12.3013091087	-1
12.3013091087	-1
12.3013091087	-1
12.342416048	-1
12.342416048	-1
12.342416048	-1
12.342416048	-1
12.342416048	-1
12.342416048	-1
12.3854320049	-1
12.3854320049	-1
12.3857860565	-1
12.3857860565	-1
12.3857860565	-1
12.3857860565	-1
12.4231669903	-1
12.4231669903	-1
12.4322500229	-1
12.4643599987	-1
12.4643599987	-1
12.4643599987	-1
12.5021309853	-1
12.5021309853	-1
12.5465800762	-1
12.556330204	-1
12.556330204	-1
12.556330204	-1
12.5625920296	1
12.5627400875	1
12.5627400875	1
12.5627400875	1
12.5963079929	-1
12.5963079929	-1
12.5963079929	-1
12.5963079929	-1
12.5963079929	-1
12.5963079929	-1
12.5974550247	1
12.5974550247	1
12.5974550247	1
12.6064491272	1
12.6064491272	1
12.613776207	1
12.613776207	1
12.613776207	1
12.6284620762	-1
12.6284620762	-1
12.6290562153	-1
12.6290562153	-1
12.6290562153	-1
12.6290562153	-1
12.6360430717	-1
12.6614739895	-1
12.6614739895	-1
12.6825230122	-1
12.6825230122	-1
12.6825230122	-1
12.6825230122	-1
12.6825230122	-1
12.6825230122	-1
12.7157981396	-1
12.7157981396	-1
12.7171390057	-1
12.7171390057	-1
12.7171390057	-1
12.7171390057	-1
12.7171390057	-1
12.733120203	-1
12.7523720264	-1
12.7523720264	-1
12.7797811031	-1
12.7797811031	-1
12.7797811031	-1
12.7797811031	-1
12.7797811031	-1
12.7916250229	-1
12.7922201157	-1
12.7922201157	-1
12.7922201157	-1
12.7922201157	-1
12.7922201157	-1
12.8206391335	1
12.8206391335	1
12.8206391335	1
12.8359851837	-1
12.8359851837	-1
12.8359851837	-1
12.8359851837	-1
12.8359851837	-1
12.8359851837	-1
12.8905251026	-1
12.8905251026	-1
12.8941650391	-1
12.9807910919	-1
12.9807910919	-1
12.9807910919	-1
13.0963301659	-1
13.0963301659	-1
13.0963301659	-1
13.1147642136	-1
13.1147642136	-1
13.1643190384	-1
13.1643190384	-1
13.1643190384	-1
13.1643190384	-1
13.2008121014	-1
13.2008121014	-1
13.2160100937	-1
13.2160100937	-1
13.2747471333	1
13.3881561756	-1
13.3881561756	-1
13.605492115	-1
13.6180970669	1
13.7203559875	-1
13.7203559875	-1
13.7324399948	1
13.7324399948	1
13.8468160629	1
13.8468160629	1
13.8541622162	-1
13.9340920448	-1
13.9340920448	-1
13.9340920448	-1
14.0055661201	-1
14.014051199	1
14.1283781528	1
14.1283781528	1
14.3185610771	-1
14.5415511131	-1
14.6208260059	-1
14.6208260059	-1
14.6208260059	-1
14.6208260059	-1
14.648881197	-1
14.648881197	-1
14.6930010319	1
14.805560112	-1
14.805560112	-1
14.805560112	-1
14.8173251152	1
14.8816800117	-1
14.931746006	1
15.0460100174	1
15.4471001625	-1
15.4488401413	1
15.5333380699	-1
15.5333380699	-1
15.5333380699	-1
15.628262043	1
15.629360199	1
15.629360199	1
15.629360199	1
15.6302881241	1
15.6302881241	1
15.6302881241	1
15.6302881241	1
15.6302881241	1
15.6758019924	-1
15.7553181648	-1
15.7553181648	-1
15.7553181648	-1
15.8927021027	1
15.951832056	-1
15.951832056	-1
16.0337460041	-1
16.0337460041	-1
16.0337460041	-1
16.0767250061	1
16.1806821823	-1
16.2286741734	1
16.2286741734	1
16.3753490448	-1
16.4198110104	-1
16.4198110104	-1
16.4198110104	-1
16.5296151638	-1
16.6406340599	1
16.694204092	-1
16.7319052219	-1
16.7319052219	-1
16.7319052219	-1
16.7927060127	1
16.7927060127	1
16.8141281605	-1
16.8141281605	-1
16.8141281605	-1
16.8141281605	-1
16.8141281605	-1
17.3368091583	-1
18.6421570778	1
18.7565131187	1
19.0176701546	-1
19.6428921223	1
19.6430690289	1
19.6430690289	1
19.6430690289	1
19.8956921101	-1
20.0101480484	-1
20.643307209	1
20.7966320515	1
20.9952931404	-1
21.4663000107	-1
21.5424261093	-1
21.5424261093	-1
21.5424261093	-1
21.5718491077	-1
21.5718491077	-1
21.6809971333	-1
21.6809971333	-1
21.6809971333	-1
21.6810491085	-1
21.6810491085	-1
21.6810491085	-1
21.6956582069	1
21.8092780113	-1
21.8092780113	-1
21.930683136	1
21.930866003	1
21.930866003	1
21.930866003	1
21.9331080914	1
21.9331080914	1
21.9331080914	1
21.9331080914	1
21.934743166	1
21.934743166	1
21.934743166	1
21.934743166	1
21.934743166	1
21.934743166	1
21.934743166	1
21.9353761673	1
21.9353761673	1
21.9353761673	1
21.9353761673	1
21.9353761673	1
21.9353761673	1
21.9353761673	1
21.9353761673	1
22.0450451374	1
22.0450451374	1
