0.0	1
0.111693143845	1
0.600530147552	-1
0.660901069641	-1
0.660901069641	-1
0.660901069641	-1
0.661087036133	-1
0.661087036133	-1
0.661087036133	-1
0.661087036133	-1
0.661087036133	-1
0.661087036133	-1
0.661782026291	1
0.779789209366	-1
0.779789209366	-1
0.779789209366	-1
0.871811151505	1
1.16531419754	-1
1.39765906334	-1
1.39906620979	1
1.99885201454	-1
2.01351213455	1
2.12517309189	1
2.40121817589	-1
2.55138802528	-1
2.78584718704	-1
2.89763903618	-1
2.98666119576	-1
2.98666119576	-1
2.98666119576	-1
2.98666119576	-1
2.98666119576	-1
2.98666119576	-1
2.98666119576	-1
2.98666119576	-1
2.98793101311	-1
2.99004006386	-1
2.99004006386	-1
3.01765298843	1
3.12228107452	-1
3.12228107452	-1
3.51001620293	-1
3.51158499718	1
4.36303520203	-1
4.3634262085	-1
4.3634262085	-1
4.3634262085	-1
4.4189581871	-1
4.4189581871	-1
4.4189581871	-1
4.4189581871	-1
4.4189581871	-1
4.4189581871	-1
4.4189581871	-1
4.42872619629	-1
4.47803902626	-1
4.47803902626	-1
4.47803902626	-1
4.47803902626	-1
4.62242698669	1
4.73506116867	1
4.73506116867	1
5.08632206917	-1
5.14670610428	-1
5.14670610428	-1
5.14670610428	-1
5.14670610428	-1
5.14670610428	-1
5.14670610428	-1
5.14670610428	-1
5.14670610428	-1
5.14693498611	-1
5.14693498611	-1
5.14693498611	-1
5.14693498611	-1
5.14693498611	-1
5.14693498611	-1
5.14693498611	-1
5.20723009109	-1
5.20723009109	-1
5.20723009109	-1
5.20723009109	-1
5.20723009109	-1
5.20723009109	-1
5.20723009109	-1
5.20723009109	-1
5.20723009109	-1
5.20758914948	-1
5.20758914948	-1
5.20758914948	-1
5.20758914948	-1
5.20758914948	-1
5.20758914948	-1
5.20935606956	1
5.27268314362	-1
5.27268314362	-1
5.27268314362	-1
5.27268314362	-1
5.27268314362	-1
5.27268314362	-1
5.27268314362	-1
5.27268314362	-1
5.27683615685	-1
5.27694916725	-1
5.27694916725	-1
5.27694916725	-1
5.27694916725	-1
5.27694916725	-1
5.27694916725	-1
5.32988810539	-1
5.32988810539	-1
5.32988810539	-1
5.32988810539	-1
5.32988810539	-1
5.32988810539	-1
5.32988810539	-1
5.32988810539	-1
5.33238720894	-1
5.33238720894	-1
5.33249616623	-1
5.33249616623	-1
5.33249616623	-1
5.33249616623	-1
5.33249616623	-1
5.33249616623	-1
5.33249616623	-1
5.33273816109	-1
5.33276700974	-1
5.33276700974	-1
5.33276700974	-1
5.33276700974	-1
5.33276700974	-1
5.33276700974	-1
5.33276700974	-1
5.3344771862	1
5.34793114662	-1
5.34793114662	-1
5.40090608597	-1
5.40090608597	-1
5.40090608597	-1
5.40090608597	-1
5.40090608597	-1
5.40090608597	-1
5.44042515755	-1
5.44042515755	-1
5.44042515755	-1
5.44042515755	-1
5.44042515755	-1
5.44042515755	-1
5.44042515755	-1
5.44042515755	-1
5.44106602669	-1
5.44106602669	-1
5.44106602669	-1
5.44106602669	-1
5.44106602669	-1
5.44106602669	-1
5.44106602669	-1
5.44106602669	-1
5.44106602669	-1
5.45423603058	-1
5.45423603058	-1
5.45427203178	1
5.45430612564	-1
5.45430612564	-1
5.45430612564	-1
5.45430612564	-1
5.45430612564	-1
5.45430612564	-1
5.45430612564	-1
5.45458602905	-1
5.46693110466	-1
5.46693110466	-1
5.46693110466	-1
5.46693110466	-1
5.46693110466	-1
5.46693110466	-1
5.46693110466	-1
5.46693110466	-1
5.46942901611	-1
5.51394915581	-1
5.51394915581	-1
5.51394915581	-1
5.51394915581	-1
5.51394915581	-1
5.51394915581	-1
5.51394915581	-1
5.57289218903	1
5.61720514297	-1
5.61720514297	-1
5.61720514297	-1
5.61720514297	-1
5.61720514297	-1
5.61720514297	-1
5.61720514297	-1
5.61720514297	-1
5.61866497993	-1
5.61878418922	-1
5.61878418922	-1
5.62246799469	-1
5.62246799469	-1
5.62246799469	-1
5.62453699112	-1
5.62453699112	-1
5.62453699112	-1
5.62453699112	-1
5.62453699112	-1
5.62453699112	-1
5.62453699112	-1
5.6459980011	-1
5.64604616165	-1
5.64604616165	-1
5.64604616165	-1
5.64604616165	-1
5.64604616165	-1
5.64604616165	-1
5.64604616165	-1
5.64634799957	-1
5.66465401649	-1
5.66465401649	-1
5.66465401649	-1
5.66465401649	-1
5.66465401649	-1
5.66465401649	-1
5.66465401649	-1
5.66465401649	-1
5.66465401649	-1
5.66500401497	-1
5.66500401497	-1
5.66500401497	-1
5.67845702171	-1
5.67845702171	-1
5.67845702171	-1
5.67845702171	-1
5.67845702171	-1
5.67845702171	-1
5.67845702171	-1
5.67845702171	-1
5.67880702019	-1
5.67880702019	-1
5.67880702019	-1
5.67880702019	-1
5.67880702019	-1
5.67905306816	-1
5.67905306816	-1
5.67905306816	-1
5.68670701981	-1
5.68670701981	-1
5.68670701981	-1
5.68670701981	-1
5.68670701981	-1
5.68670701981	-1
5.68670701981	-1
5.68673801422	1
5.68673801422	1
5.73834514618	-1
5.73834514618	-1
5.73834514618	-1
5.81509017944	-1
5.81509017944	-1
5.81509017944	-1
5.81509017944	-1
5.81509017944	-1
5.81509017944	-1
5.81509017944	-1
5.81509017944	-1
5.81509017944	-1
5.81799817085	-1
5.81799817085	-1
5.81799817085	-1
5.81799817085	-1
5.81799817085	-1
5.81799817085	-1
5.81799817085	-1
5.82649707794	-1
5.82660102844	-1
5.82660102844	-1
5.82660102844	-1
5.82660102844	-1
5.82660102844	-1
5.82660102844	-1
5.85972714424	-1
5.85972714424	-1
5.92694616318	-1
5.92969918251	1
5.93143200874	1
5.93143200874	1
5.93143200874	1
5.93143200874	1
5.93143200874	1
5.93143200874	1
5.93143200874	1
5.93143200874	1
5.93300700188	1
5.9911570549	1
5.9911570549	1
6.32057118416	-1
6.4874920845	-1
6.49309301376	1
6.49721598625	1
6.49721598625	1
6.49721598625	1
6.49976205826	1
6.49976205826	1
6.50129008293	1
6.50129008293	1
6.50129008293	1
6.59936499596	-1
6.59936499596	-1
6.60485005379	1
6.6512131691	-1
6.6512131691	-1
6.6512131691	-1
6.6512131691	-1
6.6512131691	-1
6.6512131691	-1
6.6512131691	-1
6.6512131691	-1
6.6512131691	-1
6.68234205246	-1
6.68234205246	-1
6.72505807877	1
6.95704102516	-1
7.02748703957	-1
7.02748703957	-1
7.02748703957	-1
7.07432699203	-1
7.07432699203	-1
7.07432699203	-1
7.07432699203	-1
7.07432699203	-1
7.07432699203	-1
7.07432699203	-1
7.07432699203	-1
7.08767008781	-1
7.08767008781	-1
7.08767008781	-1
7.08771204948	-1
7.08771204948	-1
7.08771204948	-1
7.08771204948	-1
7.08771204948	-1
7.08771204948	-1
7.08771204948	-1
7.08793210983	-1
7.08819103241	-1
7.08819103241	-1
7.08819103241	-1
7.09870004654	1
7.12750601768	-1
7.13442611694	-1
7.13442611694	-1
7.13442611694	-1
7.13442611694	-1
7.13442611694	-1
7.13442611694	-1
7.13442611694	-1
7.1358602047	-1
7.1358602047	-1
7.1471850872	-1
7.1471850872	-1
7.16047716141	-1
7.16047716141	-1
7.16047716141	-1
7.16047716141	-1
7.16047716141	-1
7.16047716141	-1
7.16047716141	-1
7.16047716141	-1
7.20667505264	-1
7.20667505264	-1
7.20667505264	-1
7.20678114891	-1
7.20678114891	-1
7.21036505699	1
7.21036505699	1
7.24687409401	-1
7.25573301315	-1
7.25573301315	-1
7.25573301315	-1
7.25573301315	-1
7.25573301315	-1
7.25573301315	-1
7.25573301315	-1
7.25573301315	-1
7.26770114899	-1
7.26774811745	-1
7.26774811745	-1
7.36229419708	1
7.36663198471	-1
7.36663198471	-1
7.36663198471	-1
7.37874913216	1
7.37874913216	1
7.37874913216	1
7.4740011692	1
7.67076516151	-1
7.67226219177	1
7.78415703773	1
7.9365940094	-1
7.93800020218	1
8.01668906212	-1
8.01668906212	-1
8.01668906212	-1
8.0191681385	1
8.0191681385	1
8.0191681385	1
8.03274321556	-1
8.03274321556	-1
8.03286099434	-1
8.03286099434	-1
8.03286099434	-1
8.03286099434	-1
8.03286099434	-1
8.03286099434	-1
8.05092215538	1
8.05602812767	-1
8.05602812767	-1
8.05602812767	-1
8.05602812767	-1
8.05602812767	-1
8.16453003883	1
8.37758302689	-1
8.42421221733	-1
8.42421221733	-1
8.42421221733	-1
8.42421221733	-1
8.42421221733	-1
8.42421221733	-1
8.42421221733	-1
8.42421221733	-1
8.43982815742	-1
8.43994307518	-1
8.43994307518	-1
8.43994307518	-1
8.52915811539	1
8.63932704926	-1
8.64367413521	-1
8.64367413521	-1
8.64367413521	-1
8.64367413521	-1
8.64367413521	-1
8.64367413521	-1
8.64367413521	-1
8.64367413521	-1
8.70590901375	-1
8.70797204971	1
8.71125602722	-1
8.71125602722	-1
8.71385598183	-1
8.71385598183	-1
8.71385598183	-1
8.71385598183	-1
8.71385598183	-1
8.71385598183	-1
8.71385598183	-1
8.76553106308	-1
8.76553106308	-1
8.76553106308	-1
8.76553106308	-1
8.76553106308	-1
8.76553106308	-1
8.76553106308	-1
8.76553106308	-1
8.78464007378	-1
8.78517699242	-1
8.78517699242	-1
8.78517699242	-1
8.78517699242	-1
8.78517699242	-1
8.78517699242	-1
8.78517699242	-1
8.79078817368	-1
8.79090118408	-1
8.79090118408	-1
8.79090118408	-1
8.80728411674	-1
8.80728411674	-1
8.80728411674	-1
8.82524108887	-1
8.82524108887	-1
8.82527518272	1
8.82527518272	1
8.82530117035	-1
8.82530117035	-1
8.82530117035	-1
8.82530117035	-1
8.8643181324	1
8.8643181324	1
8.8643181324	1
8.87095713615	1
8.87095713615	1
8.97626209259	1
9.00156497955	-1
9.06353616714	-1
9.06353616714	-1
9.06353616714	-1
9.06353616714	-1
9.06353616714	-1
9.06353616714	-1
9.06353616714	-1
9.12273311615	-1
9.12273311615	-1
9.12284517288	-1
9.12284517288	-1
9.12284517288	-1
9.12284517288	-1
9.12284517288	-1
9.26386904716	-1
9.34647107124	-1
9.34647107124	-1
9.34647107124	-1
9.38366913795	-1
9.38366913795	-1
9.38366913795	-1
9.38366913795	-1
9.38366913795	-1
9.40414810181	-1
9.40483903885	-1
9.40483903885	-1
9.40483903885	-1
9.40595221519	-1
9.40595221519	-1
9.40595221519	-1
9.40595221519	-1
9.40595221519	-1
9.40595221519	-1
9.40736508369	-1
9.40757799149	-1
9.40757799149	-1
9.40757799149	-1
9.40757799149	-1
9.40757799149	-1
9.40757799149	-1
9.40757799149	-1
9.40835118294	1
9.44485116005	-1
9.44485116005	-1
9.44485116005	-1
9.44485116005	-1
9.44485116005	-1
9.44485116005	-1
9.44485116005	-1
9.44485116005	-1
9.44485116005	-1
9.44520020485	-1
9.44534420967	-1
9.44534420967	-1
9.44534420967	-1
9.44534420967	-1
9.44534420967	-1
9.44534420967	-1
9.44534420967	-1
9.44534420967	-1
9.49128603935	-1
9.49128603935	-1
9.49128603935	-1
9.49128603935	-1
9.49128603935	-1
9.50310301781	-1
9.51928305626	-1
9.51928305626	-1
9.51943516731	-1
9.51943516731	-1
9.51943516731	-1
9.51943516731	-1
9.51943516731	-1
9.51943516731	-1
9.52721905708	-1
9.52721905708	-1
9.52725315094	-1
9.52725315094	-1
9.52725315094	-1
9.52725315094	-1
9.52725315094	-1
9.52725315094	-1
9.52951407433	-1
9.52951407433	-1
9.55083203316	-1
9.55083203316	-1
9.55083203316	-1
9.55083203316	-1
9.55083203316	-1
9.55083203316	-1
9.55083203316	-1
9.55083203316	-1
9.55106902122	-1
9.55119109154	-1
9.55119109154	-1
9.55236721039	1
9.57939720154	-1
9.57939720154	-1
9.57939720154	-1
9.57956004143	-1
9.57956004143	-1
9.57956004143	-1
9.57956004143	-1
9.57956004143	-1
9.57956004143	-1
9.58634400368	-1
9.58634400368	-1
9.58634400368	-1
9.58634400368	-1
9.58634400368	-1
9.58634400368	-1
9.58634400368	-1
9.58634400368	-1
9.58676815033	-1
9.58676815033	-1
9.58676815033	-1
9.58676815033	-1
9.58676815033	-1
9.58676815033	-1
9.58676815033	-1
9.5870141983	-1
9.59561419487	-1
9.59561419487	-1
9.59561419487	-1
9.59561419487	-1
9.59561419487	-1
9.59561419487	-1
9.59561419487	-1
9.59561419487	-1
9.63749504089	-1
9.63749504089	-1
9.63749504089	-1
9.63749504089	-1
9.63749504089	-1
9.66273498535	-1
9.68909406662	-1
9.68909406662	-1
9.68909406662	-1
9.68909406662	-1
9.68909406662	-1
9.68909406662	-1
9.6891310215	1
9.71438002586	-1
9.71438002586	-1
9.71438002586	-1
9.71438002586	-1
9.71438002586	-1
9.71438002586	-1
9.71438002586	-1
9.71438002586	-1
9.71596813202	-1
9.71596813202	-1
9.71596813202	-1
9.71596813202	-1
9.71596813202	-1
9.71596813202	-1
9.71596813202	-1
9.7207300663	-1
9.7207300663	-1
9.7207300663	-1
9.7207300663	-1
9.7207300663	-1
9.72197508812	-1
9.72197508812	-1
9.82377004623	1
9.97512507439	1
10.0149610043	-1
10.2242941856	-1
10.3755910397	-1
10.3755910397	-1
10.4394981861	-1
10.4394981861	-1
10.4394981861	-1
10.4723870754	-1
10.4723870754	-1
10.4723870754	-1
10.6280879974	-1
10.6280879974	-1
10.6280879974	-1
10.6297810078	1
10.7415649891	1
11.4195671082	-1
11.631991148	-1
11.7439301014	-1
11.7439301014	-1
11.7792060375	1
11.7958910465	1
11.7958910465	1
11.7958910465	1
12.3316531181	-1
12.3914589882	-1
12.3914589882	-1
12.3914589882	-1
12.3914589882	-1
12.3914589882	-1
12.3914589882	-1
12.3914589882	-1
12.3914589882	-1
12.3914589882	-1
12.4141721725	-1
12.4141721725	-1
12.4507260323	-1
12.4507260323	-1
12.4507260323	-1
12.4598491192	1
12.5007331371	-1
12.5007331371	-1
12.5007331371	-1
12.5007331371	-1
12.5007331371	-1
12.5007331371	-1
12.5007331371	-1
12.5007331371	-1
12.5069200993	-1
12.510196209	-1
12.510196209	-1
12.5716190338	1
12.6135511398	-1
12.6135511398	-1
12.7440280914	1
12.9129240513	-1
12.9151611328	1
13.0270941257	1
13.3505580425	-1
13.3522469997	1
13.5971610546	-1
13.7712709904	-1
13.8830611706	-1
13.9950461388	-1
13.9950461388	-1
14.0425770283	-1
14.0425770283	-1
14.0425770283	-1
14.0425770283	-1
14.0425770283	-1
14.0425770283	-1
14.6015350819	-1
14.6025190353	1
14.7133481503	-1
14.7803761959	-1
14.7803761959	-1
14.7803761959	-1
14.8638970852	-1
14.9757010937	-1
15.0875031948	-1
