0.0	1
0.250618934631	1
0.665786027908	-1
0.666628837585	1
0.818079948425	-1
0.819968938828	1
0.823140859604	1
0.823140859604	1
0.823140859604	1
0.858491897583	1
0.858491897583	1
0.858491897583	1
1.3107419014	-1
1.31249594688	1
1.44695997238	-1
1.44839882851	1
1.58298301697	-1
1.58420586586	1
1.71859288216	-1
1.71974802017	1
1.89124798775	-1
1.91973185539	-1
1.91973185539	-1
1.91973185539	-1
1.91973185539	-1
1.91973185539	-1
1.91973185539	-1
1.91973185539	-1
2.03576683998	-1
2.04729485512	1
2.04826498032	-1
2.04826498032	-1
2.04826498032	-1
2.04838085175	-1
2.04838085175	-1
2.04838085175	-1
2.04838085175	-1
2.04838085175	-1
2.04838085175	-1
2.14821100235	-1
2.14821100235	-1
2.14821100235	-1
2.14886283875	-1
2.14886283875	-1
2.14886283875	-1
2.14886283875	-1
2.14886283875	-1
2.14886283875	-1
2.14886283875	-1
2.1777369976	-1
2.1887588501	-1
2.1887588501	-1
2.18879890442	1
2.22818493843	-1
2.22818493843	-1
2.22818493843	-1
2.22818493843	-1
2.22818493843	-1
2.22818493843	-1
2.22818493843	-1
2.32330298424	1
2.73328995705	-1
2.73450398445	1
2.88744997978	-1
2.95448589325	-1
2.95448589325	-1
2.95448589325	-1
2.95448589325	-1
2.95448589325	-1
2.95448589325	-1
2.95448589325	-1
2.97885489464	1
2.98425388336	-1
3.1523938179	1
3.33400893211	-1
3.46826696396	-1
3.47612285614	1
3.82088685036	-1
3.89660692215	-1
3.89660692215	-1
3.89660692215	-1
3.89660692215	-1
3.89660692215	-1
3.89660692215	-1
3.89660692215	-1
3.90484285355	1
4.03679299355	1
4.03679299355	1
4.03679299355	1
4.03912782669	1
4.16562581062	-1
4.16562581062	-1
4.1740899086	1
4.18784594536	1
4.18784594536	1
4.18784594536	1
4.30827283859	1
4.52813982964	-1
4.52936697006	1
4.66374993324	-1
4.66374993324	-1
4.66529798508	1
4.70568585396	-1
4.70568585396	-1
4.70568585396	-1
4.70684695244	1
4.70684695244	1
4.70684695244	1
4.73607897758	-1
4.73607897758	-1
4.82528400421	-1
4.82528400421	-1
4.82528400421	-1
4.93373990059	-1
4.93377995491	1
5.24110484123	-1
5.25314497948	-1
5.25314497948	-1
5.25314497948	-1
5.25314497948	-1
5.25379800797	-1
5.25379800797	-1
5.25394296646	-1
5.25394296646	-1
5.25394296646	-1
5.25394296646	-1
5.25394296646	-1
5.25710487366	1
5.2945728302	-1
5.2945728302	-1
5.2945728302	-1
5.2945728302	-1
5.2945728302	-1
5.2945728302	-1
5.2945728302	-1
5.38751602173	-1
5.38762998581	-1
5.38762998581	-1
5.38766980171	-1
5.38766980171	-1
5.38766980171	-1
5.38766980171	-1
5.38766980171	-1
5.38766980171	-1
5.39144802094	1
5.39144802094	1
5.39144802094	1
5.41993188858	1
5.41993188858	1
5.51785182953	-1
5.51785182953	-1
5.51785182953	-1
5.51785182953	-1
5.51785182953	-1
5.56263494492	-1
5.56263494492	-1
5.56263494492	-1
5.56263494492	-1
5.56263494492	-1
5.56810283661	-1
5.56813502312	1
5.5812728405	-1
5.5812728405	-1
5.5812728405	-1
5.5812728405	-1
5.5812728405	-1
5.5812728405	-1
5.75271391869	1
5.75271391869	1
5.9199488163	-1
5.92113995552	1
6.05443096161	-1
6.05443096161	-1
6.09228801727	1
6.09228801727	1
6.22559285164	-1
6.22559285164	-1
6.2396337986	1
6.2396337986	1
6.3485789299	-1
6.3485789299	-1
6.3485789299	-1
6.37387299538	1
6.37387299538	1
6.54437994957	1
6.60367798805	-1
6.64480781555	-1
6.64480781555	-1
6.64480781555	-1
6.65414690971	-1
6.65414690971	-1
6.65414690971	-1
6.65414690971	-1
6.65414690971	-1
6.68664002419	1
6.68664002419	1
6.76679897308	-1
6.76679897308	-1
6.76679897308	-1
6.76679897308	-1
6.76679897308	-1
6.76679897308	-1
6.76679897308	-1
6.76679897308	-1
6.77157998085	-1
6.77157998085	-1
6.77157998085	-1
6.77157998085	-1
6.77157998085	-1
6.77157998085	-1
6.77157998085	-1
6.77942681313	-1
6.77942681313	-1
6.77954101562	-1
6.77954101562	-1
6.77954101562	-1
6.77954101562	-1
6.77954101562	-1
6.77954101562	-1
6.77954101562	-1
6.77954101562	-1
6.77990889549	-1
6.77990889549	-1
6.78000998497	-1
6.78000998497	-1
6.84224295616	-1
6.84224295616	-1
6.84224295616	-1
6.84224295616	-1
6.84224295616	-1
6.8422768116	1
6.8422768116	1
6.84230399132	-1
6.90165400505	-1
6.90165400505	-1
6.90175890923	-1
6.90175890923	-1
6.90175890923	-1
6.90175890923	-1
6.90175890923	-1
6.90175890923	-1
6.90200185776	-1
6.90200185776	-1
6.90203595161	-1
6.90203595161	-1
6.90203595161	-1
6.90203595161	-1
6.90203595161	-1
6.91453194618	-1
6.91457986832	-1
6.91457986832	-1
6.91475892067	-1
6.91475892067	-1
6.91475892067	-1
6.9148068428	-1
6.9148068428	-1
6.91500592232	-1
6.91500592232	-1
6.91500592232	-1
6.91500592232	-1
6.91500592232	-1
6.91500592232	-1
6.91500592232	-1
6.91500592232	-1
6.91525101662	-1
6.91525101662	-1
6.91525101662	-1
6.91525101662	-1
6.91525101662	-1
6.91525101662	-1
6.91525101662	-1
6.91561985016	-1
6.91561985016	-1
6.91592001915	1
6.91592001915	1
6.91592001915	1
7.00856995583	-1
7.00856995583	-1
7.00863480568	-1
7.00863480568	-1
7.00863480568	-1
7.03151392937	-1
7.03151392937	-1
7.03151392937	-1
7.03151392937	-1
7.03151392937	-1
7.04895281792	-1
7.04895281792	-1
7.04895281792	-1
7.04906082153	-1
7.04906082153	-1
7.04918193817	-1
7.04918193817	-1
7.04918193817	-1
7.04918193817	-1
7.04918193817	-1
7.04930400848	-1
7.04942798615	-1
7.04942798615	-1
7.04942798615	-1
7.04942798615	-1
7.04942798615	-1
7.0496737957	-1
7.0496737957	-1
7.0496737957	-1
7.0496737957	-1
7.0496737957	-1
7.0496737957	-1
7.0496737957	-1
7.0496737957	-1
7.0496737957	-1
7.05004286766	-1
7.05004286766	-1
7.05004286766	-1
7.05004286766	-1
7.05004286766	-1
7.05004286766	-1
7.05028986931	-1
7.05041098595	-1
7.05041098595	-1
7.05041098595	-1
7.05047297478	-1
7.05047297478	-1
7.05047297478	-1
7.05047297478	-1
7.05047297478	-1
7.05047297478	-1
7.05047297478	-1
7.05077981949	-1
7.05090284348	-1
7.05090284348	-1
7.05090284348	-1
7.05090284348	-1
7.05090284348	-1
7.05090284348	-1
7.05090284348	-1
7.05659580231	1
7.05659580231	1
7.05659580231	1
7.05975389481	1
7.05975389481	1
7.14334082603	-1
7.14334082603	-1
7.14334082603	-1
7.14334082603	-1
7.14334082603	-1
7.14334082603	-1
7.14334082603	-1
7.14338302612	1
7.14357590675	-1
7.18385601044	-1
7.18385601044	-1
7.18385601044	-1
7.23937487602	-1
7.23937487602	-1
7.23948979378	-1
7.23948979378	-1
7.23948979378	-1
7.27830886841	1
7.45217895508	1
7.46614599228	-1
7.48879599571	-1
7.48879599571	-1
7.48879599571	-1
7.49399495125	-1
7.49399495125	-1
7.49399495125	-1
7.49399495125	-1
7.49399495125	-1
7.49399495125	-1
7.49399495125	-1
7.49464583397	-1
7.49706792831	-1
7.49706792831	-1
7.49706792831	-1
7.49706792831	-1
7.49706792831	-1
7.49706792831	-1
7.49706792831	-1
7.49706792831	-1
7.53556084633	-1
7.53556084633	-1
7.53556084633	-1
7.53569483757	-1
7.53569483757	-1
7.53569483757	-1
7.53569483757	-1
7.53569483757	-1
7.53569483757	-1
7.53569483757	-1
7.53730297089	1
7.53730297089	1
7.53730297089	1
7.59585499763	1
7.59585499763	1
7.60479283333	-1
7.61275792122	-1
7.61275792122	-1
7.61535382271	-1
7.61535382271	-1
7.61535382271	-1
7.61672592163	-1
7.61672592163	-1
7.61672592163	-1
7.61672592163	-1
7.61683297157	1
7.61683297157	1
7.61683297157	1
7.73885798454	1
7.75448393822	-1
7.75448393822	-1
7.75448393822	-1
7.79869484901	1
7.79869484901	1
7.79869484901	1
8.03246092796	-1
8.04695701599	1
8.13092494011	-1
8.13092494011	-1
8.13092494011	-1
8.13102793694	-1
8.13102793694	-1
8.13102793694	-1
8.17685890198	-1
8.17685890198	-1
8.17685890198	-1
8.17685890198	-1
8.17938899994	-1
8.18134093285	-1
8.1868698597	-1
8.1868698597	-1
8.1868698597	-1
8.22019791603	1
8.29229998589	-1
8.29229998589	-1
8.29229998589	-1
8.29229998589	-1
8.29229998589	-1
8.29229998589	-1
8.29229998589	-1
8.29870486259	-1
8.30300593376	-1
8.30300593376	-1
8.30300593376	-1
8.32116794586	-1
8.32171988487	-1
8.32171988487	-1
8.32171988487	-1
8.32171988487	-1
8.34771990776	-1
8.34771990776	-1
8.34771990776	-1
8.42664980888	1
8.42664980888	1
8.55084300041	-1
8.55084300041	-1
8.55084300041	-1
8.55292582512	-1
8.55292582512	-1
8.55292582512	-1
8.55292582512	-1
8.55292582512	-1
8.58998990059	1
8.58998990059	1
8.59875798225	-1
8.59875798225	-1
8.59875798225	-1
8.59875798225	-1
8.60317397118	-1
8.60317397118	-1
8.62531995773	-1
8.62531995773	-1
8.62531995773	-1
8.62531995773	-1
8.62638282776	-1
8.64264202118	-1
8.64264202118	-1
8.64264202118	-1
8.64264202118	-1
8.72454190254	1
8.72454190254	1
8.72867393494	-1
8.72867393494	-1
8.72867393494	-1
8.76623797417	-1
8.76623797417	-1
8.76623797417	-1
8.76623797417	-1
8.76623797417	-1
8.76623797417	-1
8.76623797417	-1
8.76623797417	-1
8.80762982368	-1
8.80762982368	-1
8.85901880264	-1
8.85901880264	-1
8.85906291008	1
8.87741088867	-1
8.87741088867	-1
8.87741088867	-1
8.91046285629	-1
8.91046285629	-1
8.91046285629	-1
8.91046285629	-1
8.91046285629	-1
8.91046285629	-1
8.91046285629	-1
8.91046285629	-1
8.97601699829	-1
8.97601699829	-1
8.97601699829	-1
8.97601699829	-1
8.97601699829	-1
8.97601699829	-1
8.97601699829	-1
9.16564488411	-1
9.16564488411	-1
9.16794800758	1
9.27060198784	-1
9.27060198784	-1
9.27060198784	-1
9.30181694031	1
9.30181694031	1
9.30181694031	1
9.43498897552	-1
9.43498897552	-1
9.51780700684	1
9.51780700684	1
9.79680085182	-1
9.9017329216	-1
9.9017329216	-1
9.9017329216	-1
9.90484189987	1
9.90804600716	-1
9.90804600716	-1
9.90804600716	-1
9.90804600716	-1
9.90804600716	-1
9.90804600716	-1
9.90804600716	-1
9.92356181145	-1
9.92471790314	-1
9.92471790314	-1
9.92471790314	-1
9.92471790314	-1
9.92471790314	-1
9.92471790314	-1
9.92471790314	-1
9.92471790314	-1
9.94525098801	-1
9.94525098801	-1
9.94525098801	-1
9.97752189636	-1
9.97752189636	-1
9.97752189636	-1
9.97752189636	-1
9.97752189636	-1
10.039441824	1
10.039441824	1
10.0787088871	-1
10.0787088871	-1
10.0787088871	-1
10.0787088871	-1
10.0787088871	-1
10.0787088871	-1
10.0787088871	-1
10.0787088871	-1
10.0787088871	-1
10.093985796	-1
10.093985796	-1
10.093985796	-1
10.093985796	-1
10.1188249588	-1
10.1188249588	-1
10.1188249588	-1
10.1188249588	-1
10.1212949753	-1
10.1212949753	-1
10.1212949753	-1
10.1212949753	-1
10.1214699745	-1
10.144562006	-1
10.144562006	-1
10.144562006	-1
10.144562006	-1
10.144562006	-1
10.1512978077	-1
10.1750309467	1
10.1750309467	1
10.1750309467	1
10.1914129257	-1
10.1914129257	-1
10.1914129257	-1
10.1914129257	-1
10.1914129257	-1
10.1914129257	-1
10.273747921	-1
10.273747921	-1
10.273747921	-1
10.2753858566	-1
10.2753858566	-1
10.2753858566	-1
10.2753858566	-1
10.278208971	-1
10.2892699242	-1
10.2892699242	-1
10.2892699242	-1
10.2892699242	-1
10.2892699242	-1
10.2892699242	-1
10.2892699242	-1
10.2892699242	-1
10.3291018009	1
10.3291018009	1
10.3302669525	-1
10.3302669525	-1
10.3302669525	-1
10.3302669525	-1
10.3302669525	-1
10.4694588184	-1
10.4694588184	-1
10.4694588184	-1
10.4694588184	-1
10.4694588184	-1
10.4694588184	-1
10.4694588184	-1
10.4694588184	-1
10.4973509312	-1
10.4973509312	-1
10.6316540241	-1
10.6329479218	1
10.7674469948	-1
10.7686889172	1
10.7879428864	-1
10.7879428864	-1
10.7879428864	-1
10.9030108452	1
10.9030108452	1
11.037539959	-1
11.037539959	-1
11.0375759602	1
11.2065498829	-1
11.2065918446	1
11.2065918446	1
11.3272538185	-1
11.3272538185	-1
11.3272538185	-1
11.3413219452	-1
11.3911659718	-1
11.3911659718	-1
11.3911659718	-1
11.3911659718	-1
11.493601799	-1
11.493601799	-1
11.493601799	-1
11.493601799	-1
11.493601799	-1
11.493601799	-1
11.5340847969	-1
11.5340847969	-1
11.5965499878	1
11.610147953	-1
11.6922199726	-1
11.6922199726	-1
11.6922199726	-1
11.7564818859	-1
11.7564818859	-1
11.7564818859	-1
11.7565169334	1
11.7565169334	1
11.7600038052	-1
11.7600038052	-1
11.7600038052	-1
11.7600038052	-1
11.7759578228	-1
11.8320119381	-1
11.8320119381	-1
11.8320119381	-1
11.8320119381	-1
11.8320119381	-1
11.8320119381	-1
11.8320119381	-1
11.8320119381	-1
11.8363678455	-1
11.9282178879	1
11.9876468182	-1
11.9876468182	-1
11.9876468182	-1
11.9907968044	-1
11.9907968044	-1
11.9907968044	-1
11.9907968044	-1
11.9907968044	-1
11.9907968044	-1
11.9907968044	-1
11.9907968044	-1
12.1005020142	-1
12.1086728573	-1
12.1086728573	-1
12.1086728573	-1
12.1086728573	-1
12.1086728573	-1
12.1086728573	-1
12.1101868153	-1
12.1101868153	-1
12.1153488159	-1
12.1153488159	-1
12.1153488159	-1
12.1153488159	-1
12.1153488159	-1
12.1153488159	-1
12.1944158077	-1
12.1944158077	-1
12.1944158077	-1
12.1944158077	-1
12.2663388252	-1
12.2663388252	-1
12.2663388252	-1
12.2664430141	-1
12.2664430141	-1
12.2664430141	-1
12.2664430141	-1
12.2664430141	-1
12.2701048851	-1
12.2701048851	-1
12.2701048851	-1
12.2701048851	-1
12.2701048851	-1
12.2701048851	-1
12.2701048851	-1
12.2701048851	-1
12.3415780067	-1
12.3427388668	1
12.4497849941	1
12.4497849941	1
12.4497849941	1
12.4507498741	1
12.4507498741	1
12.4771540165	1
12.4771540165	1
