0.0	1
0.345985889435	1
0.378371953964	-1
0.46000790596	1
0.714223861694	-1
0.715359926224	1
0.766762971878	1
0.766762971878	1
0.766762971878	1
1.01547598839	1
1.12949180603	1
1.12949180603	1
1.14311099052	-1
1.28269791603	1
1.29642891884	-1
1.3965959549	1
1.41057682037	-1
1.54663300514	1
1.58362102509	-1
1.6530919075	-1
1.6530919075	-1
1.6530919075	-1
1.66054582596	1
1.66054582596	1
1.73351097107	-1
1.73351097107	-1
1.73351097107	-1
1.73351097107	-1
1.73351097107	-1
1.73351097107	-1
1.73351097107	-1
1.73351097107	-1
1.81118893623	1
1.8476588726	-1
1.8476588726	-1
1.8800508976	-1
1.8800508976	-1
1.8800508976	-1
1.8800508976	-1
1.8800508976	-1
1.8800508976	-1
1.8800508976	-1
1.97285985947	-1
1.99413585663	-1
2.03974294662	-1
2.03974294662	-1
2.03974294662	-1
2.03974294662	-1
2.03974294662	-1
2.03974294662	-1
2.03974294662	-1
2.06479883194	1
2.22834992409	-1
2.22834992409	-1
2.22834992409	-1
2.23001694679	1
2.26029491425	-1
2.30418491364	-1
2.30418491364	-1
2.30418491364	-1
2.30418491364	-1
2.30418491364	-1
2.30418491364	-1
2.30418491364	-1
2.41839289665	-1
2.41842699051	1
2.53255987167	-1
2.53259897232	1
2.64672994614	-1
2.65407681465	1
2.94219398499	-1
3.09640192986	-1
3.09640192986	-1
3.09783482552	1
3.1160030365	1
3.1160030365	1
3.1160030365	1
3.21204781532	-1
3.21210002899	1
3.59503602982	-1
3.73142385483	-1
3.73142385483	-1
3.73142385483	-1
3.86219501495	-1
3.97624182701	-1
4.16749286652	-1
4.23781585693	1
4.35177898407	1
4.59066796303	-1
4.65595602989	-1
4.65595602989	-1
4.65595602989	-1
4.65595602989	-1
4.65595602989	-1
4.65595602989	-1
4.65595602989	-1
4.66127681732	-1
4.6808848381	1
4.69195199013	1
4.69195199013	1
4.69195199013	1
4.69289684296	1
4.69289684296	1
4.79502892494	1
4.85619187355	-1
4.9343419075	1
4.94215083122	1
4.94215083122	1
4.94215083122	1
5.04833388329	1
5.12687897682	-1
5.16731882095	-1
5.16731882095	-1
5.16731882095	-1
5.16731882095	-1
5.16731882095	-1
5.16731882095	-1
5.16731882095	-1
5.24103498459	-1
5.24300289154	1
5.25464701653	-1
5.25464701653	-1
5.25464701653	-1
5.26219987869	-1
5.26219987869	-1
5.26219987869	-1
5.26219987869	-1
5.26219987869	-1
5.26219987869	-1
5.26219987869	-1
5.26688694954	1
5.26688694954	1
5.26688694954	1
5.26704001427	-1
5.3055229187	-1
5.3055229187	-1
5.3055229187	-1
5.3055229187	-1
5.3055229187	-1
5.3055229187	-1
5.3055229187	-1
5.3055229187	-1
5.33668088913	-1
5.33668088913	-1
5.33668088913	-1
5.33668088913	-1
5.33668088913	-1
5.33668088913	-1
5.33668088913	-1
5.33690881729	-1
5.33690881729	-1
5.33690881729	-1
5.33690881729	-1
5.33690881729	-1
5.33690881729	-1
5.37648081779	1
5.37650585175	-1
5.40843701363	-1
5.40843701363	-1
5.40843701363	-1
5.40843701363	-1
5.40843701363	-1
5.40843701363	-1
5.40843701363	-1
5.40843701363	-1
5.40863084793	-1
5.40863084793	-1
5.40863084793	-1
5.40863084793	-1
5.40863084793	-1
5.40863084793	-1
5.40863084793	-1
5.44878697395	-1
5.44878697395	-1
5.45252799988	-1
5.45252799988	-1
5.45252799988	-1
5.45252799988	-1
5.45252799988	-1
5.45252799988	-1
5.45252799988	-1
5.45252799988	-1
5.4667289257	-1
5.4667289257	-1
5.4667289257	-1
5.4667289257	-1
5.4667289257	-1
5.4667289257	-1
5.4667289257	-1
5.46687602997	-1
5.46706986427	-1
5.46706986427	-1
5.46706986427	-1
5.46706986427	-1
5.46706986427	-1
5.46706986427	-1
5.46706986427	-1
5.46855282784	1
5.46855282784	1
5.46855282784	1
5.52127289772	-1
5.52127289772	-1
5.52131986618	1
5.54413795471	-1
5.54413795471	-1
5.54413795471	-1
5.54413795471	-1
5.54413795471	-1
5.54413795471	-1
5.54413795471	-1
5.54413795471	-1
5.54413795471	-1
5.56301093102	-1
5.56301093102	-1
5.56301093102	-1
5.56301093102	-1
5.56301093102	-1
5.56301093102	-1
5.56301093102	-1
5.56301093102	-1
5.56337690353	-1
5.56337690353	-1
5.56337690353	-1
5.56337690353	-1
5.56337690353	-1
5.56337690353	-1
5.56337690353	-1
5.56337690353	-1
5.58107280731	-1
5.58107280731	-1
5.58107280731	-1
5.63436102867	-1
5.63436102867	-1
5.63543081284	1
5.63861203194	-1
5.63861203194	-1
5.63861203194	-1
5.63861203194	-1
5.63861203194	-1
5.63861203194	-1
5.712266922	-1
5.712266922	-1
5.712266922	-1
5.712266922	-1
5.712266922	-1
5.712266922	-1
5.712266922	-1
5.712266922	-1
5.71858882904	-1
5.71858882904	-1
5.71858882904	-1
5.71858882904	-1
5.71858882904	-1
5.71858882904	-1
5.71858882904	-1
5.72638893127	-1
5.73255300522	-1
5.73255300522	-1
5.73255300522	-1
5.73255300522	-1
5.73255300522	-1
5.73255300522	-1
5.73255300522	-1
5.74975585938	-1
5.74979901314	1
5.81457090378	-1
5.81457090378	-1
5.81457090378	-1
5.81457090378	-1
5.81457090378	-1
5.81457090378	-1
5.86269903183	-1
5.86269903183	-1
5.86269903183	-1
5.86269903183	-1
5.86269903183	-1
5.86269903183	-1
5.86269903183	-1
5.86269903183	-1
5.86401891708	1
5.8702750206	-1
5.8702750206	-1
5.8702750206	-1
5.8702750206	-1
5.8702750206	-1
5.8702750206	-1
5.8702750206	-1
5.88699197769	-1
5.88699197769	-1
5.88699197769	-1
5.88699197769	-1
5.88699197769	-1
5.88699197769	-1
5.88699197769	-1
5.88699197769	-1
5.90441203117	-1
5.90441203117	-1
5.92929196358	-1
5.92929196358	-1
5.92929196358	-1
5.92929196358	-1
5.92929196358	-1
5.92929196358	-1
5.92929196358	-1
5.92929196358	-1
5.93744087219	-1
5.93744087219	-1
5.93744087219	-1
5.94926595688	-1
5.94926595688	-1
5.96181893349	-1
5.96181893349	-1
5.96181893349	-1
5.96181893349	-1
5.96181893349	-1
5.96181893349	-1
5.97699284554	-1
5.97699284554	-1
5.97817087173	1
5.99015498161	-1
5.99015498161	-1
5.99015498161	-1
5.99015498161	-1
5.99015498161	-1
5.99743199348	-1
5.99743199348	-1
5.99743199348	-1
5.99743199348	-1
5.99743199348	-1
5.99743199348	-1
5.99743199348	-1
6.00369787216	-1
6.00369787216	-1
6.00369787216	-1
6.00369787216	-1
6.00369787216	-1
6.00369787216	-1
6.00369787216	-1
6.00934100151	-1
6.0105240345	1
6.0105240345	1
6.0105240345	1
6.0292069912	-1
6.0292069912	-1
6.0292069912	-1
6.0292069912	-1
6.0292069912	-1
6.0292069912	-1
6.0292069912	-1
6.04367780685	-1
6.04748797417	-1
6.04748797417	-1
6.04748797417	-1
6.04748797417	-1
6.04748797417	-1
6.04748797417	-1
6.04748797417	-1
6.05412888527	-1
6.06889390945	-1
6.06889390945	-1
6.06889390945	-1
6.06889390945	-1
6.07651400566	-1
6.0924179554	-1
6.0929210186	-1
6.0929210186	-1
6.0929210186	-1
6.0929210186	-1
6.0929210186	-1
6.10107898712	-1
6.10107898712	-1
6.10107898712	-1
6.10107898712	-1
6.10107898712	-1
6.10107898712	-1
6.10107898712	-1
6.11169791222	-1
6.11169791222	-1
6.11730384827	-1
6.11730384827	-1
6.11730384827	-1
6.11730384827	-1
6.13038992882	-1
6.15192389488	-1
6.15192389488	-1
6.15192389488	-1
6.15192389488	-1
6.15192389488	-1
6.15192389488	-1
6.15192389488	-1
6.15192389488	-1
6.15192389488	-1
6.16221785545	-1
6.16221785545	-1
6.16221785545	-1
6.16221785545	-1
6.16221785545	-1
6.16221785545	-1
6.16221785545	-1
6.16332602501	1
6.16332602501	1
6.16332602501	1
6.1712679863	-1
6.17925286293	-1
6.17925286293	-1
6.17925286293	-1
6.17925286293	-1
6.17925286293	-1
6.17925286293	-1
6.17925286293	-1
6.18723893166	-1
6.19494795799	-1
6.19494795799	-1
6.19494795799	-1
6.19494795799	-1
6.19494795799	-1
6.19494795799	-1
6.20664000511	-1
6.21741294861	-1
6.21741294861	-1
6.21741294861	-1
6.22095584869	-1
6.22095584869	-1
6.22095584869	-1
6.22095584869	-1
6.22095584869	-1
6.22095584869	-1
6.22095584869	-1
6.22621893883	-1
6.22621893883	-1
6.22621893883	-1
6.22621893883	-1
6.22621893883	-1
6.22621893883	-1
6.22621893883	-1
6.23733282089	-1
6.23733282089	-1
6.23733282089	-1
6.23733282089	-1
6.23733282089	-1
6.23733282089	-1
6.23733282089	-1
6.23733282089	-1
6.23825001717	1
6.23825001717	1
6.23825001717	1
6.25861501694	-1
6.25861501694	-1
6.25861501694	-1
6.25861501694	-1
6.25872993469	-1
6.26649594307	-1
6.26649594307	-1
6.26649594307	-1
6.26649594307	-1
6.26649594307	-1
6.26649594307	-1
6.26649594307	-1
6.27648591995	-1
6.27648591995	-1
6.27648591995	-1
6.27648591995	-1
6.27648591995	-1
6.27648591995	-1
6.27648591995	-1
6.32084202766	-1
6.32088780403	1
6.32088780403	1
6.43155002594	-1
6.43155002594	-1
6.43155002594	-1
6.46007990837	-1
6.46007990837	-1
6.46007990837	-1
6.46007990837	-1
6.46007990837	-1
6.46007990837	-1
6.46007990837	-1
6.48747897148	-1
6.49327301979	-1
6.49327301979	-1
6.49327301979	-1
6.49327301979	-1
6.49327301979	-1
6.49327301979	-1
6.49327301979	-1
6.56907081604	1
6.71092581749	-1
6.71096086502	1
6.83363080025	-1
6.83366298676	1
6.94785690308	-1
6.97096896172	1
7.08553981781	-1
7.09011387825	1
7.23768997192	1
7.23768997192	1
7.23768997192	1
7.38761901855	-1
7.54425692558	-1
7.54541397095	1
7.65953493118	-1
7.81232500076	-1
7.81232500076	-1
7.81369900703	1
7.96822595596	-1
8.12026381493	-1
8.18808698654	-1
8.18808698654	-1
8.18808698654	-1
8.23044681549	-1
8.23044681549	-1
8.23044681549	-1
8.23044681549	-1
8.23044681549	-1
8.23044681549	-1
8.23044681549	-1
8.24182391167	-1
8.26772785187	-1
8.26772785187	-1
8.26772785187	-1
8.26772785187	-1
8.26772785187	-1
8.26772785187	-1
8.26772785187	-1
8.27702403069	-1
8.27702403069	-1
8.27702403069	-1
8.27702403069	-1
8.27702403069	-1
8.27702403069	-1
8.27702403069	-1
8.27702403069	-1
8.28923201561	-1
8.28923201561	-1
8.28923201561	-1
8.41007900238	1
8.65891981125	1
8.98122882843	-1
8.98285484314	1
9.09676003456	1
9.2686829567	-1
9.82093596458	-1
9.93538999557	-1
9.93538999557	-1
10.2379848957	1
10.2382678986	1
10.2382678986	1
10.2382678986	1
10.2382678986	1
10.2382678986	1
10.2382678986	1
11.2379498482	1
11.9558968544	-1
11.9824240208	-1
11.9824240208	-1
11.9824240208	-1
12.0099368095	-1
12.0099368095	-1
12.0099368095	-1
12.0442788601	-1
12.0442788601	-1
12.0699360371	-1
12.104118824	-1
12.104118824	-1
12.104118824	-1
12.1979119778	1
12.2004978657	1
12.2004978657	1
12.2004978657	1
12.2367899418	1
12.2367899418	1
12.448086977	1
12.5620648861	1
12.5620648861	1
12.574326992	-1
12.6260149479	-1
12.6260149479	-1
12.6260149479	-1
12.6431128979	-1
12.6431128979	-1
12.6431128979	-1
12.6431128979	-1
12.6431128979	-1
12.669921875	-1
12.669921875	-1
12.669921875	-1
12.669921875	-1
12.669921875	-1
12.669921875	-1
12.669921875	-1
12.669921875	-1
12.6879549026	-1
12.6879959106	1
12.7200930119	-1
12.7200930119	-1
12.7200930119	-1
12.7200930119	-1
12.7200930119	-1
12.7200930119	-1
12.7200930119	-1
12.7203350067	-1
12.7203350067	-1
12.7488930225	-1
12.7490060329	-1
12.7490060329	-1
12.7490060329	-1
12.7490060329	-1
12.7490060329	-1
12.7490060329	-1
12.8342349529	1
12.8696918488	-1
12.8696918488	-1
12.8696918488	-1
12.8722579479	1
12.8722579479	1
12.8722579479	1
12.985863924	-1
13.0999310017	-1
13.101159811	1
13.2542989254	1
13.2801609039	-1
13.2986328602	-1
13.2986328602	-1
13.2986328602	-1
13.2986328602	-1
13.2986328602	-1
13.2986328602	-1
13.2986328602	-1
13.2986328602	-1
13.3084490299	-1
13.3084490299	-1
13.3084490299	-1
13.3276979923	-1
13.3276979923	-1
13.3276979923	-1
13.3276979923	-1
13.3276979923	-1
13.3276979923	-1
13.3276979923	-1
13.3276979923	-1
13.338160038	-1
13.3495869637	-1
13.3495869637	-1
13.3495869637	-1
13.3495869637	-1
13.3686118126	-1
13.3686540127	1
13.3808078766	-1
13.3808078766	-1
13.4050049782	-1
13.4050049782	-1
13.4050049782	-1
13.4050049782	-1
13.4050049782	-1
13.4050049782	-1
13.4050049782	-1
13.4050049782	-1
13.422729969	-1
13.422729969	-1
13.422729969	-1
13.422729969	-1
13.42283988	-1
13.4360859394	-1
13.4360859394	-1
13.4360859394	-1
13.4360859394	-1
13.4360859394	-1
13.4360859394	-1
13.4360859394	-1
13.4562389851	-1
13.4562389851	-1
13.4562389851	-1
13.4562389851	-1
13.4562389851	-1
13.4812209606	-1
13.4812209606	-1
13.4916448593	-1
13.4916448593	-1
13.4916448593	-1
13.4916448593	-1
13.4916448593	-1
13.4916448593	-1
13.4916448593	-1
13.4916768074	1
13.5092790127	-1
13.5375978947	-1
13.5556488037	-1
13.5556488037	-1
13.5556488037	-1
13.5556488037	-1
13.5556488037	-1
13.5556488037	-1
13.5556488037	-1
13.5957808495	-1
13.6422119141	1
13.6422119141	1
13.6564598083	-1
13.6564598083	-1
13.6564598083	-1
13.6564598083	-1
13.6564598083	-1
13.6564598083	-1
13.6564598083	-1
13.6564598083	-1
13.856844902	1
14.0489699841	-1
14.0501539707	1
14.1670749187	-1
14.3516860008	-1
14.4661588669	-1
18.1566238403	-1
18.6230838299	-1
18.7371089458	-1
18.8510949612	-1
18.9655749798	-1
19.9981248379	-1
23.6090350151	1
23.8019638062	1
24.0790660381	-1
24.1931118965	-1
24.2466478348	1
24.2493720055	1
24.2493720055	1
24.2493720055	1
24.2738389969	-1
24.2738389969	-1
24.2738389969	-1
24.2738389969	-1
24.2738389969	-1
24.2738389969	-1
24.2738389969	-1
24.2738389969	-1
24.3606050014	1
24.4120099545	1
24.4120099545	1
24.4120099545	1
24.4120099545	1
24.4120099545	1
24.4123489857	1
24.7242238522	-1
