0.0	1
0.353293895721	1
1.24273085594	-1
1.2436439991	1
1.36269593239	-1
1.36338186264	1
1.36668395996	1
1.36668395996	1
1.36668395996	1
1.36911892891	1
1.36911892891	1
1.36911892891	1
1.7440969944	-1
1.74561095238	1
1.85975790024	-1
1.86110305786	1
1.97683286667	-1
1.97683286667	-1
1.97839784622	1
2.13109493256	1
2.27101683617	-1
2.36459803581	-1
2.36459803581	-1
2.36459803581	-1
2.36459803581	-1
2.36459803581	-1
2.36459803581	-1
2.36459803581	-1
2.36459803581	-1
2.41755890846	1
2.42405295372	-1
2.42405295372	-1
2.42405295372	-1
2.47490286827	-1
2.47490286827	-1
2.47490286827	-1
2.47490286827	-1
2.47490286827	-1
2.47490286827	-1
2.47490286827	-1
2.47490286827	-1
2.47490286827	-1
2.53907394409	-1
2.53911304474	1
2.62774586678	-1
2.62774586678	-1
2.62774586678	-1
2.62774586678	-1
2.62774586678	-1
2.62774586678	-1
2.62774586678	-1
2.66751098633	1
2.78180789948	-1
2.78180789948	-1
3.07303595543	-1
3.08253693581	-1
3.08253693581	-1
3.08253693581	-1
3.08253693581	-1
3.08253693581	-1
3.08253693581	-1
3.18717288971	-1
3.18909692764	1
4.12999987602	-1
4.20298194885	-1
4.20298194885	-1
4.20298194885	-1
4.20298194885	-1
4.20298194885	-1
4.20298194885	-1
4.20298194885	-1
4.20298194885	-1
4.25436592102	-1
4.25436592102	-1
4.25436592102	-1
4.25436592102	-1
4.25436592102	-1
4.25436592102	-1
4.25436592102	-1
4.25436592102	-1
4.27491784096	1
4.27889204025	1
4.27889204025	1
4.27889204025	1
4.27889204025	1
4.27889204025	1
4.27889204025	1
4.32931494713	-1
4.32931494713	-1
4.32931494713	-1
4.32931494713	-1
4.32931494713	-1
4.32931494713	-1
4.32931494713	-1
4.37438988686	-1
4.37444090843	-1
4.37444090843	-1
4.37444090843	-1
4.37444090843	-1
4.37444090843	-1
4.37444090843	-1
4.37444090843	-1
4.37444090843	-1
4.38895201683	1
4.42639684677	-1
4.44136404991	1
4.44136404991	1
4.44136404991	1
4.44136404991	1
4.52786302567	1
4.52786302567	1
4.55759000778	-1
4.70862483978	-1
4.71629500389	1
4.9158039093	-1
4.965239048	-1
4.965239048	-1
4.965239048	-1
4.965239048	-1
4.965239048	-1
4.965239048	-1
4.965239048	-1
4.965239048	-1
4.965239048	-1
4.96559095383	-1
4.96559095383	-1
4.96559095383	-1
4.96559095383	-1
4.96559095383	-1
5.01031589508	-1
5.01031589508	-1
5.01031589508	-1
5.01721692085	-1
5.01721692085	-1
5.01721692085	-1
5.01721692085	-1
5.01721692085	-1
5.01721692085	-1
5.01721692085	-1
5.01721692085	-1
5.05444693565	-1
5.05444693565	-1
5.07953190804	-1
5.07953190804	-1
5.07953190804	-1
5.07958197594	-1
5.07958197594	-1
5.07976484299	-1
5.07976484299	-1
5.07976484299	-1
5.12014198303	-1
5.12014198303	-1
5.12014198303	-1
5.12276506424	-1
5.12276506424	-1
5.12276506424	-1
5.1315510273	-1
5.1315510273	-1
5.18626499176	-1
5.18626499176	-1
5.19161105156	-1
5.19161105156	-1
5.19161105156	-1
5.19161105156	-1
5.19161105156	-1
5.19161105156	-1
5.19161105156	-1
5.19161105156	-1
5.19386291504	-1
5.19386291504	-1
5.19386291504	-1
5.19386291504	-1
5.19386291504	-1
5.19386291504	-1
5.19386291504	-1
5.23797893524	-1
5.23797893524	-1
5.23797893524	-1
5.23797893524	-1
5.23797893524	-1
5.23797893524	-1
5.23797893524	-1
5.23797893524	-1
5.24166297913	-1
5.24166297913	-1
5.24166297913	-1
5.24166297913	-1
5.24166297913	-1
5.24166297913	-1
5.24166297913	-1
5.24166297913	-1
5.24267292023	1
5.61635994911	-1
5.70406985283	-1
5.70406985283	-1
5.70406985283	-1
5.70406985283	-1
5.70406985283	-1
5.70406985283	-1
5.70406985283	-1
5.70406985283	-1
5.72890901566	-1
5.72890901566	-1
5.72890901566	-1
5.72890901566	-1
5.72890901566	-1
5.72890901566	-1
5.72890901566	-1
5.72890901566	-1
5.72957897186	1
5.76968288422	-1
5.76968288422	-1
5.76968288422	-1
5.76968288422	-1
5.76968288422	-1
5.76968288422	-1
5.76968288422	-1
5.76968288422	-1
5.78685593605	-1
5.78907489777	-1
5.78907489777	-1
5.78907489777	-1
5.78907489777	-1
5.78907489777	-1
5.78907489777	-1
5.78907489777	-1
5.79122495651	-1
5.79581189156	-1
5.79581189156	-1
5.82563090324	-1
5.82563090324	-1
5.82563090324	-1
5.82604193687	-1
5.82604193687	-1
5.82604193687	-1
5.82604193687	-1
5.82604193687	-1
5.843572855	1
5.85110497475	-1
5.85110497475	-1
5.85110497475	-1
5.85110497475	-1
5.85110497475	-1
5.85110497475	-1
5.85110497475	-1
5.85110497475	-1
5.85351991653	1
5.85351991653	1
5.85351991653	1
5.85517406464	1
5.85517406464	1
5.85573196411	1
5.85573196411	1
5.85573196411	1
5.8757610321	-1
5.8757610321	-1
5.8757610321	-1
5.8757610321	-1
5.8757610321	-1
5.8757610321	-1
5.8757610321	-1
5.8757610321	-1
5.88385105133	-1
5.90109300613	-1
5.90109300613	-1
5.90109300613	-1
5.90109300613	-1
5.90109300613	-1
5.90109300613	-1
5.90109300613	-1
5.90109300613	-1
5.90357089043	-1
5.90357089043	-1
5.90357089043	-1
5.90357089043	-1
5.90357089043	-1
5.9742410183	1
6.32670497894	-1
6.33541202545	-1
6.33541202545	-1
6.33541202545	-1
6.33541202545	-1
6.33541202545	-1
6.33541202545	-1
6.33541202545	-1
6.39008402824	-1
6.39301085472	-1
6.39301085472	-1
6.39301085472	-1
6.39301085472	-1
6.39301085472	-1
6.39301085472	-1
6.39301085472	-1
6.50992584229	-1
6.50992584229	-1
6.50992584229	-1
6.50992584229	-1
6.50992584229	-1
6.50992584229	-1
6.50992584229	-1
6.50992584229	-1
6.50992584229	-1
6.51089286804	-1
6.51089286804	-1
6.51089286804	-1
6.51089286804	-1
6.51089286804	-1
6.51089286804	-1
6.51089286804	-1
6.51357102394	-1
6.55526304245	-1
6.55849790573	-1
6.55849790573	-1
6.55849790573	-1
6.55849790573	-1
6.55849790573	-1
6.55849790573	-1
6.55849790573	-1
6.56189799309	-1
6.56200289726	-1
6.56200289726	-1
6.56200289726	-1
6.56200289726	-1
6.56200289726	-1
6.56200289726	-1
6.56311798096	1
6.59649085999	-1
6.59649085999	-1
6.59649085999	-1
6.59649085999	-1
6.59649085999	-1
6.59649085999	-1
6.59649085999	-1
6.59649085999	-1
6.59649085999	-1
6.60603785515	-1
6.60603785515	-1
6.60603785515	-1
6.60603785515	-1
6.60603785515	-1
6.60603785515	-1
6.60603785515	-1
6.60603785515	-1
6.62433886528	-1
6.62433886528	-1
6.62438702583	-1
6.62438702583	-1
6.62438702583	-1
6.62438702583	-1
6.62438702583	-1
6.62438702583	-1
6.64314985275	-1
6.64314985275	-1
6.64314985275	-1
6.64314985275	-1
6.64314985275	-1
6.64314985275	-1
6.64314985275	-1
6.64314985275	-1
6.66984605789	-1
6.66984605789	-1
6.66984605789	-1
6.66984605789	-1
6.66984605789	-1
6.67719197273	1
6.97923588753	1
7.09331393242	1
7.13427686691	-1
7.14145088196	-1
7.14145088196	-1
7.14145088196	-1
7.14145088196	-1
7.14145088196	-1
7.14145088196	-1
7.14145088196	-1
7.19285297394	-1
7.19285297394	-1
7.19285297394	-1
7.19285297394	-1
7.19285297394	-1
7.19285297394	-1
7.19285297394	-1
7.19285297394	-1
7.19553184509	-1
7.19553184509	-1
7.19553184509	-1
7.19553184509	-1
7.19553184509	-1
7.19553184509	-1
7.19553184509	-1
7.20732784271	1
7.23627495766	-1
7.23627495766	-1
7.23627495766	-1
7.23627495766	-1
7.23627495766	-1
7.23627495766	-1
7.23627495766	-1
7.23627495766	-1
7.23627495766	-1
7.23627495766	-1
7.24585795403	-1
7.24585795403	-1
7.24585795403	-1
7.24585795403	-1
7.24585795403	-1
7.2747168541	-1
7.2747168541	-1
7.2747168541	-1
7.2747168541	-1
7.2747168541	-1
7.2747168541	-1
7.2747168541	-1
7.2747168541	-1
7.2750658989	-1
7.30982804298	-1
7.30982804298	-1
7.30982804298	-1
7.30982804298	-1
7.30982804298	-1
7.30982804298	-1
7.30982804298	-1
7.30982804298	-1
7.31006383896	-1
7.31018590927	-1
7.31018590927	-1
7.31030893326	-1
7.31030893326	-1
7.31030893326	-1
7.31030893326	-1
7.31030893326	-1
7.31030893326	-1
7.32166194916	-1
7.32166194916	-1
7.32166194916	-1
7.32166194916	-1
7.32166194916	-1
7.32166194916	-1
7.32166194916	-1
7.32166194916	-1
7.32168793678	1
7.32168793678	1
7.3602309227	-1
7.3602309227	-1
7.3602309227	-1
7.3602309227	-1
7.3602309227	-1
7.3602309227	-1
7.3602309227	-1
7.3602309227	-1
7.3602309227	-1
7.36056900024	-1
7.36056900024	-1
7.36056900024	-1
7.38914895058	-1
7.47423291206	1
7.47423291206	1
7.64809083939	1
7.69287085533	-1
7.73464202881	-1
7.73464202881	-1
7.73464202881	-1
7.73464202881	-1
7.73464202881	-1
7.77853488922	-1
7.84871387482	-1
9.24990606308	-1
9.25124192238	1
9.36411905289	-1
9.36411905289	-1
9.58858394623	-1
9.60439801216	1
9.63011693954	1
9.63011693954	1
9.63011693954	1
10.0198130608	-1
10.057913065	-1
10.057913065	-1
10.057913065	-1
10.057913065	-1
10.3202679157	-1
10.3202679157	-1
10.3202679157	-1
10.3289470673	-1
10.3289470673	-1
10.3289470673	-1
10.3289470673	-1
10.3289470673	-1
10.3289470673	-1
10.3289470673	-1
10.375125885	-1
10.375125885	-1
10.375125885	-1
10.375125885	-1
10.375125885	-1
10.375125885	-1
10.375125885	-1
10.375125885	-1
10.3970580101	-1
10.4077889919	-1
10.4077889919	-1
10.4077889919	-1
10.455092907	-1
11.0420119762	-1
15.4742329121	-1
15.5883970261	-1
15.5883970261	-1
17.4017109871	1
17.5156810284	1
17.6844689846	-1
17.798555851	-1
18.8716418743	-1
18.991024971	-1
19.9877748489	1
19.9887559414	1
19.9887559414	1
19.9887559414	1
19.9917829037	1
19.9917829037	1
19.9917829037	1
19.9947710037	1
19.9947710037	1
20.1017389297	1
20.1017389297	1
20.2418529987	1
20.2572748661	1
20.2572748661	1
20.2572748661	1
20.6371078491	-1
20.6386489868	1
20.7613229752	-1
20.7624838352	1
20.8282680511	-1
20.8282680511	-1
20.8282680511	-1
20.8547489643	-1
20.8547489643	-1
21.0327949524	-1
21.0327949524	-1
21.0987939835	-1
21.0987939835	-1
21.0987939835	-1
21.0987939835	-1
21.1498968601	1
21.1504669189	1
21.1504669189	1
21.1504669189	1
21.6050438881	-1
22.3004779816	-1
22.4841120243	-1
22.4853570461	1
22.5378088951	-1
22.5378088951	-1
22.5378088951	-1
22.5378088951	-1
22.5378088951	-1
22.5378088951	-1
22.5378088951	-1
22.5983748436	-1
22.5994858742	1
22.6316640377	-1
22.6316640377	-1
22.6316640377	-1
22.6316640377	-1
22.6316640377	-1
22.6316640377	-1
22.6316640377	-1
22.6316640377	-1
22.6448659897	-1
22.6448659897	-1
22.6448659897	-1
22.6448659897	-1
22.6448659897	-1
22.6448659897	-1
22.7904000282	1
22.796350956	1
22.796350956	1
22.796350956	1
22.7976849079	1
22.7976849079	1
22.9494700432	-1
22.9907739162	-1
22.9907739162	-1
22.9907739162	-1
22.9907739162	-1
22.9907739162	-1
22.9907739162	-1
22.9907739162	-1
23.0056388378	-1
23.0201380253	-1
23.0201380253	-1
23.0201380253	-1
23.0201380253	-1
23.0201380253	-1
23.0201380253	-1
23.0201380253	-1
23.0469379425	-1
23.0469379425	-1
23.0469708443	1
23.0469708443	1
23.4404859543	-1
23.4419949055	1
23.4678020477	-1
23.4678020477	-1
23.4678020477	-1
23.4702379704	1
23.4702379704	1
23.4702379704	1
23.4702379704	1
23.4702379704	1
23.4702379704	1
23.4702379704	1
23.4918658733	-1
23.4918658733	-1
23.4918658733	-1
23.4918658733	-1
23.5044169426	-1
23.5148029327	-1
23.5148029327	-1
23.5148029327	-1
23.5148029327	-1
23.5283968449	-1
23.5355548859	1
23.5370590687	1
23.5370590687	1
23.5370590687	1
23.5546009541	-1
23.5560619831	1
23.8538448811	-1
24.0127210617	-1
24.0300779343	-1
24.0300779343	-1
24.0300779343	-1
24.0300779343	-1
24.0300779343	-1
24.0300779343	-1
24.0300779343	-1
24.0300779343	-1
24.0450129509	-1
24.0759358406	-1
24.0759358406	-1
24.1176600456	-1
24.1176600456	-1
24.1176600456	-1
24.1176600456	-1
24.1313488483	1
24.1593868732	-1
24.1593868732	-1
24.1593868732	-1
24.1593868732	-1
24.1593868732	-1
24.1593868732	-1
24.1593868732	-1
24.1593868732	-1
24.1593868732	-1
24.1836810112	-1
24.1836810112	-1
24.195291996	-1
24.195291996	-1
24.195291996	-1
24.195291996	-1
24.195291996	-1
24.2099339962	-1
24.239910841	-1
24.239910841	-1
24.239910841	-1
24.239910841	-1
24.239910841	-1
24.239910841	-1
24.239910841	-1
24.239910841	-1
24.2835879326	-1
24.2835879326	-1
24.2835879326	-1
24.3888919353	-1
24.3888919353	-1
24.4025490284	-1
24.4025490284	-1
24.4025490284	-1
24.4025490284	-1
24.4025490284	-1
24.4025490284	-1
24.429805994	-1
24.429805994	-1
24.429805994	-1
24.429805994	-1
24.429805994	-1
24.429805994	-1
24.4575779438	-1
24.4575779438	-1
24.5068469048	-1
24.570335865	-1
24.570335865	-1
24.570335865	-1
24.570335865	-1
24.570335865	-1
24.570335865	-1
24.570335865	-1
24.570335865	-1
24.5712509155	1
25.0100538731	-1
25.0341780186	-1
25.0341780186	-1
25.0341780186	-1
25.0341780186	-1
25.0341780186	-1
25.0341780186	-1
25.0341780186	-1
25.0341780186	-1
25.0453360081	-1
25.0453360081	-1
25.0453360081	-1
25.0453360081	-1
25.0453360081	-1
25.0453360081	-1
25.0453360081	-1
25.0465168953	1
25.0677368641	-1
25.0677368641	-1
25.0677368641	-1
25.0677368641	-1
25.0677368641	-1
25.0677368641	-1
25.0677368641	-1
25.0677368641	-1
25.1243469715	-1
25.1243469715	-1
25.2253930569	1
25.225620985	1
25.225620985	1
25.225620985	1
25.225620985	1
25.225620985	1
25.2278399467	1
25.228317976	1
25.228317976	1
25.228317976	1
25.228317976	1
25.228317976	1
25.228317976	1
25.228317976	1
25.228317976	1
25.2284898758	1
25.2284898758	1
25.2284898758	1
