0.0	1
0.112233877182	1
0.42911195755	1
0.67435002327	-1
0.693702936172	-1
0.693702936172	-1
0.693702936172	-1
0.693702936172	-1
0.693702936172	-1
0.693702936172	-1
0.786525964737	-1
0.792134046555	1
1.17999505997	-1
1.18133091927	1
1.29327297211	1
1.43005990982	1
1.66967892647	-1
1.67965602875	1
1.69617295265	1
1.69617295265	1
1.69617295265	1
1.79189586639	-1
2.06140208244	-1
2.21074509621	-1
2.24264001846	-1
2.24264001846	-1
2.24264001846	-1
2.24264001846	-1
2.24264001846	-1
2.24264001846	-1
2.32819104195	1
2.44021010399	1
2.73867487907	-1
2.73984289169	1
2.85199308395	1
3.21076488495	-1
3.21786189079	1
3.22874093056	1
3.22874093056	1
3.22874093056	1
3.33048200607	-1
3.43185091019	1
3.43185091019	1
3.43185091019	1
3.4424290657	1
3.4424290657	1
3.46393704414	-1
3.6261279583	-1
3.7097299099	-1
3.7097299099	-1
3.7097299099	-1
3.7097299099	-1
3.7097299099	-1
3.7097299099	-1
3.7097299099	-1
3.7428650856	1
4.28095507622	-1
4.28229308128	1
4.39427399635	1
4.43229103088	1
4.43229103088	1
4.43229103088	1
4.43229103088	1
4.43313407898	1
4.43313407898	1
4.70289802551	-1
4.70984888077	1
4.71770596504	1
4.71770596504	1
4.71770596504	1
4.82203102112	-1
4.93429899216	-1
4.93429899216	-1
5.09822702408	-1
5.09822702408	-1
5.21052193642	-1
5.21052193642	-1
5.29017996788	-1
5.29017996788	-1
5.29017996788	-1
5.29017996788	-1
5.29017996788	-1
5.29017996788	-1
5.32694792747	1
5.47976493835	1
5.47976493835	1
5.72561907768	-1
5.72688794136	1
5.83906507492	-1
5.83909702301	1
6.13574290276	-1
6.14393401146	1
6.15806007385	1
6.15806007385	1
6.15806007385	1
6.25620889664	-1
6.43327403069	1
6.4334359169	1
6.4334359169	1
6.4334359169	1
6.50272202492	-1
6.61611890793	-1
6.61611890793	-1
6.61611890793	-1
6.65756392479	-1
6.67324900627	-1
6.67324900627	-1
6.67324900627	-1
6.67324900627	-1
6.67324900627	-1
6.77430105209	1
6.88188409805	-1
7.03410100937	-1
7.38045787811	-1
7.38182401657	1
7.49387001991	1
7.84499692917	-1
7.85192894936	1
7.86155700684	1
7.86155700684	1
7.86155700684	1
7.96422195435	-1
8.16433906555	-1
8.31409788132	-1
8.31409788132	-1
8.32913398743	-1
8.32913398743	-1
8.32913398743	-1
8.42630004883	-1
8.43436098099	1
8.46138501167	-1
8.46138501167	-1
8.46138501167	-1
8.5463719368	1
8.5463719368	1
8.76538801193	-1
9.14003705978	-1
9.14214801788	1
9.25411391258	1
9.71907997131	-1
9.72631001472	1
9.73186087608	1
9.73186087608	1
9.73186087608	1
9.73186087608	1
10.0386040211	-1
10.1898388863	-1
10.3020420074	-1
10.3020420074	-1
10.435972929	1
10.4364039898	1
10.4364039898	1
10.4364039898	1
10.5196509361	-1
10.5387029648	-1
10.5387029648	-1
10.5387029648	-1
10.5387029648	-1
10.5387029648	-1
10.5387029648	-1
10.5387029648	-1
10.6319210529	-1
10.675121069	1
10.7819828987	-1
10.7870750427	1
10.7870750427	1
10.8941819668	-1
11.0458669662	-1
11.0470709801	1
11.0472459793	1
11.0472459793	1
11.0472459793	1
11.0472459793	1
11.0472459793	1
11.0472459793	1
11.2187709808	-1
11.3699560165	-1
11.4561769962	-1
11.4561769962	-1
11.4561769962	-1
11.4561769962	-1
11.4563059807	-1
11.4563059807	-1
11.4563059807	-1
11.4563059807	-1
11.4563059807	-1
11.4563059807	-1
11.4563059807	-1
11.4760019779	-1
11.4760019779	-1
11.4760019779	-1
11.476129055	-1
11.476129055	-1
11.476129055	-1
11.476129055	-1
11.476129055	-1
11.4773318768	1
11.5657598972	-1
11.5657598972	-1
11.5657598972	-1
11.5657598972	-1
11.5657598972	-1
11.5657598972	-1
11.5657598972	-1
11.5657598972	-1
11.5659039021	-1
11.5845608711	-1
11.5845608711	-1
11.5845608711	-1
11.5845608711	-1
11.6187238693	-1
11.6188249588	-1
11.6188249588	-1
11.6188249588	-1
11.6188249588	-1
11.6211900711	-1
11.6213040352	-1
11.6213040352	-1
11.6213040352	-1
11.6213040352	-1
11.6213040352	-1
11.6213040352	-1
11.6375620365	-1
11.6375620365	-1
11.6375620365	-1
11.7222969532	-1
11.7222969532	-1
11.7222969532	-1
11.7222969532	-1
11.7222969532	-1
11.7222969532	-1
11.7222969532	-1
11.7222969532	-1
11.7222969532	-1
11.7222969532	-1
11.722671032	-1
11.722671032	-1
11.722671032	-1
11.722671032	-1
11.722671032	-1
11.722671032	-1
11.7228999138	1
11.7229409218	-1
11.7229409218	-1
11.7229409218	-1
11.7229409218	-1
11.7229409218	-1
11.7229409218	-1
11.7229409218	-1
11.7229409218	-1
11.7405328751	-1
11.7407550812	-1
11.7407550812	-1
11.7407550812	-1
11.7407550812	-1
11.7407550812	-1
11.7407550812	-1
11.7407550812	-1
11.7407550812	-1
11.741122961	-1
11.741122961	-1
11.741122961	-1
11.741122961	-1
11.741122961	-1
11.741122961	-1
11.824048996	-1
11.824048996	-1
11.824048996	-1
11.824048996	-1
11.824048996	-1
11.824048996	-1
11.824048996	-1
11.824048996	-1
11.824048996	-1
11.824048996	-1
11.824409008	-1
11.824409008	-1
11.824409008	-1
11.824409008	-1
11.824409008	-1
11.824409008	-1
11.8347089291	-1
11.8347089291	-1
11.8347089291	-1
11.8347089291	-1
11.8347089291	-1
11.8347089291	-1
11.8347089291	-1
11.8347089291	-1
11.8350589275	-1
11.8351809978	-1
11.8351809978	-1
11.8351809978	-1
11.8351809978	-1
11.8351809978	-1
11.8351809978	-1
11.8351809978	-1
11.8351809978	-1
11.8363308907	1
11.8390228748	-1
11.8390228748	-1
11.8390228748	-1
11.8390228748	-1
11.8390228748	-1
11.8390228748	-1
11.8390228748	-1
11.8413009644	-1
11.8414120674	-1
11.8414120674	-1
11.8414120674	-1
11.8414120674	-1
11.9217209816	-1
11.9217209816	-1
11.9217209816	-1
11.9217209816	-1
11.9217209816	-1
11.9217209816	-1
11.9217209816	-1
11.9217209816	-1
11.9217209816	-1
11.9217209816	-1
11.9219779968	-1
11.9219779968	-1
11.9219779968	-1
11.9219779968	-1
11.9219779968	-1
11.9219779968	-1
11.922221899	-1
11.922221899	-1
11.922221899	-1
11.922221899	-1
11.922221899	-1
11.922221899	-1
11.922221899	-1
11.922221899	-1
11.9371340275	-1
11.9877750874	1
11.9877750874	1
12.0340189934	-1
12.0340189934	-1
12.0360710621	1
12.0360710621	1
12.0360710621	1
12.0360710621	1
12.0360710621	1
12.0360710621	1
12.0360710621	1
12.0360710621	1
12.0360710621	1
12.0362370014	1
12.0362370014	1
12.0362370014	1
12.0362370014	1
12.0362370014	1
12.0362370014	1
12.0566489697	1
12.0566489697	1
12.3409099579	-1
12.3483810425	-1
12.3483810425	-1
12.3483810425	-1
12.3483810425	-1
12.3483810425	-1
12.3483810425	-1
12.3483810425	-1
12.3483810425	-1
12.3670918941	-1
12.3671429157	-1
12.3671429157	-1
12.3671429157	-1
12.3671429157	-1
12.3671429157	-1
12.3671429157	-1
12.4249448776	-1
12.4249448776	-1
12.4250490665	-1
12.4250490665	-1
12.4250490665	-1
12.4250490665	-1
12.4250490665	-1
12.4535930157	-1
12.4535930157	-1
12.4535930157	-1
12.4535930157	-1
12.4535930157	-1
12.4535930157	-1
12.4538218975	-1
12.4538218975	-1
12.454005003	-1
12.454005003	-1
12.454005003	-1
12.454005003	-1
12.454005003	-1
12.454005003	-1
12.4541549683	-1
12.4541549683	-1
12.4541549683	-1
12.4543728828	-1
12.4543728828	-1
12.4543728828	-1
12.4543728828	-1
12.4543728828	-1
12.4566788673	1
12.4719030857	-1
12.4719030857	-1
12.4719030857	-1
12.4719030857	-1
12.5387690067	-1
12.5387690067	-1
12.5389308929	-1
12.5389308929	-1
12.5389308929	-1
12.5389308929	-1
12.5389308929	-1
12.5389308929	-1
12.5850229263	1
12.6231560707	-1
12.6231560707	-1
12.6231560707	-1
12.6231560707	-1
12.6231560707	-1
12.6231560707	-1
12.6231560707	-1
12.6231560707	-1
12.6231560707	-1
12.6231560707	-1
12.6235060692	-1
12.6235060692	-1
12.6235060692	-1
12.6235060692	-1
12.6235060692	-1
12.6235060692	-1
12.6237540245	-1
12.6237540245	-1
12.6237540245	-1
12.6237540245	-1
12.6237540245	-1
12.6237540245	-1
12.6237540245	-1
12.6237540245	-1
12.6411790848	-1
12.6965088844	-1
12.6965088844	-1
12.7206969261	-1
12.7206969261	-1
12.7206969261	-1
12.7206969261	-1
12.7206969261	-1
12.7206969261	-1
12.7206969261	-1
12.7206969261	-1
12.7206969261	-1
12.7206969261	-1
12.7210459709	-1
12.7210459709	-1
12.7210459709	-1
12.7210459709	-1
12.7210459709	-1
12.7210459709	-1
12.7212929726	-1
12.7212929726	-1
12.7212929726	-1
12.7212929726	-1
12.7212929726	-1
12.7212929726	-1
12.7212929726	-1
12.7212929726	-1
12.7216610909	-1
12.7217838764	-1
12.7217838764	-1
12.7217838764	-1
12.7217838764	-1
12.7217838764	-1
12.7217838764	-1
12.7217838764	-1
12.7217838764	-1
12.7227380276	1
12.7372839451	-1
12.7372839451	-1
12.7372839451	-1
12.7372839451	-1
12.7372839451	-1
12.7372839451	-1
12.7372839451	-1
12.7391929626	-1
12.7391929626	-1
12.7391929626	-1
12.7391929626	-1
12.7391929626	-1
12.7391929626	-1
12.7391929626	-1
12.8214509487	-1
12.8214509487	-1
12.8214509487	-1
12.8214509487	-1
12.8214509487	-1
12.8214509487	-1
12.8214509487	-1
12.8214509487	-1
12.8214509487	-1
12.8214509487	-1
12.8218009472	-1
12.8218009472	-1
12.8218009472	-1
12.8218009472	-1
12.8218009472	-1
12.8218009472	-1
12.8220469952	-1
12.8220469952	-1
12.8220469952	-1
12.8220469952	-1
12.8220469952	-1
12.8220469952	-1
12.8220469952	-1
12.8220469952	-1
12.8223240376	-1
12.8223240376	-1
12.8223240376	-1
12.8223240376	-1
12.8223240376	-1
12.8223240376	-1
12.8223240376	-1
12.8223240376	-1
12.833147049	-1
12.8331809044	-1
12.8331809044	-1
12.8331809044	-1
12.8331809044	-1
12.8331809044	-1
12.8331809044	-1
12.8331809044	-1
12.8379878998	-1
12.8379878998	-1
12.8379878998	-1
12.8379878998	-1
12.8379878998	-1
12.8379878998	-1
12.8379878998	-1
12.8379878998	-1
12.8380160332	1
12.8380160332	1
12.8402609825	-1
12.8402609825	-1
12.8402609825	-1
12.8402609825	-1
12.8402609825	-1
12.8402609825	-1
12.8402609825	-1
12.8402609825	-1
12.8402609825	-1
12.9237210751	-1
12.9237210751	-1
12.9237210751	-1
12.9237210751	-1
12.9237210751	-1
12.9237210751	-1
12.9237210751	-1
12.9237210751	-1
12.9237210751	-1
12.9237210751	-1
12.9240710735	-1
12.9253320694	-1
12.9253320694	-1
12.9253320694	-1
12.9253320694	-1
12.9253320694	-1
12.9253320694	-1
12.9403009415	-1
12.9403009415	-1
12.9404149055	-1
12.9404149055	-1
12.9404149055	-1
12.9404149055	-1
12.9404149055	-1
12.9404149055	-1
12.9904260635	1
13.1023659706	1
13.4363539219	1
13.5281460285	-1
13.5484130383	1
13.5484130383	1
13.824698925	-1
14.0192050934	-1
14.0231540203	-1
14.0231540203	-1
14.0231540203	-1
14.0231540203	-1
14.0231540203	-1
14.0231540203	-1
14.0231540203	-1
14.0386199951	-1
14.0386199951	-1
14.0386199951	-1
14.0386199951	-1
14.0386199951	-1
14.0386199951	-1
14.122647047	-1
14.1228508949	-1
14.1228508949	-1
14.1228508949	-1
14.1228508949	-1
14.1228508949	-1
14.1228508949	-1
14.1228508949	-1
14.1228508949	-1
14.1231238842	-1
14.1231238842	-1
14.1231238842	-1
14.1231238842	-1
14.1231238842	-1
14.1231238842	-1
14.1382679939	-1
14.1382679939	-1
14.1382679939	-1
14.1382679939	-1
14.1382679939	-1
14.1382679939	-1
14.1382679939	-1
14.3557579517	1
14.3577358723	1
14.3577358723	1
14.3577358723	1
14.3577358723	1
14.3577358723	1
14.3577358723	1
14.3614199162	1
14.3614199162	1
14.8206400871	-1
14.8246440887	-1
14.8246440887	-1
14.8246440887	-1
14.8246440887	-1
14.8246440887	-1
14.8246440887	-1
14.8246440887	-1
14.8398470879	-1
14.8398470879	-1
14.8398470879	-1
14.8398470879	-1
14.8401479721	1
14.9231441021	-1
14.9231441021	-1
14.9231441021	-1
14.9231441021	-1
14.9231441021	-1
14.9231441021	-1
14.9231441021	-1
14.9231441021	-1
14.9231441021	-1
14.9231441021	-1
14.9234850407	-1
14.9234850407	-1
14.9234850407	-1
14.9234850407	-1
14.9234850407	-1
14.9234850407	-1
14.9383270741	-1
14.9383270741	-1
14.9383270741	-1
14.9383270741	-1
14.9383270741	-1
14.9383270741	-1
14.9383270741	-1
14.9383270741	-1
14.9383270741	-1
15.0451879501	-1
15.0463891029	1
15.1583490372	1
15.1583490372	1
15.437212944	1
15.437664032	1
15.437664032	1
15.437664032	1
15.5210499763	-1
15.64468503	-1
15.64468503	-1
15.64468503	-1
15.64468503	-1
15.64468503	-1
15.64468503	-1
15.64468503	-1
15.6663680077	1
15.9253380299	-1
16.0739300251	-1
16.2239360809	-1
16.2251110077	1
16.6201980114	-1
16.6254398823	1
16.6353359222	1
16.6353359222	1
16.6353359222	1
16.7377679348	-1
17.0191459656	-1
17.1512539387	-1
17.1512539387	-1
17.1512539387	-1
17.2657909393	-1
17.2657909393	-1
17.2657909393	-1
17.2657909393	-1
17.2657909393	-1
17.2657909393	-1
17.2862448692	1
17.58177495	-1
17.5829129219	1
17.9072480202	-1
17.9127600193	1
17.9162569046	1
17.9162569046	1
17.9162569046	1
18.0959300995	-1
18.2459158897	-1
18.3581590652	-1
18.3581590652	-1
18.4941499233	-1
18.4941499233	-1
18.4941499233	-1
18.4942860603	-1
18.4942860603	-1
18.4942860603	-1
18.4942860603	-1
18.5141909122	1
18.8115749359	-1
18.8126270771	1
19.2158670425	-1
19.2211480141	1
19.2243468761	1
19.2243468761	1
19.2243468761	1
19.3448610306	-1
19.5241520405	-1
19.6362309456	-1
19.7325029373	-1
19.7325029373	-1
19.7325029373	-1
19.751322031	-1
19.751322031	-1
19.751322031	-1
19.751322031	-1
19.751322031	-1
19.8657639027	1
20.1559450626	1
20.1726660728	-1
