0.0	1
0.111979961395	1
0.334209918976	1
0.426415920258	-1
0.446172952652	1
0.780711889267	-1
0.931334018707	-1
0.963223934174	-1
0.963223934174	-1
0.963223934174	-1
0.963223934174	-1
0.963223934174	-1
0.963223934174	-1
1.00060105324	1
1.11262798309	1
1.53002500534	-1
1.53093600273	1
1.64285206795	1
2.07243895531	-1
2.08236002922	1
2.09508109093	1
2.09508109093	1
2.09508109093	1
2.21577692032	-1
2.51899695396	-1
2.63101506233	-1
2.65759706497	-1
2.65759706497	-1
2.65759706497	-1
2.74319696426	-1
2.74319696426	-1
2.81010103226	-1
2.81010103226	-1
2.81010103226	-1
2.85856294632	1
3.00134110451	1
3.22663402557	-1
3.22782802582	1
3.33969402313	1
3.73477292061	-1
3.74171209335	1
3.75809693336	1
3.75809693336	1
3.75809693336	1
3.88751411438	-1
4.0018761158	1
4.0018761158	1
4.0018761158	1
4.0018761158	1
4.09887504578	-1
4.25462388992	-1
4.28275895119	-1
4.28275895119	-1
4.28275895119	-1
4.30782604218	-1
4.30782604218	-1
4.30782604218	-1
4.30782604218	-1
4.30782604218	-1
4.37128090858	1
4.72639298439	-1
4.72780108452	1
4.8398001194	1
5.00268697739	1
5.00287508965	1
5.00287508965	1
5.00287508965	1
5.00287508965	1
5.24897694588	-1
5.25653600693	1
5.26360702515	1
5.26360702515	1
5.26360702515	1
5.39976000786	-1
5.73910498619	-1
5.8849298954	-1
5.94885802269	-1
5.94885802269	-1
5.94885802269	-1
5.94885802269	-1
5.94885802269	-1
5.94885802269	-1
6.00146389008	1
6.0031850338	1
6.0031850338	1
6.0031850338	1
6.00367903709	1
6.00367903709	1
6.00367903709	1
6.39060711861	-1
6.39189600945	1
6.50377511978	1
6.53440093994	-1
6.68326401711	-1
6.96589708328	-1
6.97284197807	1
6.98555588722	1
6.98555588722	1
6.98555588722	1
7.00298094749	1
7.00298094749	1
7.18738102913	-1
7.33926010132	-1
7.48344302177	-1
7.51578688622	-1
7.51578688622	-1
7.51578688622	-1
7.5389509201	-1
7.5389509201	-1
7.5389509201	-1
7.5389509201	-1
7.5389509201	-1
7.60010099411	1
7.94922995567	-1
7.95048809052	1
8.0624499321	1
8.51856303215	-1
8.52534604073	1
8.53445291519	1
8.53445291519	1
8.53445291519	1
8.72748303413	-1
8.87941002846	-1
8.99145889282	-1
9.00399398804	1
9.03856110573	-1
9.03856110573	-1
9.03856110573	-1
9.11599111557	1
9.11599111557	1
9.16471791267	-1
9.16471791267	-1
9.16471791267	-1
9.16471791267	-1
9.16471791267	-1
9.16471791267	-1
9.22804093361	1
9.44163894653	-1
9.67677497864	-1
9.6779820919	1
9.78989505768	1
10.0040409565	1
10.1159451008	1
10.2449140549	-1
10.2519409657	1
10.2573668957	1
10.2573668957	1
10.2573668957	1
10.2573668957	1
10.3932189941	-1
10.558521986	-1
10.7394309044	-1
11.0050671101	1
11.0555739403	-1
11.071860075	-1
11.071860075	-1
11.071860075	-1
11.071860075	-1
11.071860075	-1
11.0719199181	-1
11.0826809406	-1
11.0826809406	-1
11.0907149315	1
11.0907149315	1
11.0907149315	1
11.0907149315	1
11.3193979263	-1
11.4313759804	-1
11.4330360889	1
11.4332458973	1
11.4332458973	1
11.4332458973	1
11.4332458973	1
11.4332458973	1
11.4332458973	1
11.5433540344	-1
11.6332790852	-1
11.6332790852	-1
11.6332790852	-1
11.6332790852	-1
11.8789839745	-1
11.8885359764	-1
11.8885359764	-1
11.8885359764	-1
11.8885359764	-1
11.8885359764	-1
11.8885359764	-1
11.8885359764	-1
11.8902709484	-1
11.8902709484	-1
11.8902709484	-1
11.8902709484	-1
11.8902709484	-1
11.8902709484	-1
11.8902709484	-1
11.8902709484	-1
11.8988740444	-1
11.8988740444	-1
11.9082529545	-1
11.9082529545	-1
11.9082529545	-1
11.9082529545	-1
11.9082529545	-1
11.9082529545	-1
11.9082529545	-1
12.026722908	-1
12.026722908	-1
12.026722908	-1
12.026722908	-1
12.026722908	-1
12.026722908	-1
12.0274629593	-1
12.0274629593	-1
12.0275840759	-1
12.0275840759	-1
12.0275840759	-1
12.0275840759	-1
12.0275840759	-1
12.0275840759	-1
12.0275840759	-1
12.0275840759	-1
12.0278310776	-1
12.0541419983	-1
12.0541419983	-1
12.0544319153	-1
12.0544319153	-1
12.0544319153	-1
12.0544319153	-1
12.0544319153	-1
12.0546159744	-1
12.0546159744	-1
12.0546159744	-1
12.0546159744	-1
12.0546159744	-1
12.0546159744	-1
12.0546159744	-1
12.0555980206	1
12.1730821133	-1
12.1730821133	-1
12.1730821133	-1
12.1730821133	-1
12.1730821133	-1
12.1730821133	-1
12.1730821133	-1
12.1730821133	-1
12.1756210327	-1
12.1757268906	-1
12.1757268906	-1
12.1757268906	-1
12.1757268906	-1
12.1757268906	-1
12.1764919758	-1
12.1764919758	-1
12.1764919758	-1
12.1764919758	-1
12.1764919758	-1
12.2003309727	-1
12.2003309727	-1
12.2003309727	-1
12.2005059719	-1
12.2005059719	-1
12.2005059719	-1
12.2013599873	1
12.2016589642	-1
12.2016589642	-1
12.2017760277	-1
12.2017760277	-1
12.2017760277	-1
12.2017760277	-1
12.2017760277	-1
12.2045409679	-1
12.2045409679	-1
12.2045409679	-1
12.2045409679	-1
12.2045409679	-1
12.2045409679	-1
12.31884408	-1
12.31884408	-1
12.31884408	-1
12.31884408	-1
12.31884408	-1
12.31884408	-1
12.31884408	-1
12.31884408	-1
12.3192639351	-1
12.3193850517	-1
12.3193850517	-1
12.3193850517	-1
12.3193850517	-1
12.3193850517	-1
12.3193850517	-1
12.3193850517	-1
12.3200008869	1
12.3458189964	-1
12.3458189964	-1
12.3458189964	-1
12.3458189964	-1
12.3458189964	-1
12.3458189964	-1
12.3458189964	-1
12.3458189964	-1
12.3458189964	-1
12.346075058	-1
12.346075058	-1
12.346075058	-1
12.346075058	-1
12.346075058	-1
12.346075058	-1
12.3467240334	-1
12.3467240334	-1
12.3467240334	-1
12.3467240334	-1
12.3467240334	-1
12.3467240334	-1
12.3467240334	-1
12.3467240334	-1
12.3471529484	-1
12.3471529484	-1
12.3471529484	-1
12.3471529484	-1
12.3471529484	-1
12.3728730679	-1
12.3728730679	-1
12.3728730679	-1
12.3728730679	-1
12.3728730679	-1
12.3728730679	-1
12.3728730679	-1
12.3728730679	-1
12.4312989712	-1
12.4312989712	-1
12.4312989712	-1
12.4312989712	-1
12.4312989712	-1
12.4580979347	1
12.5703940392	-1
12.5703940392	-1
12.5715808868	1
12.5729620457	1
12.5729620457	1
12.5729620457	1
12.5729620457	1
12.5729620457	1
12.5729620457	1
12.5729620457	1
12.5729620457	1
12.5729620457	1
12.5729620457	1
12.5730988979	1
12.5730988979	1
12.5730988979	1
12.5730988979	1
12.5730988979	1
12.5924611092	1
12.5924611092	1
12.8666110039	-1
12.8697400093	-1
12.8697400093	-1
12.8697400093	-1
12.8697400093	-1
12.8697400093	-1
12.8697400093	-1
12.8812739849	-1
12.8812739849	-1
12.8812739849	-1
12.8812739849	-1
12.8812739849	-1
12.8812739849	-1
12.8812739849	-1
12.8815019131	-1
12.895127058	-1
12.895127058	-1
12.895127058	-1
12.895127058	-1
12.895127058	-1
12.895127058	-1
12.895127058	-1
12.895127058	-1
12.9817988873	-1
12.9829521179	1
13.0150539875	-1
13.0150539875	-1
13.0150539875	-1
13.0150539875	-1
13.0150539875	-1
13.0150539875	-1
13.0176410675	-1
13.0176410675	-1
13.0176410675	-1
13.0176410675	-1
13.0176410675	-1
13.0250549316	-1
13.0250549316	-1
13.0250549316	-1
13.0250549316	-1
13.0250549316	-1
13.0293469429	-1
13.0293469429	-1
13.0293469429	-1
13.0293469429	-1
13.0293469429	-1
13.0293469429	-1
13.0300440788	1
13.0300440788	1
13.0300440788	1
13.0412330627	-1
13.0412330627	-1
13.0412330627	-1
13.0412330627	-1
13.0412330627	-1
13.0412330627	-1
13.0413930416	-1
13.0413930416	-1
13.0427479744	-1
13.0427479744	-1
13.0427479744	-1
13.0427479744	-1
13.0427479744	-1
13.0427479744	-1
13.0948650837	-1
13.1573069096	-1
13.1573069096	-1
13.1573069096	-1
13.1573069096	-1
13.1573069096	-1
13.1573069096	-1
13.1573069096	-1
13.1573069096	-1
13.1573069096	-1
13.1573069096	-1
13.157656908	-1
13.157656908	-1
13.1591179371	-1
13.1591179371	-1
13.1607050896	-1
13.1607050896	-1
13.1607050896	-1
13.1607511044	-1
13.1607511044	-1
13.1607511044	-1
13.1607511044	-1
13.1607511044	-1
13.1847269535	-1
13.1847269535	-1
13.1847269535	-1
13.1847269535	-1
13.1847269535	-1
13.1847269535	-1
13.1847269535	-1
13.1849970818	-1
13.1849970818	-1
13.1849970818	-1
13.1849970818	-1
13.1849970818	-1
13.1854670048	-1
13.1854670048	-1
13.1864540577	-1
13.1864540577	-1
13.1864540577	-1
13.1864540577	-1
13.1864540577	-1
13.1864540577	-1
13.1864540577	-1
13.1889400482	-1
13.188986063	-1
13.188986063	-1
13.188986063	-1
13.188986063	-1
13.188986063	-1
13.188986063	-1
13.188986063	-1
13.188986063	-1
13.2068939209	1
13.302726984	-1
13.302726984	-1
13.302726984	-1
13.302726984	-1
13.302726984	-1
13.302726984	-1
13.302726984	-1
13.302726984	-1
13.302726984	-1
13.3031990528	-1
13.3031990528	-1
13.3031990528	-1
13.3031990528	-1
13.3031990528	-1
13.3031990528	-1
13.3031990528	-1
13.3031990528	-1
13.3035891056	-1
13.3035891056	-1
13.3035891056	-1
13.3190150261	1
13.3240709305	-1
13.3240709305	-1
13.3240709305	-1
13.3240709305	-1
13.3240709305	-1
13.3240709305	-1
13.3240709305	-1
13.3240709305	-1
13.3240709305	-1
13.3311910629	-1
13.3311910629	-1
13.3325340748	-1
13.3325340748	-1
13.3325340748	-1
13.3325340748	-1
13.3325340748	-1
13.3325340748	-1
13.3325340748	-1
13.3325340748	-1
13.3330180645	-1
13.3330180645	-1
13.3330180645	-1
13.3330180645	-1
13.3330180645	-1
13.3330180645	-1
13.3330180645	-1
13.3330180645	-1
13.3332700729	-1
13.3332700729	-1
13.3332700729	-1
13.3332700729	-1
13.3332700729	-1
13.3332700729	-1
13.3332700729	-1
13.3591029644	-1
13.3591029644	-1
13.3592090607	-1
13.3592090607	-1
13.3592090607	-1
13.3592090607	-1
13.3592090607	-1
13.3592090607	-1
13.3600230217	-1
13.3600230217	-1
13.3600230217	-1
13.3602120876	-1
13.3602120876	-1
13.4150710106	-1
13.4150710106	-1
13.4150710106	-1
13.4151759148	-1
13.4151759148	-1
13.4151759148	-1
13.4154028893	-1
13.4155240059	-1
13.4155240059	-1
13.4155240059	-1
13.431055069	1
13.448390007	-1
13.448390007	-1
13.448390007	-1
13.448390007	-1
13.448390007	-1
13.448390007	-1
13.4487409592	-1
13.4487409592	-1
13.4495420456	-1
13.4495420456	-1
13.4495420456	-1
13.4495420456	-1
13.4495420456	-1
13.4495420456	-1
13.4495420456	-1
13.4495420456	-1
13.4497849941	-1
13.475176096	-1
13.475176096	-1
13.475176096	-1
13.475176096	-1
13.475176096	-1
13.475176096	-1
13.475176096	-1
13.5434069633	1
13.6953439713	1
14.0756890774	-1
14.0768930912	1
14.4382081032	-1
14.4399249554	-1
14.4399249554	-1
14.4399249554	-1
14.4399249554	-1
14.4399249554	-1
14.4399249554	-1
14.4399249554	-1
14.4401540756	-1
14.4401540756	-1
14.4401540756	-1
14.4401540756	-1
14.4401540756	-1
14.4401540756	-1
14.4401540756	-1
14.4663820267	-1
14.4663820267	-1
14.4663820267	-1
14.4663820267	-1
14.4663820267	-1
14.4663820267	-1
14.4663820267	-1
14.4663820267	-1
14.4663820267	-1
14.4675340652	1
14.5328989029	-1
14.5328989029	-1
14.5521140099	-1
14.5521140099	-1
14.5521140099	-1
14.6313300133	-1
14.6313300133	-1
14.6313300133	-1
14.6313300133	-1
14.6313300133	-1
14.7790119648	1
14.7806539536	1
14.7806539536	1
14.7806539536	1
14.7806539536	1
14.7806539536	1
14.7806539536	1
14.7845339775	1
14.7845339775	1
15.0073881149	1
15.0073881149	1
15.0073881149	1
15.0073881149	1
15.1799330711	-1
15.1878409386	-1
15.1878409386	-1
15.1878409386	-1
15.1878910065	-1
15.1878910065	-1
15.1878910065	-1
15.1878910065	-1
15.1878910065	-1
15.1878910065	-1
15.1878910065	-1
15.2078070641	-1
15.299890995	-1
15.3326900005	-1
15.3326900005	-1
15.3326900005	-1
15.3326900005	-1
15.3326900005	-1
15.3326900005	-1
15.3326900005	-1
15.3326900005	-1
15.3326900005	-1
15.3329548836	-1
15.3329548836	-1
15.3329548836	-1
15.3329548836	-1
15.3329548836	-1
15.3329548836	-1
15.3329548836	-1
15.3593399525	-1
15.3594050407	-1
15.3594050407	-1
15.3594050407	-1
15.3594050407	-1
15.3594050407	-1
15.3594050407	-1
15.4127860069	1
15.5239210129	-1
15.6756289005	-1
15.6756289005	-1
15.6992440224	1
15.8113269806	1
16.0800619125	-1
16.2810211182	-1
16.433868885	-1
16.4616799355	-1
16.4616799355	-1
16.4616799355	-1
16.4616799355	-1
16.4616799355	-1
16.5511040688	1
16.8913419247	-1
16.8924689293	1
17.2447080612	-1
17.2504611015	1
17.2595500946	1
17.2595500946	1
17.2595500946	1
17.384403944	-1
17.6893100739	-1
17.7840719223	-1
17.7840719223	-1
17.7840719223	-1
17.9029350281	-1
17.9029350281	-1
17.9029350281	-1
17.9029350281	-1
17.9029350281	-1
17.9029350281	-1
17.9190890789	1
18.258480072	-1
18.2597239017	1
18.6731069088	-1
18.6788220406	1
18.6850268841	1
18.6850268841	1
18.6850268841	1
18.861716032	-1
19.0151569843	-1
19.1611149311	-1
19.1891899109	-1
19.1891899109	-1
19.1891899109	-1
19.1891899109	-1
19.2733581066	-1
19.3345758915	-1
19.3345758915	-1
19.3345758915	-1
19.3888220787	1
19.7294590473	-1
19.7305929661	1
20.0673849583	-1
20.0729589462	1
20.0817670822	1
20.0817670822	1
20.0817670822	1
20.2553069592	-1
20.5250740051	-1
20.6201169491	-1
20.6201169491	-1
20.6201169491	-1
20.7009439468	-1
20.7009439468	-1
20.7009439468	-1
20.7009439468	-1
20.7009439468	-1
20.7009439468	-1
20.7493519783	1
20.8612918854	1
20.8612918854	1
