0.0	1
0.151773929596	1
0.37840795517	-1
0.529757976532	-1
0.648992061615	-1
0.669524908066	-1
0.669524908066	-1
0.669524908066	-1
0.669524908066	-1
0.669524908066	-1
0.766747951508	1
0.870608091354	1
0.870608091354	1
0.870608091354	1
0.870608091354	1
1.10111904144	-1
1.10248613358	1
1.2146999836	1
1.59709501266	-1
1.60599899292	1
1.6206870079	1
1.6206870079	1
1.6206870079	1
1.75767612457	-1
1.9430809021	-1
2.06377291679	-1
2.17608594894	-1
2.17608594894	-1
2.20515704155	-1
2.20515704155	-1
2.20515704155	-1
2.20515704155	-1
2.20515704155	-1
2.20515704155	-1
2.29280090332	1
2.63021302223	-1
2.6315100193	1
2.74351096153	1
2.870429039	1
2.87145209312	1
2.87145209312	1
2.87145209312	1
2.87145209312	1
2.87145209312	1
3.08730101585	-1
3.09574198723	1
3.09574198723	1
3.20859694481	-1
3.20863699913	1
3.20863699913	1
3.35004401207	-1
3.50583696365	-1
3.50583696365	-1
3.64144992828	-1
3.66142511368	-1
3.66142511368	-1
3.66142511368	-1
3.66142511368	-1
3.7816619873	-1
3.7816619873	-1
3.7816619873	-1
3.86968994141	1
3.87165403366	1
3.87165403366	1
3.87165403366	1
3.87273597717	1
3.87273597717	1
3.87273597717	1
3.87284803391	1
3.87284803391	1
4.14260005951	-1
4.30295801163	-1
4.30295801163	-1
4.30445194244	1
4.41753697395	1
4.7591791153	-1
4.76627802849	1
4.77647399902	1
4.77647399902	1
4.77647399902	1
4.87231397629	1
4.87231397629	1
4.91714906693	-1
5.10054302216	-1
5.22056293488	-1
5.29133892059	-1
5.29133892059	-1
5.29133892059	-1
5.31101894379	-1
5.31101894379	-1
5.36187911034	-1
5.36187911034	-1
5.36187911034	-1
5.44917201996	1
5.78824901581	-1
5.78959393501	1
5.87279295921	1
5.87279295921	1
5.87279295921	1
6.24779510498	-1
6.25647997856	1
6.27884793282	1
6.27884793282	1
6.27884793282	1
6.3686580658	-1
6.60184001923	-1
6.76684594154	-1
6.87289690971	-1
6.87289690971	-1
6.87289690971	-1
6.87392401695	1
6.87439894676	1
6.87439894676	1
6.87439894676	1
6.89280200005	-1
6.89280200005	-1
6.89280200005	-1
6.89280200005	-1
6.89280200005	-1
7.13919305801	1
7.15660595894	-1
7.27548789978	-1
7.61656808853	-1
7.61792111397	1
7.77043294907	1
8.11106395721	-1
8.11816906929	1
8.12584495544	1
8.12584495544	1
8.12584495544	1
8.23051810265	-1
8.34391212463	1
8.45373511314	-1
8.60954499245	-1
8.72234201431	-1
8.72234201431	-1
8.75399303436	-1
8.75399303436	-1
8.75399303436	-1
8.75399303436	-1
8.75399303436	-1
8.75399303436	-1
8.83897304535	1
9.18312096596	-1
9.18439793587	1
9.29709410667	1
9.64659690857	-1
9.6538310051	1
9.65946912766	1
9.65946912766	1
9.65946912766	1
9.65946912766	1
9.77149200439	-1
9.92613601685	-1
10.0388329029	-1
10.1513729095	-1
10.1513729095	-1
10.4614500999	-1
10.4896540642	-1
10.4896540642	-1
10.4896540642	-1
10.4896540642	-1
10.5905950069	1
10.6109781265	-1
10.6109781265	-1
10.6109781265	-1
10.6109781265	-1
10.7027649879	1
10.7027649879	1
10.8572440147	-1
10.8584280014	1
10.8586149216	1
10.8586149216	1
10.8586149216	1
10.8586149216	1
10.8586149216	1
10.8586149216	1
11.1413710117	-1
11.2638540268	-1
11.2638540268	-1
11.2638540268	-1
11.271750927	-1
11.271750927	-1
11.2850720882	-1
11.2850720882	-1
11.2850720882	-1
11.2850720882	-1
11.2850720882	-1
11.2850720882	-1
11.2850720882	-1
11.2894101143	-1
11.2894101143	-1
11.2895340919	-1
11.2895340919	-1
11.2895340919	-1
11.2895340919	-1
11.2895340919	-1
11.2895340919	-1
11.3052420616	-1
11.3052420616	-1
11.3052420616	-1
11.3052420616	-1
11.3052420616	-1
11.3052420616	-1
11.3052420616	-1
11.3052420616	-1
11.3909471035	-1
11.3955209255	-1
11.3955209255	-1
11.3955209255	-1
11.3955209255	-1
11.3955209255	-1
11.3955209255	-1
11.3955209255	-1
11.3955209255	-1
11.3955209255	-1
11.3988890648	-1
11.3988890648	-1
11.3991000652	-1
11.3991000652	-1
11.3991000652	-1
11.3991000652	-1
11.4126799107	-1
11.4126799107	-1
11.4126799107	-1
11.4126799107	-1
11.4126799107	-1
11.4126799107	-1
11.4126799107	-1
11.4230349064	-1
11.4230349064	-1
11.4233050346	-1
11.4233050346	-1
11.4233050346	-1
11.4233050346	-1
11.4233050346	-1
11.4233050346	-1
11.4233050346	-1
11.4233050346	-1
11.4240441322	1
11.5100979805	-1
11.5100979805	-1
11.5100979805	-1
11.5132420063	-1
11.5132420063	-1
11.5132420063	-1
11.5143129826	-1
11.5143129826	-1
11.5144340992	-1
11.5144340992	-1
11.5144340992	-1
11.5144340992	-1
11.5144340992	-1
11.5144340992	-1
11.5150489807	-1
11.5150489807	-1
11.5150489807	-1
11.5150489807	-1
11.5150489807	-1
11.5150489807	-1
11.5150489807	-1
11.5360720158	-1
11.5360720158	-1
11.5360720158	-1
11.5360720158	-1
11.5360720158	-1
11.5360720158	-1
11.5360720158	-1
11.5360720158	-1
11.5361390114	1
11.542527914	-1
11.5428171158	-1
11.5428171158	-1
11.5428171158	-1
11.5428171158	-1
11.5428171158	-1
11.5428171158	-1
11.5428171158	-1
11.6257379055	-1
11.6273500919	-1
11.6273500919	-1
11.6273500919	-1
11.6273500919	-1
11.6273500919	-1
11.6273500919	-1
11.6273500919	-1
11.6320619583	-1
11.6350159645	-1
11.6350159645	-1
11.6350159645	-1
11.6350159645	-1
11.6350159645	-1
11.6350159645	-1
11.6350159645	-1
11.6350159645	-1
11.6492459774	-1
11.6492459774	-1
11.6492459774	-1
11.6492459774	-1
11.6492459774	-1
11.6492459774	-1
11.6492459774	-1
11.6492459774	-1
11.6492459774	-1
11.649269104	1
11.6495261192	-1
11.6495261192	-1
11.6495261192	-1
11.6495261192	-1
11.6495261192	-1
11.6495261192	-1
11.6495261192	-1
11.740664959	-1
11.7407639027	-1
11.7407639027	-1
11.7407639027	-1
11.7407639027	-1
11.7407639027	-1
11.7407639027	-1
11.7407639027	-1
11.7407639027	-1
11.7412340641	-1
11.7412340641	-1
11.7412340641	-1
11.7412340641	-1
11.7412340641	-1
11.7412340641	-1
11.7412340641	-1
11.7666580677	-1
11.7666580677	-1
11.7666580677	-1
11.7666580677	-1
11.7666580677	-1
11.7666580677	-1
11.7666580677	-1
11.7666580677	-1
11.7666580677	-1
11.7673740387	1
11.7813410759	-1
11.7813410759	-1
11.7825279236	1
11.7825279236	1
11.7825279236	1
11.7825279236	1
11.7825279236	1
11.7825279236	1
11.7825279236	1
11.7825279236	1
11.7825279236	1
11.782597065	1
11.782597065	1
11.782597065	1
11.782597065	1
11.782597065	1
11.782597065	1
11.8387479782	1
11.8387479782	1
11.8752009869	1
11.8752009869	1
11.8798830509	-1
12.0786170959	-1
12.0794479847	-1
12.0794479847	-1
12.0794479847	-1
12.0794479847	-1
12.0794479847	-1
12.0794479847	-1
12.0794479847	-1
12.0794479847	-1
12.0796859264	-1
12.0800769329	-1
12.0800769329	-1
12.0800769329	-1
12.0800769329	-1
12.0800769329	-1
12.0800769329	-1
12.0812110901	-1
12.0812110901	-1
12.0812110901	-1
12.0812110901	-1
12.0812110901	-1
12.0812110901	-1
12.1018939018	-1
12.1020081043	-1
12.1020081043	-1
12.1020081043	-1
12.1020081043	-1
12.1020081043	-1
12.1020081043	-1
12.1020081043	-1
12.1024160385	-1
12.1028239727	1
12.1200890541	-1
12.1200890541	-1
12.1200890541	-1
12.1931900978	-1
12.1931900978	-1
12.1931900978	-1
12.1931900978	-1
12.1931900978	-1
12.1931900978	-1
12.1931900978	-1
12.201622963	-1
12.201622963	-1
12.2017390728	-1
12.2017390728	-1
12.2017390728	-1
12.2017390728	-1
12.2017390728	-1
12.2017390728	-1
12.2017390728	-1
12.201982975	-1
12.2028529644	-1
12.2028529644	-1
12.2028529644	-1
12.2028529644	-1
12.2028529644	-1
12.2028529644	-1
12.2157020569	-1
12.2157020569	-1
12.2157020569	-1
12.2157020569	-1
12.2157020569	-1
12.2157020569	-1
12.2157020569	-1
12.2157020569	-1
12.2157020569	-1
12.2162780762	-1
12.2162780762	-1
12.2162780762	-1
12.2162780762	-1
12.2162780762	-1
12.2162780762	-1
12.2163350582	1
12.3067700863	-1
12.3067700863	-1
12.3067700863	-1
12.3067700863	-1
12.3067700863	-1
12.3067700863	-1
12.3067700863	-1
12.3067700863	-1
12.3067700863	-1
12.3070499897	-1
12.3070499897	-1
12.3070499897	-1
12.3070499897	-1
12.3070499897	-1
12.3070499897	-1
12.3070499897	-1
12.3070499897	-1
12.3074901104	-1
12.3074901104	-1
12.3074901104	-1
12.3074901104	-1
12.3074901104	-1
12.3074901104	-1
12.3074901104	-1
12.3074901104	-1
12.3320970535	-1
12.3320970535	-1
12.3320970535	-1
12.3320970535	-1
12.3327729702	-1
12.3327729702	-1
12.3327729702	-1
12.3327729702	-1
12.3327729702	-1
12.3327729702	-1
12.3327729702	-1
12.3327729702	-1
12.3330321312	-1
12.3330321312	-1
12.3330321312	-1
12.3330321312	-1
12.3330321312	-1
12.3330321312	-1
12.3330321312	-1
12.3330321312	-1
12.3334970474	-1
12.3334970474	-1
12.3334970474	-1
12.3334970474	-1
12.3334970474	-1
12.3334970474	-1
12.3334970474	-1
12.3334970474	-1
12.3336789608	1
12.3337109089	-1
12.3337109089	-1
12.3337109089	-1
12.3337109089	-1
12.3337109089	-1
12.3337109089	-1
12.4457120895	-1
12.4457120895	-1
12.4457120895	-1
12.4457120895	-1
12.4457120895	-1
12.4457120895	-1
12.4457120895	-1
12.4457120895	-1
12.4458720684	-1
12.4458720684	-1
12.4458720684	-1
12.4458720684	-1
12.4458720684	-1
12.4458720684	-1
12.4458720684	-1
12.4458720684	-1
12.4464600086	-1
12.4464600086	-1
12.4464600086	-1
12.4464600086	-1
12.4464600086	-1
12.4464600086	-1
12.4464600086	-1
12.4464600086	-1
12.4476270676	-1
12.4476270676	-1
12.4476270676	-1
12.4476270676	-1
12.4476270676	-1
12.4476270676	-1
12.4476270676	-1
12.4476270676	-1
12.4479949474	-1
12.4479949474	-1
12.4479949474	-1
12.4576489925	1
12.4576489925	1
12.4576489925	1
12.5346801281	-1
12.5346801281	-1
12.5346801281	-1
12.5346801281	-1
12.5346801281	-1
12.5346801281	-1
12.5346801281	-1
12.5346801281	-1
12.5585410595	-1
12.5585410595	-1
12.5585410595	-1
12.5585410595	-1
12.5585410595	-1
12.5585410595	-1
12.5585410595	-1
12.5585410595	-1
12.5590651035	-1
12.5590651035	-1
12.5590651035	-1
12.5590651035	-1
12.5590651035	-1
12.5590651035	-1
12.5590651035	-1
12.5590651035	-1
12.5594339371	-1
12.5594339371	-1
12.5594339371	-1
12.5594339371	-1
12.5594339371	-1
12.5594339371	-1
12.5594339371	-1
12.5594339371	-1
12.5605800152	-1
12.5605800152	-1
12.5605800152	-1
12.5605800152	-1
12.5605800152	-1
12.5605800152	-1
12.5605800152	-1
12.5605800152	-1
12.648152113	-1
12.648152113	-1
12.648152113	-1
12.648152113	-1
12.648152113	-1
12.648152113	-1
12.648152113	-1
12.7616119385	1
12.8744139671	-1
12.8755009174	1
13.2402820587	-1
13.2422559261	-1
13.2422559261	-1
13.2422559261	-1
13.2422559261	-1
13.2422559261	-1
13.2422559261	-1
13.2422559261	-1
13.2422559261	-1
13.2614269257	-1
13.2624781132	1
13.3605630398	-1
13.3605630398	-1
13.3605630398	-1
13.3605630398	-1
13.3605630398	-1
13.3605630398	-1
13.3605630398	-1
13.3605630398	-1
13.3607881069	-1
13.3610150814	-1
13.3610150814	-1
13.3610150814	-1
13.3610150814	-1
13.3610150814	-1
13.3610150814	-1
13.3612599373	-1
13.3612599373	-1
13.3612599373	-1
13.3612599373	-1
13.3612599373	-1
13.3783760071	-1
13.3783760071	-1
13.378485918	-1
13.378485918	-1
13.378485918	-1
13.5840249062	1
13.5916309357	1
13.5916309357	1
13.5916309357	1
13.5916309357	1
13.5916309357	1
13.5916309357	1
13.5975821018	1
13.5975821018	1
13.8672831059	-1
13.8762600422	1
13.8773219585	1
13.8773219585	1
13.8773219585	1
13.8780870438	-1
13.8780870438	-1
13.8780870438	-1
13.8782229424	-1
13.8782229424	-1
13.8782229424	-1
13.8782229424	-1
13.8782229424	-1
13.8782229424	-1
13.8782229424	-1
13.8879079819	-1
13.8879599571	-1
13.8879599571	-1
13.8879599571	-1
13.8879599571	-1
13.8879599571	-1
13.9576399326	-1
13.9582130909	-1
13.9582130909	-1
13.9582130909	-1
13.9582130909	-1
13.9582130909	-1
13.9798169136	-1
13.99654603	-1
13.99654603	-1
13.99654603	-1
13.9968159199	-1
13.9968159199	-1
13.9968159199	-1
13.9968159199	-1
13.9968159199	-1
13.9968159199	-1
13.9968159199	-1
13.9973700047	-1
14.0919389725	-1
14.1420171261	1
14.2415640354	-1
14.2936639786	1
14.354665041	-1
14.354665041	-1
14.4451289177	1
14.4671220779	-1
14.5796079636	-1
14.7296469212	-1
14.9227359295	-1
14.9499309063	-1
14.9499309063	-1
14.9499309063	-1
14.9499309063	-1
14.9499309063	-1
14.9499309063	-1
15.0672690868	1
15.4024181366	-1
15.4036390781	1
15.760133028	-1
15.7662630081	1
15.7773070335	1
15.7773070335	1
15.7773070335	1
15.8783929348	-1
16.1055819988	-1
16.3121070862	-1
16.3121070862	-1
16.3121070862	-1
16.312556982	-1
16.312556982	-1
16.3497190475	-1
16.4115960598	-1
16.4115960598	-1
16.4115960598	-1
16.465239048	1
16.8828690052	-1
16.88408494	1
17.2211959362	-1
17.2269330025	1
17.2318160534	1
17.2318160534	1
17.2318160534	1
17.342222929	-1
17.5619599819	-1
17.6815268993	-1
17.7939860821	-1
17.7939860821	-1
17.864385128	-1
17.864385128	-1
17.864385128	-1
17.864385128	-1
17.864385128	-1
17.864385128	-1
17.9101281166	1
18.2468321323	-1
18.2480349541	1
18.6206250191	-1
18.6264739037	1
18.6346189976	1
18.6346189976	1
18.6346189976	1
18.7407100201	-1
18.8505969048	1
19.001306057	-1
19.1613681316	-1
19.2740390301	-1
19.2740390301	-1
19.3066780567	-1
19.3066780567	-1
19.3066780567	-1
19.3066780567	-1
19.3066780567	-1
19.3066780567	-1
19.3666770458	1
