0.0	1
0.0	1
0.0739719867706	1
0.452088832855	-1
0.452088832855	-1
0.666921854019	-1
0.735452890396	-1
0.735452890396	-1
0.735452890396	-1
0.735452890396	-1
0.735452890396	-1
0.741675853729	-1
0.746929883957	1
1.28764295578	-1
1.28898191452	1
1.36291599274	1
1.38128089905	1
1.38128089905	1
1.43670892715	1
1.94784998894	-1
1.95148086548	1
1.95935702324	1
1.95935702324	1
2.02539205551	1
2.08855986595	-1
2.09965085983	1
2.38121604919	1
2.48736095428	-1
2.65383195877	-1
2.69129991531	-1
2.69129991531	-1
2.69129991531	-1
2.72806692123	-1
2.80201387405	-1
2.80201387405	-1
2.80618286133	1
3.23093891144	-1
3.23227286339	1
3.30605888367	1
3.91744089127	-1
3.92520785332	1
3.92995905876	1
3.92995905876	1
3.99954605103	-1
3.99958896637	1
4.38239598274	1
4.38239598274	1
4.38239598274	1
4.38239598274	1
4.45623493195	1
4.59545207024	-1
4.69266605377	-1
4.69266605377	-1
4.69281196594	-1
4.69281196594	-1
4.69281196594	-1
4.69281196594	-1
4.72485804558	-1
4.72926688194	1
5.17434501648	-1
5.17552089691	1
5.24944591522	1
5.38270497322	1
5.38404488564	1
5.38404488564	1
5.38404488564	1
5.38404488564	1
5.38413906097	1
5.38413906097	1
5.45654296875	1
5.82521796227	-1
5.8352458477	1
5.84482288361	1
5.84482288361	1
5.90918087959	1
6.04364299774	-1
6.16876888275	-1
6.36911201477	-1
6.38317799568	1
6.38366603851	1
6.38366603851	1
6.4569170475	1
6.54876685143	-1
6.66072487831	-1
6.72768998146	-1
6.72768998146	-1
6.72768998146	-1
6.72768998146	-1
6.72768998146	-1
6.73490095139	-1
6.73924398422	1
7.30945301056	-1
7.31072497368	1
7.38452005386	1
7.38483905792	1
7.38483905792	1
7.38483905792	1
7.458329916	1
7.86503696442	-1
8.08683204651	-1
8.09356284142	1
8.10731101036	1
8.10731101036	1
8.16074705124	-1
8.16743993759	1
8.384100914	1
8.45820498466	1
8.62802791595	-1
8.83856797218	-1
8.8511838913	-1
8.8511838913	-1
8.85190606117	-1
8.85190606117	-1
8.85190606117	-1
8.85190606117	-1
8.9126598835	-1
8.91700196266	1
9.35061883926	-1
9.3517768383	1
9.42557287216	1
10.0932359695	-1
10.1001570225	1
10.1075329781	1
10.1075329781	1
10.1739668846	1
10.2713899612	-1
10.3848688602	1
10.3855118752	1
10.3855118752	1
10.4598870277	1
10.5859730244	-1
10.7537448406	-1
10.7724499702	-1
10.7724499702	-1
10.8276810646	-1
10.8926410675	-1
10.8926410675	-1
10.8926410675	-1
10.8926410675	-1
10.9016480446	-1
10.9059720039	1
11.4518709183	-1
11.4530310631	1
11.5269100666	1
12.097012043	-1
12.1054329872	1
12.1120159626	1
12.1120159626	1
12.1120159626	1
12.179199934	1
12.316683054	-1
12.385409832	1
12.4594519138	1
12.4951059818	-1
12.8672959805	-1
12.9412429333	-1
13.0099709034	-1
13.0099709034	-1
13.0105390549	-1
13.0105390549	-1
13.0105390549	-1
13.0105390549	-1
13.0105390549	-1
13.0154290199	-1
13.0418360233	1
13.044039011	1
13.044039011	1
13.044039011	1
13.044039011	1
13.0454699993	1
13.0455629826	1
13.0455629826	1
13.1180429459	1
13.1180429459	1
13.3859250546	1
13.4080729485	-1
13.410793066	-1
13.410793066	-1
13.410793066	-1
13.410793066	-1
13.410793066	-1
13.410793066	-1
13.410793066	-1
13.4109408855	-1
13.4109408855	-1
13.4109408855	-1
13.4109408855	-1
13.4109408855	-1
13.4109408855	-1
13.4109408855	-1
13.4596860409	1
13.4847638607	-1
13.4864449501	-1
13.4864449501	-1
13.4864449501	-1
13.4864449501	-1
13.4864449501	-1
13.4864449501	-1
13.4864449501	-1
13.4864449501	-1
13.5541398525	-1
13.5541398525	-1
13.5541398525	-1
13.5541398525	-1
13.5541398525	-1
13.5541398525	-1
13.5541398525	-1
13.5541398525	-1
13.5605978966	-1
13.5605978966	-1
13.5605978966	-1
13.5605978966	-1
13.5605978966	-1
13.5605978966	-1
13.5605978966	-1
13.5605978966	-1
13.5605978966	-1
13.5609488487	-1
13.5609488487	-1
13.5609488487	-1
13.5609488487	-1
13.5609488487	-1
13.5609488487	-1
13.5609488487	-1
13.5625958443	1
13.6285960674	-1
13.6285960674	-1
13.6285960674	-1
13.6285960674	-1
13.6285960674	-1
13.6285960674	-1
13.6285960674	-1
13.6285960674	-1
13.6287209988	-1
13.6289379597	-1
13.6289379597	-1
13.6289379597	-1
13.6289379597	-1
13.6289379597	-1
13.6289379597	-1
13.6289379597	-1
13.6291840076	-1
13.6345438957	-1
13.6558029652	-1
13.6558029652	-1
13.6558029652	-1
13.6558029652	-1
13.6558029652	-1
13.6558029652	-1
13.6558029652	-1
13.6558029652	-1
13.6558339596	1
13.6917219162	-1
13.6917219162	-1
13.6981329918	-1
13.6981329918	-1
13.6981329918	-1
13.6981329918	-1
13.6981329918	-1
13.6981329918	-1
13.6981329918	-1
13.6981329918	-1
13.6984419823	-1
13.6984419823	-1
13.6984419823	-1
13.6984419823	-1
13.6984419823	-1
13.6984419823	-1
13.6984419823	-1
13.7033889294	-1
13.7033889294	-1
13.7033889294	-1
13.7033889294	-1
13.7033889294	-1
13.7037060261	-1
13.7037060261	-1
13.7038269043	-1
13.7038269043	-1
13.7038269043	-1
13.7039499283	-1
13.7039499283	-1
13.7039499283	-1
13.7039499283	-1
13.7039499283	-1
13.7039499283	-1
13.7039499283	-1
13.7041959763	-1
13.7041959763	-1
13.7041959763	-1
13.7041959763	-1
13.7041959763	-1
13.7041959763	-1
13.7041959763	-1
13.7657828331	1
13.7723479271	-1
13.7723479271	-1
13.7725150585	-1
13.7725150585	-1
13.7725150585	-1
13.7725150585	-1
13.7725150585	-1
13.7725150585	-1
13.7725150585	-1
13.7727589607	-1
13.7727589607	-1
13.7727589607	-1
13.7727589607	-1
13.7727589607	-1
13.7727589607	-1
13.7727589607	-1
13.7730998993	-1
13.7730998993	-1
13.7730998993	-1
13.7730998993	-1
13.8316240311	-1
13.8316240311	-1
13.8316240311	-1
13.8316240311	-1
13.8316240311	-1
13.8316240311	-1
13.8318560123	-1
13.8318560123	-1
13.8318560123	-1
13.8318560123	-1
13.8318560123	-1
13.8318560123	-1
13.8318560123	-1
13.8342218399	-1
13.8342218399	-1
13.8342218399	-1
13.8342218399	-1
13.8342218399	-1
13.8342218399	-1
13.8462769985	-1
13.8462769985	-1
13.8462769985	-1
13.8462769985	-1
13.8462769985	-1
13.8462769985	-1
13.8462769985	-1
13.8463089466	1
13.8463089466	1
13.846503973	-1
13.846503973	-1
13.846503973	-1
13.846503973	-1
13.846503973	-1
13.846503973	-1
13.846503973	-1
13.8468859196	-1
13.8468859196	-1
13.8468859196	-1
13.8468859196	-1
13.8468859196	-1
13.8468859196	-1
13.8468859196	-1
13.8468859196	-1
13.8472409248	-1
13.8472409248	-1
13.8472409248	-1
13.8472409248	-1
13.8473639488	-1
13.8474669456	-1
13.8474669456	-1
13.8474669456	-1
13.8890578747	1
13.8890578747	1
13.8890578747	1
13.8890578747	1
13.8890578747	1
13.8890578747	1
13.8890578747	1
13.8890578747	1
13.8892178535	1
13.8892178535	1
13.8892178535	1
13.8892178535	1
13.8892178535	1
13.8892178535	1
13.9200508595	1
13.9200508595	1
13.9577088356	1
14.1838228703	-1
14.2220389843	-1
14.2220389843	-1
14.2220389843	-1
14.2220389843	-1
14.2220389843	-1
14.2220389843	-1
14.2220389843	-1
14.2220389843	-1
14.2244319916	-1
14.2244319916	-1
14.2244319916	-1
14.2244319916	-1
14.2244319916	-1
14.2244319916	-1
14.2244319916	-1
14.2245738506	-1
14.2245738506	-1
14.2245738506	-1
14.2245738506	-1
14.2245738506	-1
14.2245738506	-1
14.2245738506	-1
14.2260570526	1
14.262157917	-1
14.262157917	-1
14.262157917	-1
14.262157917	-1
14.262157917	-1
14.262157917	-1
14.262157917	-1
14.262157917	-1
14.2625060081	-1
14.2625060081	-1
14.2625060081	-1
14.2625060081	-1
14.2625060081	-1
14.2625060081	-1
14.2625060081	-1
14.2964398861	-1
14.2964780331	-1
14.2964780331	-1
14.2964780331	-1
14.2964780331	-1
14.2964780331	-1
14.2964780331	-1
14.2964780331	-1
14.2964780331	-1
14.296931982	-1
14.296931982	-1
14.296931982	-1
14.296931982	-1
14.296931982	-1
14.296931982	-1
14.2992868423	-1
14.2992868423	-1
14.2992868423	-1
14.2992868423	-1
14.2992868423	-1
14.2992868423	-1
14.2992868423	-1
14.2995319366	-1
14.2996549606	-1
14.2996549606	-1
14.2996549606	-1
14.2996549606	-1
14.2996549606	-1
14.2996549606	-1
14.2996549606	-1
14.2996549606	-1
14.2996549606	-1
14.300839901	1
14.3704490662	-1
14.3704490662	-1
14.3704490662	-1
14.3704490662	-1
14.3704490662	-1
14.3705909252	-1
14.3705909252	-1
14.3707969189	-1
14.3707969189	-1
14.3707969189	-1
14.3707969189	-1
14.3707969189	-1
14.3707969189	-1
14.3707969189	-1
14.3710439205	-1
14.3710439205	-1
14.3710439205	-1
14.3710439205	-1
14.3710439205	-1
14.3710439205	-1
14.3710439205	-1
14.3710439205	-1
14.3712909222	-1
14.3785760403	-1
14.3785760403	-1
14.3785760403	-1
14.3785760403	-1
14.3785760403	-1
14.3785760403	-1
14.3785760403	-1
14.3786070347	1
14.37972188	-1
14.3809509277	-1
14.3809509277	-1
14.3809509277	-1
14.3809509277	-1
14.3809509277	-1
14.3809509277	-1
14.3809509277	-1
14.3817079067	-1
14.4029328823	-1
14.4029328823	-1
14.4029328823	-1
14.4029328823	-1
14.4029328823	-1
14.4029328823	-1
14.4029328823	-1
14.4029328823	-1
14.4029328823	-1
14.403277874	-1
14.403277874	-1
14.403277874	-1
14.403277874	-1
14.403277874	-1
14.4034619331	-1
14.4034619331	-1
14.403621912	1
14.403621912	1
14.4036519527	-1
14.4036519527	-1
14.4036519527	-1
14.4036519527	-1
14.4036519527	-1
14.4036519527	-1
14.4036519527	-1
14.4453618526	-1
14.4454329014	-1
14.4454329014	-1
14.4454329014	-1
14.4456069469	-1
14.4456069469	-1
14.4456069469	-1
14.4456069469	-1
14.4456069469	-1
14.4456069469	-1
14.4456069469	-1
14.4456069469	-1
14.4459750652	-1
14.4459750652	-1
14.4459750652	-1
14.4460978508	-1
14.4460978508	-1
14.4460978508	-1
14.4460978508	-1
14.4460978508	-1
14.4460978508	-1
14.4460978508	-1
14.4527218342	-1
14.4528360367	-1
14.4528360367	-1
14.4528360367	-1
14.4528360367	-1
14.4528360367	-1
14.4528360367	-1
14.4528360367	-1
14.4770069122	-1
14.4770069122	-1
14.4770069122	-1
14.4770069122	-1
14.4770069122	-1
14.4770069122	-1
14.4770069122	-1
14.4770069122	-1
14.4770410061	1
14.4770410061	1
14.4773478508	-1
14.4773478508	-1
14.4774720669	-1
14.4774720669	-1
14.4775938988	-1
14.4775938988	-1
14.4775938988	-1
14.4775938988	-1
14.4775938988	-1
14.4775938988	-1
14.4775938988	-1
14.4778389931	-1
14.4778389931	-1
14.4779179096	-1
14.4779179096	-1
14.4780859947	-1
14.4780859947	-1
14.4780859947	-1
14.4780859947	-1
14.4780859947	-1
14.4780859947	-1
14.4780859947	-1
14.4780859947	-1
14.5169398785	-1
14.5169398785	-1
14.5169398785	-1
14.5169398785	-1
14.5169398785	-1
14.5169398785	-1
14.5169398785	-1
14.5169398785	-1
14.5171618462	-1
14.5172820091	-1
14.5172820091	-1
14.5172820091	-1
14.5172820091	-1
14.5172820091	-1
14.5172820091	-1
14.5172820091	-1
14.5172820091	-1
14.5175340176	-1
14.5175340176	-1
14.5906789303	1
14.5906789303	1
14.7639858723	-1
14.8767259121	-1
14.9888000488	-1
14.989910841	1
15.2745170593	-1
15.276059866	-1
15.276059866	-1
15.276059866	-1
15.276059866	-1
15.276059866	-1
15.276059866	-1
15.2762818336	-1
15.2762818336	-1
15.2762818336	-1
15.2762818336	-1
15.2762818336	-1
15.2762818336	-1
15.2762818336	-1
15.2762818336	-1
15.2771840096	-1
15.2771840096	-1
15.2771840096	-1
15.2771840096	-1
15.3143808842	-1
15.315007925	-1
15.315007925	-1
15.3151299953	-1
15.3151299953	-1
15.3151299953	-1
15.3151299953	-1
15.3503079414	-1
15.4169669151	-1
15.4169669151	-1
15.4169669151	-1
15.4169669151	-1
15.4169669151	-1
15.4169669151	-1
15.4728529453	-1
15.5764110088	1
15.5828249454	1
15.5828249454	1
15.5828249454	1
15.5828249454	1
15.5828249454	1
15.5873720646	1
15.5873720646	1
15.6501820087	1
15.9717538357	-1
15.9895138741	-1
15.9895138741	-1
15.9895138741	-1
15.9895138741	-1
15.9895138741	-1
15.9895138741	-1
15.9895138741	-1
15.9895138741	-1
15.9919478893	-1
15.9919478893	-1
15.9919478893	-1
15.9929900169	1
16.0050039291	-1
16.0050039291	-1
16.0050039291	-1
16.0050039291	-1
16.0050039291	-1
16.0050039291	-1
16.0050039291	-1
16.0050039291	-1
16.0457048416	-1
16.0635910034	-1
16.0635910034	-1
16.0635910034	-1
16.0635910034	-1
16.0635910034	-1
16.0669009686	1
16.1125068665	-1
16.1125068665	-1
16.1125068665	-1
16.1125068665	-1
16.1125068665	-1
16.1125068665	-1
16.1125068665	-1
16.1125068665	-1
16.1125068665	-1
16.137693882	-1
16.137693882	-1
16.2108290195	1
16.2846038342	1
16.6705470085	-1
16.8382258415	-1
16.9120428562	-1
16.977463007	-1
16.977463007	-1
16.977463007	-1
16.977463007	-1
16.9859800339	-1
16.9911570549	1
17.4221990108	-1
17.4233679771	1
17.9770860672	-1
17.9834940434	1
17.9891059399	1
17.9891059399	1
18.0572910309	1
18.1629090309	-1
18.5244789124	-1
18.7044508457	-1
18.7783939838	-1
18.8443770409	-1
18.8443770409	-1
18.8443770409	-1
18.8443770409	-1
18.8524029255	-1
18.8567249775	1
19.2938079834	-1
19.2950768471	1
19.733643055	-1
19.738576889	1
19.7413859367	1
19.7413859367	1
19.8125109673	1
19.8678779602	-1
20.2709169388	-1
20.4519729614	-1
20.5258178711	-1
20.5925788879	-1
20.5925788879	-1
20.5925788879	-1
20.5925788879	-1
20.5997788906	-1
20.6062438488	1
21.1763029099	1
