0.0	1
0.111653089523	1
0.834503889084	1
0.946291923523	1
1.05800008774	1
1.34092402458	-1
1.4811398983	-1
1.52887606621	-1
1.52887606621	-1
1.52887606621	-1
1.52887606621	-1
1.52887606621	-1
1.52887606621	-1
1.5624370575	1
1.6744248867	1
1.6744248867	1
2.02298402786	-1
2.02430391312	1
2.13675189018	1
2.53558111191	-1
2.54463100433	1
2.56436491013	1
2.56436491013	1
2.56436491013	1
2.65652608871	-1
2.76844191551	-1
2.92435097694	-1
3.0940990448	-1
3.14189696312	-1
3.14189696312	-1
3.14189696312	-1
3.14189696312	-1
3.14189696312	-1
3.14189696312	-1
3.21024799347	1
3.56109809875	-1
3.56254196167	1
3.67446088791	1
4.00198888779	1
4.00304794312	1
4.00304794312	1
4.00304794312	1
4.11379408836	1
4.13259100914	-1
4.14966487885	1
4.14966487885	1
4.14966487885	1
4.26205897331	-1
4.26209497452	1
4.37416601181	-1
4.37416601181	-1
4.60452508926	-1
4.77420902252	-1
4.82664704323	-1
4.82664704323	-1
4.82664704323	-1
4.82664704323	-1
4.82664704323	-1
4.82664704323	-1
4.82725691795	1
4.99552202225	1
5.00282692909	1
5.00282692909	1
5.00282692909	1
5.00282692909	1
5.00335788727	1
5.00335788727	1
5.0038459301	1
5.0038459301	1
5.00506997108	1
5.00506997108	1
5.00506997108	1
5.10729408264	1
5.28066492081	-1
5.3934469223	-1
5.3934469223	-1
5.39492893219	1
5.50695300102	1
5.90971398354	-1
5.91788601875	1
5.92971301079	1
5.92971301079	1
5.92971301079	1
6.00292897224	1
6.00292897224	1
6.00292897224	1
6.00292897224	1
6.02981710434	-1
6.25899410248	-1
6.41713500023	-1
6.46530103683	-1
6.46530103683	-1
6.46530103683	-1
6.46530103683	-1
6.46530103683	-1
6.46530103683	-1
6.53330898285	1
6.84928107262	-1
6.85049104691	1
6.96227002144	1
7.07392191887	1
7.07392191887	1
7.25558710098	-1
7.4064450264	-1
7.4064450264	-1
7.42360901833	1
7.5354590416	1
7.96771788597	-1
7.97524189949	1
7.97976303101	1
7.97976303101	1
7.97976303101	1
8.00329208374	1
8.00329208374	1
8.00329208374	1
8.00329208374	1
8.08726596832	-1
8.23747491837	-1
8.38621211052	-1
8.56012105942	-1
8.60989809036	-1
8.60989809036	-1
8.60989809036	-1
8.60989809036	-1
8.60989809036	-1
8.60989809036	-1
8.67632102966	1
9.04034209251	-1
9.041492939	1
9.15360593796	1
9.60589003563	-1
9.61282706261	1
9.618475914	1
9.618475914	1
9.618475914	1
9.618475914	1
9.72486495972	-1
10.0140619278	-1
10.5583059788	-1
10.6054151058	-1
10.6054151058	-1
10.6054151058	-1
10.6054151058	-1
10.6054151058	-1
10.6054151058	-1
10.6054151058	-1
10.6054151058	-1
10.6205809116	1
10.7322390079	1
10.7322390079	1
10.8221259117	-1
10.8234779835	1
10.8234779835	1
10.8234779835	1
10.8234779835	1
10.8234779835	1
10.8234779835	1
10.8234779835	1
11.0027399063	-1
11.0526280403	-1
11.0526280403	-1
11.0526280403	-1
11.0526280403	-1
11.1157100201	-1
11.1157100201	-1
11.1175661087	-1
11.1175661087	-1
11.1391580105	-1
11.1391580105	-1
11.1391580105	-1
11.1391580105	-1
11.1759989262	-1
11.1759989262	-1
11.1759989262	-1
11.1762480736	-1
11.1762480736	-1
11.1762480736	-1
11.1762480736	-1
11.1762480736	-1
11.1762480736	-1
11.1762480736	-1
11.1764929295	-1
11.1764929295	-1
11.1764929295	-1
11.1764929295	-1
11.1764929295	-1
11.1764929295	-1
11.1764929295	-1
11.1822988987	-1
11.1822988987	-1
11.1822988987	-1
11.1822988987	-1
11.1822988987	-1
11.1822988987	-1
11.1822988987	-1
11.1822988987	-1
11.2298970222	-1
11.2298970222	-1
11.2298970222	-1
11.2298970222	-1
11.2298970222	-1
11.2298970222	-1
11.2298970222	-1
11.2298970222	-1
11.2298970222	-1
11.2511999607	-1
11.2511999607	-1
11.2511999607	-1
11.2511999607	-1
11.2511999607	-1
11.2511999607	-1
11.2511999607	-1
11.2511999607	-1
11.2884480953	-1
11.2884480953	-1
11.2884480953	-1
11.2884480953	-1
11.2884480953	-1
11.2884480953	-1
11.2884480953	-1
11.2884480953	-1
11.2892279625	-1
11.2892279625	-1
11.2892279625	-1
11.2892279625	-1
11.2892279625	-1
11.2892279625	-1
11.2892279625	-1
11.2892279625	-1
11.2894499302	-1
11.2894499302	-1
11.2894499302	-1
11.2894499302	-1
11.2894499302	-1
11.2894499302	-1
11.2894499302	-1
11.2894499302	-1
11.2903571129	1
11.3343930244	-1
11.3343930244	-1
11.3343930244	-1
11.3343930244	-1
11.3343930244	-1
11.3343930244	-1
11.3343930244	-1
11.3343930244	-1
11.3640038967	-1
11.3640038967	-1
11.3640038967	-1
11.3640038967	-1
11.3640038967	-1
11.4008660316	-1
11.4008660316	-1
11.4008660316	-1
11.4008660316	-1
11.4008660316	-1
11.4008660316	-1
11.4008660316	-1
11.4008660316	-1
11.4012670517	-1
11.4012670517	-1
11.4012670517	-1
11.4012670517	-1
11.4012670517	-1
11.4012670517	-1
11.4012670517	-1
11.4012670517	-1
11.4015140533	-1
11.4015140533	-1
11.4015140533	-1
11.4015140533	-1
11.4015140533	-1
11.4015140533	-1
11.4015140533	-1
11.4015140533	-1
11.4019629955	-1
11.4019629955	-1
11.4019629955	-1
11.4019629955	-1
11.4019629955	-1
11.4019629955	-1
11.4019629955	-1
11.4019629955	-1
11.4025170803	1
11.4467020035	-1
11.4467020035	-1
11.4467020035	-1
11.4467020035	-1
11.4467020035	-1
11.4467020035	-1
11.4467020035	-1
11.4467020035	-1
11.4476618767	-1
11.4476618767	-1
11.4476618767	-1
11.4476618767	-1
11.4476618767	-1
11.4476618767	-1
11.4476618767	-1
11.4476618767	-1
11.5139160156	-1
11.5139160156	-1
11.5139160156	-1
11.5139160156	-1
11.5139160156	-1
11.5139160156	-1
11.5139160156	-1
11.5139160156	-1
11.5140590668	-1
11.5140590668	-1
11.5140590668	-1
11.5140590668	-1
11.5140590668	-1
11.5140590668	-1
11.5140590668	-1
11.5140590668	-1
11.5146090984	1
11.5590600967	-1
11.5590600967	-1
11.5590600967	-1
11.5590600967	-1
11.5590600967	-1
11.5590600967	-1
11.5590600967	-1
11.5590600967	-1
11.559484005	-1
11.559484005	-1
11.559484005	-1
11.559484005	-1
11.559484005	-1
11.559484005	-1
11.559484005	-1
11.559484005	-1
11.5598540306	-1
11.5598540306	-1
11.5598540306	-1
11.5598540306	-1
11.5598540306	-1
11.5598540306	-1
11.5598540306	-1
11.6262669563	1
11.6262669563	1
11.6262669563	1
11.6274080276	1
11.6274080276	1
11.6276159286	1
11.6276159286	1
11.6276159286	1
11.6276159286	1
11.6276159286	1
11.6276159286	1
11.6276159286	1
11.6276159286	1
11.6277840137	1
11.6277840137	1
11.6277840137	1
11.6346549988	1
11.7787098885	1
11.7787098885	1
11.8530659676	-1
11.9104759693	-1
11.9104759693	-1
11.9104759693	-1
11.9105908871	-1
11.9105908871	-1
11.9105908871	-1
11.9105908871	-1
11.9105908871	-1
11.9330759048	-1
11.9330759048	-1
11.9330759048	-1
11.9330759048	-1
11.9330759048	-1
11.9330759048	-1
12.002270937	-1
12.0438649654	-1
12.0438649654	-1
12.0438649654	-1
12.0438649654	-1
12.0438649654	-1
12.0438649654	-1
12.0438649654	-1
12.0438649654	-1
12.0528469086	-1
12.0596530437	-1
12.0596530437	-1
12.0596530437	-1
12.0596530437	-1
12.0596530437	-1
12.0596530437	-1
12.0596530437	-1
12.0596530437	-1
12.060115099	-1
12.060115099	-1
12.060115099	-1
12.060115099	-1
12.060115099	-1
12.060115099	-1
12.060115099	-1
12.0648550987	-1
12.0649709702	-1
12.0649709702	-1
12.0649709702	-1
12.0649709702	-1
12.0649709702	-1
12.0823230743	-1
12.0823230743	-1
12.0823230743	-1
12.0823230743	-1
12.0823230743	-1
12.0823230743	-1
12.0823230743	-1
12.0823230743	-1
12.0893208981	1
12.1561489105	-1
12.1561489105	-1
12.1561489105	-1
12.1561489105	-1
12.1561489105	-1
12.1561489105	-1
12.1561489105	-1
12.1561489105	-1
12.1561489105	-1
12.1565001011	-1
12.1565001011	-1
12.1565001011	-1
12.1565001011	-1
12.1565001011	-1
12.1565001011	-1
12.1565001011	-1
12.1565001011	-1
12.1568689346	-1
12.1568689346	-1
12.1568689346	-1
12.1568689346	-1
12.1568689346	-1
12.1568689346	-1
12.1568689346	-1
12.1568689346	-1
12.1773309708	-1
12.1773309708	-1
12.1773309708	-1
12.1773309708	-1
12.1773309708	-1
12.1773309708	-1
12.1773309708	-1
12.1773309708	-1
12.1776740551	-1
12.1776740551	-1
12.1776740551	-1
12.1776740551	-1
12.1776740551	-1
12.1776740551	-1
12.1776740551	-1
12.2539620399	1
12.2539620399	1
12.2687799931	-1
12.2687799931	-1
12.2687799931	-1
12.2687799931	-1
12.2687799931	-1
12.2687799931	-1
12.2687799931	-1
12.2687799931	-1
12.2690091133	-1
12.2690091133	-1
12.2690091133	-1
12.2690091133	-1
12.2690091133	-1
12.2690091133	-1
12.2690091133	-1
12.2690091133	-1
12.2896099091	-1
12.2896099091	-1
12.2896099091	-1
12.2896099091	-1
12.2896099091	-1
12.2896099091	-1
12.2896099091	-1
12.2896099091	-1
12.2899580002	-1
12.2899580002	-1
12.2899580002	-1
12.2899580002	-1
12.2899580002	-1
12.2899580002	-1
12.2899580002	-1
12.2899580002	-1
12.2903270721	-1
12.2903270721	-1
12.2903270721	-1
12.2903270721	-1
12.2903270721	-1
12.2903270721	-1
12.2903270721	-1
12.2903270721	-1
12.2907760143	-1
12.2907760143	-1
12.2907760143	-1
12.2907760143	-1
12.2907760143	-1
12.2907760143	-1
12.2907760143	-1
12.2907760143	-1
12.3661959171	1
12.4019839764	-1
12.4019839764	-1
12.4019839764	-1
12.4019839764	-1
12.4019839764	-1
12.4019839764	-1
12.4019839764	-1
12.4019839764	-1
12.4019839764	-1
12.4019839764	-1
12.4023139477	-1
12.4023139477	-1
12.4023139477	-1
12.4023139477	-1
12.4023139477	-1
12.4023139477	-1
12.4023139477	-1
12.4023139477	-1
12.4028789997	-1
12.4028789997	-1
12.4028789997	-1
12.4028789997	-1
12.4028789997	-1
12.4028789997	-1
12.4028789997	-1
12.5140480995	1
12.5627939701	-1
12.5627939701	-1
12.5627939701	-1
12.5629389286	-1
12.5629389286	-1
12.5629389286	-1
12.5629389286	-1
12.5629389286	-1
12.6261339188	-1
12.6261339188	-1
12.6261680126	1
12.6445839405	-1
12.6445839405	-1
12.6445839405	-1
12.6447520256	-1
12.6447520256	-1
12.6447520256	-1
12.6447520256	-1
12.6447520256	-1
12.6600658894	-1
12.6600658894	-1
12.6600658894	-1
12.6600658894	-1
12.6658411026	-1
12.6658411026	-1
12.6658411026	-1
12.6658411026	-1
12.6658411026	-1
12.6658411026	-1
12.7051000595	-1
12.7063410282	1
12.7063410282	1
12.7063410282	1
12.706389904	-1
12.706389904	-1
12.706389904	-1
12.706389904	-1
12.706389904	-1
12.706389904	-1
12.706389904	-1
12.706389904	-1
12.7068629265	-1
12.7068629265	-1
12.7068629265	-1
12.7068629265	-1
12.7068629265	-1
12.7068629265	-1
12.7068629265	-1
12.7568290234	-1
12.7568290234	-1
12.7568290234	-1
12.7568290234	-1
12.7568290234	-1
12.7568290234	-1
12.7568290234	-1
12.7568290234	-1
12.7568290234	-1
12.7571780682	-1
12.7571780682	-1
12.7571780682	-1
12.7571780682	-1
12.7571780682	-1
12.7571780682	-1
12.7571780682	-1
12.7571780682	-1
12.8508501053	-1
12.9644041061	1
12.9644470215	1
12.9644470215	1
12.9644470215	1
13.0028839111	1
13.0028839111	1
13.0028839111	1
13.0763640404	1
13.0798149109	-1
13.1009089947	-1
13.1009089947	-1
13.1009089947	-1
13.1009089947	-1
13.1009089947	-1
13.1009089947	-1
13.1009089947	-1
13.1212248802	-1
13.1212248802	-1
13.1918540001	-1
13.1925649643	1
13.3042628765	-1
13.4122281075	-1
13.4122281075	-1
13.4122281075	-1
13.4900460243	-1
13.4900460243	-1
13.511713028	-1
13.511713028	-1
13.511713028	-1
13.511713028	-1
13.511713028	-1
13.511713028	-1
13.511713028	-1
13.511713028	-1
13.5119409561	-1
13.5119409561	-1
13.5119409561	-1
13.5119409561	-1
13.5119409561	-1
13.5119409561	-1
13.6260108948	-1
13.6260108948	-1
13.6260108948	-1
13.6260108948	-1
13.6260108948	-1
13.6260108948	-1
13.6260108948	-1
13.6260108948	-1
13.6761209965	1
13.7879240513	1
14.19064188	-1
14.212086916	-1
14.212086916	-1
14.212086916	-1
14.212086916	-1
14.212086916	-1
14.212086916	-1
14.212086916	-1
14.2324988842	-1
14.3239350319	-1
14.3248519897	1
14.4366009235	1
14.6881549358	-1
14.7301259041	-1
14.7301259041	-1
14.7301259041	-1
14.7301259041	-1
14.7301259041	-1
14.7301259041	-1
14.7301259041	-1
14.7301259041	-1
14.842566967	1
14.9553499222	1
14.9553499222	1
15.3091430664	-1
15.4785130024	-1
15.5085029602	-1
15.5085029602	-1
15.5085029602	-1
15.5085029602	-1
15.5085029602	-1
15.5085029602	-1
15.5952920914	1
15.9447619915	-1
15.9459609985	1
16.3174939156	-1
16.3229138851	1
16.3311169147	1
16.3311169147	1
16.3311169147	1
16.4351019859	-1
16.6951270103	-1
16.8681640625	-1
16.915899992	-1
16.915899992	-1
16.915899992	-1
16.915899992	-1
16.915899992	-1
16.915899992	-1
16.9844501019	1
17.0963299274	1
17.3669409752	-1
17.368158102	1
17.7311139107	-1
17.7363409996	1
17.743407011	1
17.743407011	1
17.743407011	1
17.8482129574	-1
18.1268219948	-1
18.2925610542	-1
18.3408329487	-1
18.3408329487	-1
18.3408329487	-1
18.3408329487	-1
18.3408329487	-1
18.3408329487	-1
18.4086689949	1
18.7580161095	-1
18.7592101097	1
19.1604619026	-1
19.1657390594	1
19.1736609936	1
19.1736609936	1
19.1736609936	1
19.2776041031	-1
19.530162096	-1
19.7013828754	-1
19.7488319874	-1
19.7488319874	-1
19.7488319874	-1
19.7488319874	-1
19.7488319874	-1
19.7488319874	-1
19.8175899982	1
19.9497199059	1
