0.0	1
0.112658023834	1
0.887964963913	1
1.00380897522	1
1.49879717827	-1
1.65328907967	-1
1.75062298775	-1
1.75062298775	-1
1.75062298775	-1
1.75062298775	-1
1.87834715843	-1
1.87834715843	-1
1.88357305527	1
2.00070214272	1
2.41263413429	-1
2.41390109062	1
2.52547597885	1
3.00168704987	1
3.11449813843	1
3.11495113373	-1
3.13314914703	1
3.13314914703	1
3.13314914703	1
3.24486517906	1
3.25596213341	-1
3.8310520649	-1
3.98918199539	-1
4.00275397301	1
4.0032491684	1
4.0032491684	1
4.0032491684	1
4.10103607178	-1
4.13072896004	-1
4.13072896004	-1
4.13072896004	-1
4.13072896004	-1
4.13072896004	-1
4.23111915588	1
4.35820913315	-1
4.85529112816	-1
4.85665512085	1
5.00390315056	1
5.00390315056	1
5.00390315056	1
5.00390315056	1
5.00390315056	1
5.0043129921	1
5.00990414619	1
5.35492300987	-1
5.5061621666	-1
5.63785600662	-1
5.64487409592	1
5.653673172	1
5.653673172	1
5.653673172	1
5.77794909477	-1
6.00408196449	1
6.00468301773	1
6.00468301773	1
6.00468301773	1
6.00532698631	1
6.00532698631	1
6.00532698631	1
6.00532698631	1
6.28649806976	-1
6.42797803879	-1
6.48039197922	-1
6.48039197922	-1
6.48039197922	-1
6.56869602203	-1
6.56869602203	-1
6.56869602203	-1
6.56869602203	-1
6.56869602203	-1
6.65574407578	1
6.76315903664	-1
7.00408697128	1
7.11572217941	1
7.19978499413	-1
7.22724103928	1
7.22724103928	1
7.36604905128	-1
8.00551509857	1
8.15853905678	1
9.00517511368	1
9.11680412292	1
10.0054311752	1
10.1174211502	1
12.6218969822	-1
12.631911993	1
12.6409499645	1
12.6409499645	1
12.6409499645	1
12.8040950298	-1
13.3508141041	-1
13.5071930885	-1
13.601498127	-1
13.601498127	-1
13.601498127	-1
13.6189801693	-1
13.6189801693	-1
13.731290102	-1
13.7345430851	1
14.0062019825	1
14.1177861691	1
14.2409579754	-1
14.2422189713	1
14.3824579716	-1
14.3824930191	1
14.5347900391	1
14.5409090519	-1
14.9991631508	-1
15.0075521469	1
15.0170331001	1
15.0170331001	1
15.0170331001	1
15.1758110523	-1
16.0068080425	1
16.0069739819	1
16.0069739819	1
16.0069739819	1
16.3609011173	-1
16.5017831326	-1
18.648499012	-1
18.8079941273	-1
18.9128379822	-1
18.9128379822	-1
18.9128379822	-1
18.9219889641	-1
19.033741951	-1
19.033741951	-1
19.0379490852	1
19.5502531528	-1
19.5514330864	1
19.6635611057	1
20.2611351013	-1
20.2672610283	1
20.271435976	1
20.271435976	1
20.271435976	1
20.4000351429	-1
20.9834179878	-1
21.1648759842	-1
21.2784891129	-1
21.3069131374	-1
21.3069131374	-1
21.3069131374	-1
21.3069131374	-1
21.3069131374	-1
21.3950061798	1
21.9021749496	-1
21.9033410549	1
22.0148730278	1
22.6098051071	-1
22.6168751717	1
22.6224050522	1
22.6224050522	1
22.6224050522	1
22.6224050522	1
22.7505271435	-1
23.1282880306	-1
23.5702021122	-1
23.670689106	-1
23.670689106	-1
23.670689106	-1
23.670689106	-1
23.6709110737	-1
23.6709110737	-1
23.6941690445	1
23.7112150192	-1
23.7112150192	-1
23.7112150192	-1
23.7112150192	-1
23.8058180809	1
23.8058180809	1
25.0541441441	-1
25.0553090572	1
25.0554800034	1
25.0554800034	1
25.0554800034	1
25.0554800034	1
25.0554800034	1
25.0554800034	1
25.1952781677	-1
25.3466949463	-1
25.5316381454	-1
25.5606081486	-1
25.5606081486	-1
25.5606081486	-1
25.5606081486	-1
25.5606081486	-1
25.5606081486	-1
25.5606081486	-1
25.5606081486	-1
25.6251449585	-1
25.6255371571	-1
25.6255371571	-1
25.6255371571	-1
25.6255371571	-1
25.625658989	-1
25.625658989	-1
25.625658989	-1
25.6259880066	-1
25.626019001	-1
25.626019001	-1
25.626019001	-1
25.626019001	-1
25.626019001	-1
25.626019001	-1
25.626019001	-1
25.6723070145	-1
25.6723070145	-1
25.6723070145	-1
25.6723070145	-1
25.6723070145	-1
25.6723070145	-1
25.6723070145	-1
25.6723070145	-1
25.6723070145	-1
25.6726810932	-1
25.6726810932	-1
25.6726810932	-1
25.6726810932	-1
25.6726810932	-1
25.6726810932	-1
25.6729271412	-1
25.6729271412	-1
25.7375941277	-1
25.7375941277	-1
25.7375941277	-1
25.7375941277	-1
25.7375941277	-1
25.7375941277	-1
25.7553679943	-1
25.7563149929	1
25.7657921314	-1
25.7657921314	-1
25.7657921314	-1
25.7657921314	-1
25.7657921314	-1
25.7657921314	-1
25.7657921314	-1
25.7657921314	-1
25.7657921314	-1
25.7662460804	-1
25.7662460804	-1
25.7662460804	-1
25.7662460804	-1
25.7662460804	-1
25.7662460804	-1
25.766698122	-1
25.766698122	-1
25.766698122	-1
25.766698122	-1
25.766698122	-1
25.766698122	-1
25.766698122	-1
25.766698122	-1
25.8126881123	-1
25.8126881123	-1
25.8129360676	-1
25.8129360676	-1
25.8129360676	-1
25.8129360676	-1
25.8129360676	-1
25.8129360676	-1
25.8129360676	-1
25.8129360676	-1
25.8134691715	-1
25.8134691715	-1
25.8134691715	-1
25.8134691715	-1
25.8134691715	-1
25.8134691715	-1
25.8134691715	-1
25.8134691715	-1
25.8136219978	-1
25.8136219978	-1
25.8136219978	-1
25.8136219978	-1
25.8136219978	-1
25.8136219978	-1
25.8136219978	-1
25.8495931625	-1
25.8495931625	-1
25.8496329784	-1
25.8496329784	-1
25.8496329784	-1
25.8496329784	-1
25.8496329784	-1
25.8496329784	-1
25.8496329784	-1
25.8685460091	-1
25.8685460091	-1
25.8685460091	-1
25.8685460091	-1
25.8685460091	-1
25.8685460091	-1
25.8685460091	-1
25.8685810566	1
25.8685810566	1
25.8780369759	-1
25.9041121006	-1
25.9041121006	-1
25.9041121006	-1
25.9041121006	-1
25.9041121006	-1
25.9041121006	-1
25.9041121006	-1
25.9041121006	-1
25.90747118	-1
25.9077680111	-1
25.9077680111	-1
25.9077680111	-1
25.9077680111	-1
25.9077680111	-1
25.9077680111	-1
25.9077680111	-1
25.9080750942	-1
25.9080750942	-1
25.9086689949	-1
25.9086689949	-1
25.9086689949	-1
25.9089961052	-1
25.9250400066	-1
25.9250400066	-1
25.9250400066	-1
25.9250400066	-1
25.9250400066	-1
25.9251551628	-1
25.9252769947	-1
25.9252769947	-1
25.9252769947	-1
25.9252769947	-1
25.9252769947	-1
25.9256670475	-1
25.9256670475	-1
25.9256670475	-1
25.925809145	-1
25.925809145	-1
25.925809145	-1
25.925809145	-1
25.925809145	-1
25.925809145	-1
25.925809145	-1
25.925809145	-1
25.9270820618	1
25.9270820618	1
25.9270820618	1
25.9565720558	-1
25.9565720558	-1
25.9565720558	-1
25.9565720558	-1
25.9565720558	-1
25.9565720558	-1
25.9565720558	-1
25.9568400383	-1
25.9571681023	-1
25.9571681023	-1
25.9571681023	-1
25.9634521008	-1
25.9634521008	-1
25.9635691643	-1
25.9635691643	-1
25.9635691643	-1
25.9635691643	-1
25.9635691643	-1
25.9635691643	-1
25.9635691643	-1
25.9635691643	-1
25.990021944	1
26.0081579685	1
26.0081579685	1
26.0081579685	1
26.0081579685	1
26.0081579685	1
26.0081579685	1
26.0081579685	1
26.0081579685	1
26.0081579685	1
26.0083100796	1
26.0083100796	1
26.0083100796	1
26.0083100796	1
26.0083100796	1
26.3462240696	-1
26.4021379948	-1
26.4021379948	-1
26.4021379948	-1
26.4021379948	-1
26.4021379948	-1
26.4021379948	-1
26.4021379948	-1
26.4021379948	-1
26.4021379948	-1
26.4027841091	-1
26.4027841091	-1
26.4027841091	-1
26.4027841091	-1
26.4027841091	-1
26.4027841091	-1
26.4029610157	-1
26.4029610157	-1
26.4029610157	-1
26.4029610157	-1
26.4029610157	-1
26.4029610157	-1
26.4029610157	-1
26.4034221172	-1
26.4034221172	-1
26.4034221172	-1
26.4034221172	-1
26.4034500122	-1
26.4034500122	-1
26.4034500122	-1
26.4034500122	-1
26.4034500122	-1
26.4034500122	-1
26.4034500122	-1
26.4111039639	1
26.4119200706	-1
26.4119200706	-1
26.4119200706	-1
26.4119200706	-1
26.4119200706	-1
26.4119200706	-1
26.4119200706	-1
26.4119200706	-1
26.5031671524	-1
26.5031671524	-1
26.5031671524	-1
26.5031671524	-1
26.5031671524	-1
26.5031671524	-1
26.5031671524	-1
26.5140991211	-1
26.5141971111	-1
26.5141971111	-1
26.5141971111	-1
26.5141971111	-1
26.5141971111	-1
26.5228700638	1
26.5450439453	-1
26.5450439453	-1
26.5450439453	-1
26.5450439453	-1
26.5450439453	-1
26.5450439453	-1
26.5456311703	-1
26.5456311703	-1
26.5456311703	-1
26.5456311703	-1
26.5462200642	-1
26.5469141006	-1
26.5469141006	-1
26.5469141006	-1
26.5469141006	-1
26.5469141006	-1
26.5469141006	-1
26.5469141006	-1
26.5471570492	-1
26.5471570492	-1
26.5471570492	-1
26.5474860668	-1
26.5478949547	-1
26.5478949547	-1
26.5478949547	-1
26.5481009483	-1
26.5481009483	-1
26.5481009483	-1
26.5481009483	-1
26.5481009483	-1
26.5481009483	-1
26.5481009483	-1
26.5483441353	-1
26.5483441353	-1
26.5483441353	-1
26.5485310555	-1
26.5493381023	-1
26.5493381023	-1
26.5493381023	-1
26.5493381023	-1
26.5493381023	-1
26.5493381023	-1
26.5493381023	-1
26.5493381023	-1
26.561948061	-1
26.561948061	-1
26.561948061	-1
26.561948061	-1
26.561948061	-1
26.561948061	-1
26.561948061	-1
26.6158239841	-1
26.6158239841	-1
26.6158239841	-1
26.6158239841	-1
26.6158239841	-1
26.6158239841	-1
26.6265161037	-1
26.6265521049	-1
26.6265521049	-1
26.626760006	-1
26.626760006	-1
26.626760006	-1
26.626760006	-1
26.626760006	-1
26.626760006	-1
26.626760006	-1
26.6270051003	-1
26.6270051003	-1
26.6573991776	-1
26.6573991776	-1
26.6573991776	-1
26.6573991776	-1
26.6573991776	-1
26.6573991776	-1
26.657430172	1
26.657430172	1
26.6576199532	-1
26.6576199532	-1
26.6576199532	-1
26.6576199532	-1
26.6576199532	-1
26.6576199532	-1
26.6576199532	-1
26.6576199532	-1
26.6582140923	-1
26.6582140923	-1
26.6582140923	-1
26.6589951515	-1
26.6591150761	-1
26.6591150761	-1
26.6591150761	-1
26.6593430042	-1
26.6593430042	-1
26.6593430042	-1
26.6593430042	-1
26.6593430042	-1
26.6593430042	-1
26.6593430042	-1
26.6597299576	-1
26.6597299576	-1
26.6599140167	-1
26.6834821701	-1
26.6834821701	-1
26.6834821701	-1
26.6834821701	-1
26.6834821701	-1
26.6834821701	-1
26.6836211681	-1
26.6836211681	-1
26.6836211681	-1
26.6836211681	-1
26.6836211681	-1
26.6842210293	-1
26.6842210293	-1
26.6842210293	-1
26.6842210293	-1
26.6842210293	-1
26.6842210293	-1
26.6842210293	-1
26.6842210293	-1
26.6843700409	-1
26.6843700409	-1
26.6843700409	-1
26.6843700409	-1
26.6848990917	-1
26.6848990917	-1
26.6848990917	-1
26.6848990917	-1
26.6848990917	-1
26.6848990917	-1
26.6848990917	-1
26.6848990917	-1
26.7277970314	-1
26.7277970314	-1
26.7279031277	-1
26.7279031277	-1
26.7279031277	-1
26.7279419899	-1
26.7279419899	-1
26.7279419899	-1
26.7279419899	-1
26.7279419899	-1
26.7279419899	-1
26.7289631367	1
26.7289631367	1
26.7289631367	1
26.7386820316	-1
26.7386820316	-1
26.7387161255	-1
26.7387161255	-1
26.7387161255	-1
26.7387161255	-1
26.7387161255	-1
26.7387161255	-1
26.8848280907	-1
26.8848640919	1
26.8848640919	1
27.0961561203	1
27.300194025	-1
27.4437439442	-1
27.4437439442	-1
27.4437439442	-1
27.4437439442	-1
27.4437439442	-1
27.4437439442	-1
27.4437439442	-1
27.4546051025	-1
27.4549970627	-1
27.4549970627	-1
27.4549970627	-1
27.4559121132	-1
27.4559121132	-1
27.4559121132	-1
27.4559121132	-1
27.4559121132	-1
27.4559121132	-1
27.4559121132	-1
27.4565551281	-1
27.4565551281	-1
27.4565551281	-1
27.4565551281	-1
27.4565551281	-1
27.4565551281	-1
27.4565551281	-1
27.4596819878	-1
27.4596819878	-1
27.4597270489	-1
27.4597270489	-1
27.4597270489	-1
27.4597270489	-1
27.4637970924	-1
27.5006220341	-1
27.5006220341	-1
27.5006220341	-1
27.5006220341	-1
27.5006220341	-1
27.5006220341	-1
27.5821809769	-1
27.5821809769	-1
27.5821809769	-1
27.815155983	1
27.8174090385	1
27.8174090385	1
27.8174090385	1
27.8174090385	1
27.8174090385	1
27.8174090385	1
27.8224601746	1
27.8224601746	1
28.2199959755	-1
28.3257989883	-1
28.3257989883	-1
28.3257989883	-1
28.3260769844	-1
28.3260769844	-1
28.3260769844	-1
28.3260769844	-1
28.3260769844	-1
28.3260769844	-1
28.3267140388	-1
28.3267140388	-1
28.3267140388	-1
28.3268959522	-1
28.3268959522	-1
28.3268959522	-1
28.3268959522	-1
28.3268959522	-1
28.3268959522	-1
28.3268959522	-1
28.3319220543	-1
28.3527951241	-1
28.3527951241	-1
28.3527951241	-1
28.3527951241	-1
28.3527951241	-1
28.3527951241	-1
28.4477441311	-1
28.4477441311	-1
28.4481699467	-1
28.4487450123	1
28.5004839897	-1
28.5004839897	-1
28.5004839897	-1
28.5004839897	-1
28.5004839897	-1
28.5004839897	-1
28.5004839897	-1
28.6402611732	1
28.7578501701	1
29.17151618	-1
29.3151540756	-1
29.315623045	1
29.4317691326	-1
29.4540381432	-1
29.4540381432	-1
29.4540381432	-1
29.4540381432	-1
29.4540381432	-1
29.5758621693	1
30.0824050903	-1
30.083673954	1
30.5962409973	-1
30.601637125	1
30.6105771065	1
30.6105771065	1
30.6105771065	1
30.7338521481	-1
31.3195221424	-1
31.4783530235	-1
31.5948741436	-1
31.6174840927	-1
31.6174840927	-1
31.6174840927	-1
31.6174840927	-1
31.6174840927	-1
31.7086851597	1
32.2173249722	-1
32.2184669971	1
32.7253620625	-1
32.7361769676	1
32.7445189953	1
32.7445189953	1
32.7445189953	1
32.8653900623	-1
33.451677084	-1
33.6101150513	-1
33.6937961578	1
33.7237839699	-1
33.7511680126	-1
33.7511680126	-1
33.7511680126	-1
33.7511680126	-1
33.7511680126	-1
