0.0	1
0.111562013626	1
0.159090995789	-1
0.263205051422	-1
0.263205051422	-1
0.263205051422	-1
0.263252019882	-1
0.263252019882	-1
0.263252019882	-1
0.263252019882	-1
0.263252019882	-1
0.263252019882	-1
0.263252019882	-1
0.382741928101	-1
0.385803937912	1
0.54265499115	-1
0.543401002884	1
0.687848091125	-1
0.689783096313	-1
0.689783096313	-1
0.689783096313	-1
0.689783096313	-1
0.689783096313	-1
0.689783096313	-1
0.689783096313	-1
0.689783096313	-1
0.689913988113	-1
0.689913988113	-1
0.689913988113	-1
0.689913988113	-1
0.689913988113	-1
0.689913988113	-1
0.689913988113	-1
0.711913108826	-1
0.711913108826	-1
0.712079048157	-1
0.712079048157	-1
0.712079048157	-1
0.712079048157	-1
0.712079048157	-1
0.712079048157	-1
0.712079048157	-1
0.712079048157	-1
0.765172958374	1
0.774986028671	1
0.774986028671	1
0.774986028671	1
0.802877902985	-1
0.802877902985	-1
0.802877902985	-1
0.802943944931	-1
0.802943944931	-1
0.802943944931	-1
0.802943944931	-1
0.802943944931	-1
0.802943944931	-1
0.802943944931	-1
0.803230047226	-1
0.803353071213	-1
0.803353071213	-1
0.803353071213	-1
0.803353071213	-1
0.803353071213	-1
0.803353071213	-1
0.803353071213	-1
0.82395195961	-1
0.82395195961	-1
0.82395195961	-1
0.82395195961	-1
0.82395195961	-1
0.82395195961	-1
0.82395195961	-1
0.824187040329	-1
0.824187040329	-1
0.824187040329	-1
1.05833101273	-1
1.05833101273	-1
1.05833101273	-1
1.0583820343	-1
1.0583820343	-1
1.0583820343	-1
1.0583820343	-1
1.0583820343	-1
1.0583820343	-1
1.0583820343	-1
1.07241797447	-1
1.18458390236	-1
1.18573594093	1
1.29648804665	-1
1.29648804665	-1
1.29648804665	-1
1.29659700394	-1
1.29659700394	-1
1.29659700394	-1
1.29659700394	-1
1.29659700394	-1
1.29659700394	-1
1.29659700394	-1
1.29684305191	-1
1.29732108116	1
1.44902396202	1
1.60986399651	-1
1.61139988899	1
1.6115219593	1
1.6115219593	1
1.6115219593	1
1.9298388958	-1
1.93039703369	-1
1.93039703369	-1
1.93039703369	-1
1.93039703369	-1
1.93039703369	-1
1.93039703369	-1
1.93039703369	-1
1.94678592682	-1
1.94678592682	-1
1.94678592682	-1
1.94678592682	-1
1.94678592682	-1
1.94678592682	-1
1.94678592682	-1
1.94678592682	-1
1.9903678894	1
2.04235291481	-1
2.04235291481	-1
2.04235291481	-1
2.04235291481	-1
2.04235291481	-1
2.04235291481	-1
2.04235291481	-1
2.04235291481	-1
2.05877709389	-1
2.05877709389	-1
2.05877709389	-1
2.05877709389	-1
2.05877709389	-1
2.05877709389	-1
2.05877709389	-1
2.05877709389	-1
2.1543469429	-1
2.1543469429	-1
2.15445303917	-1
2.15445303917	-1
2.15445303917	-1
2.15445303917	-1
2.15445303917	-1
2.15445303917	-1
2.17062902451	-1
2.17062902451	-1
2.17062902451	-1
2.17062902451	-1
2.17062902451	-1
2.17062902451	-1
2.17062902451	-1
2.17062902451	-1
2.17090296745	-1
2.17090296745	-1
2.17090296745	-1
2.17090296745	-1
2.17090296745	-1
2.17090296745	-1
2.17090296745	-1
2.17090296745	-1
2.17163896561	1
2.28266596794	-1
2.28266596794	-1
2.28266596794	-1
2.28266596794	-1
2.28266596794	-1
2.28266596794	-1
2.28266596794	-1
2.28266596794	-1
2.28280806541	-1
2.28301692009	-1
2.28301692009	-1
2.28301692009	-1
2.28301692009	-1
2.28301692009	-1
2.28301692009	-1
2.28301692009	-1
2.28381800652	-1
2.37843298912	-1
2.37843298912	-1
2.37843298912	-1
2.37843298912	-1
2.37843298912	-1
2.37843298912	-1
2.37843298912	-1
2.39484095573	-1
2.39495301247	-1
2.39495301247	-1
2.39495301247	-1
2.39495301247	-1
2.39495301247	-1
2.39495301247	-1
2.39519906044	-1
2.39519906044	-1
2.39519906044	-1
2.39519906044	-1
2.39519906044	-1
2.39519906044	-1
2.39519906044	-1
2.39519906044	-1
2.49035906792	-1
2.49035906792	-1
2.49035906792	-1
2.49047803879	-1
2.49047803879	-1
2.49047803879	-1
2.49047803879	-1
2.49047803879	-1
2.49153089523	1
2.50682497025	-1
2.50682497025	-1
2.50682497025	-1
2.50682497025	-1
2.50682497025	-1
2.50682497025	-1
2.50682497025	-1
2.50682497025	-1
2.50717496872	-1
2.50717496872	-1
2.50717496872	-1
2.50717496872	-1
2.50717496872	-1
2.50717496872	-1
2.50717496872	-1
2.50717496872	-1
2.60253596306	-1
2.60253596306	-1
2.60253596306	-1
2.60253596306	-1
2.60253596306	-1
2.60253596306	-1
2.60253596306	-1
2.60253596306	-1
2.60253596306	-1
2.60355997086	1
2.61880302429	-1
2.61880302429	-1
2.61880302429	-1
2.61880302429	-1
2.61880302429	-1
2.61880302429	-1
2.61880302429	-1
2.61880302429	-1
2.61915302277	-1
2.61915302277	-1
2.61915302277	-1
2.61915302277	-1
2.61915302277	-1
2.61915302277	-1
2.61915302277	-1
2.61915302277	-1
2.62005090714	-1
2.62005090714	-1
2.62005090714	-1
2.62005090714	-1
2.62005090714	-1
2.62005090714	-1
2.62005090714	-1
2.62005090714	-1
2.62256002426	1
2.62256002426	1
2.62256002426	1
2.62256002426	1
2.62371611595	1
2.62371611595	1
2.71468806267	-1
2.71468806267	-1
2.71468806267	-1
2.71468806267	-1
2.71468806267	-1
2.71468806267	-1
2.71468806267	-1
2.7308011055	-1
2.7308011055	-1
2.7308011055	-1
2.7308011055	-1
2.7308011055	-1
2.7308011055	-1
2.7308011055	-1
2.7308011055	-1
2.73115611076	-1
2.73434305191	1
2.73434305191	1
2.73434305191	1
2.73434305191	1
2.73434305191	1
2.73434305191	1
2.73434305191	1
2.73434305191	1
2.83258199692	-1
2.83258199692	-1
2.83258199692	-1
2.83359408379	-1
2.83359408379	-1
2.83385491371	-1
2.83385491371	-1
2.83385491371	-1
2.83385491371	-1
2.83385491371	-1
2.83385491371	-1
2.83409810066	-1
2.83409810066	-1
2.83409810066	-1
2.83409810066	-1
2.83409810066	-1
2.83409810066	-1
2.83409810066	-1
2.84805989265	-1
2.84805989265	-1
2.84805989265	-1
2.84820890427	-1
2.84820890427	-1
2.84820890427	-1
2.84820890427	-1
2.8869099617	-1
2.88718008995	-1
2.88718008995	-1
2.88718008995	-1
2.88718008995	-1
2.88718008995	-1
2.88718008995	-1
2.88718008995	-1
2.88718008995	-1
2.88905405998	1
2.88905405998	1
2.88905405998	1
2.88994908333	1
2.88994908333	1
2.90335202217	-1
2.95462298393	1
2.99064993858	1
2.99064993858	1
2.99064993858	1
2.99064993858	1
2.99064993858	1
2.99064993858	1
2.99064993858	1
3.05321192741	-1
3.05321192741	-1
3.05321192741	-1
3.05393791199	-1
3.05393791199	-1
3.05418395996	-1
3.05418395996	-1
3.05418395996	-1
3.05418395996	-1
3.05418395996	-1
3.05418395996	-1
3.05418395996	-1
3.05418395996	-1
3.05418395996	-1
3.05546092987	-1
3.05546092987	-1
3.05546092987	-1
3.05546092987	-1
3.05546092987	-1
3.05546092987	-1
3.05546092987	-1
3.05546092987	-1
3.06943511963	-1
3.06943511963	-1
3.06943511963	-1
3.06943511963	-1
3.06943511963	-1
3.06943511963	-1
3.06943511963	-1
3.06943511963	-1
3.07008695602	-1
3.07056498528	-1
3.07056498528	-1
3.07056498528	-1
3.07056498528	-1
3.07056498528	-1
3.07085108757	-1
3.07085108757	-1
3.07085108757	-1
3.16589188576	-1
3.16589188576	-1
3.16599607468	-1
3.16599607468	-1
3.16599607468	-1
3.16599607468	-1
3.16599607468	-1
3.16599607468	-1
3.16599607468	-1
3.16599607468	-1
3.1663839817	-1
3.1663839817	-1
3.1663839817	-1
3.1663839817	-1
3.1663839817	-1
3.1663839817	-1
3.1663839817	-1
3.1663839817	-1
3.16761493683	-1
3.16761493683	-1
3.16761493683	-1
3.16761493683	-1
3.16761493683	-1
3.16761493683	-1
3.16761493683	-1
3.16761493683	-1
3.16786003113	-1
3.17858791351	-1
3.17858791351	-1
3.17858791351	-1
3.17858791351	-1
3.17858791351	-1
3.17858791351	-1
3.17858791351	-1
3.17858791351	-1
3.1786210537	1
3.18239402771	-1
3.18239402771	-1
3.18239402771	-1
3.18239402771	-1
3.18239402771	-1
3.18239402771	-1
3.18253397942	-1
3.18253397942	-1
3.18253397942	-1
3.18274593353	-1
3.18274593353	-1
3.18277192116	-1
3.18277192116	-1
3.18277192116	-1
3.18277192116	-1
3.18277192116	-1
3.18277192116	-1
3.18277192116	-1
3.27813601494	-1
3.27817296982	-1
3.27817296982	-1
3.27817296982	-1
3.27817296982	-1
3.27817296982	-1
3.27817296982	-1
3.27817296982	-1
3.27850389481	-1
3.27934789658	-1
3.27934789658	-1
3.27934789658	-1
3.27934789658	-1
3.27934789658	-1
3.27934789658	-1
3.27934789658	-1
3.27934789658	-1
3.27969288826	-1
3.27969288826	-1
3.27969288826	-1
3.27969288826	-1
3.27969288826	-1
3.27969288826	-1
3.27969288826	-1
3.27969288826	-1
3.27993893623	-1
3.27993893623	-1
3.27993893623	-1
3.27993893623	-1
3.27993893623	-1
3.27993893623	-1
3.27993893623	-1
3.27993893623	-1
3.29066896439	-1
3.29066896439	-1
3.29066896439	-1
3.29066896439	-1
3.29066896439	-1
3.29066896439	-1
3.29066896439	-1
3.29066896439	-1
3.29070305824	1
3.29439306259	-1
3.29439306259	-1
3.29439306259	-1
3.29439306259	-1
3.29439306259	-1
3.29439306259	-1
3.29439306259	-1
3.2947640419	-1
3.2947640419	-1
3.29478693008	-1
3.29478693008	-1
3.29478693008	-1
3.29478693008	-1
3.29478693008	-1
3.29478693008	-1
3.29478693008	-1
3.29478693008	-1
3.39004898071	-1
3.39004898071	-1
3.39004898071	-1
3.39004898071	-1
3.39004898071	-1
3.39004898071	-1
3.39004898071	-1
3.39004898071	-1
3.39039993286	-1
3.39039993286	-1
3.39039993286	-1
3.39039993286	-1
3.39039993286	-1
3.39039993286	-1
3.39039993286	-1
3.39039993286	-1
3.39138388634	-1
3.39141798019	-1
3.39141798019	-1
3.39141798019	-1
3.39141798019	-1
3.39141798019	-1
3.39141798019	-1
3.39141798019	-1
3.39141798019	-1
3.39191508293	-1
3.39191508293	-1
3.39191508293	-1
3.39191508293	-1
3.39191508293	-1
3.39191508293	-1
3.39191508293	-1
3.39191508293	-1
3.39216208458	-1
3.39216208458	-1
3.39216208458	-1
3.39216208458	-1
3.39216208458	-1
3.39216208458	-1
3.39216208458	-1
3.39216208458	-1
3.40267705917	-1
3.40267705917	-1
3.40267705917	-1
3.40267705917	-1
3.40267705917	-1
3.40267705917	-1
3.40267705917	-1
3.40267705917	-1
3.40270900726	1
3.40270900726	1
3.40556406975	-1
3.40556406975	-1
3.40556406975	-1
3.40556406975	-1
3.40556406975	-1
3.40556406975	-1
3.44560408592	1
3.44560408592	1
3.44560408592	1
3.44560408592	1
3.55745410919	1
3.8024148941	1
3.86091899872	-1
3.89109301567	-1
3.89109301567	-1
3.89109301567	-1
3.89308905602	-1
3.89308905602	-1
3.89308905602	-1
3.89308905602	-1
3.89308905602	-1
3.89308905602	-1
3.89308905602	-1
3.89308905602	-1
3.90007710457	-1
3.90007710457	-1
3.90007710457	-1
3.914041996	1
3.914041996	1
3.99021410942	1
3.99021410942	1
3.99021410942	1
3.99021410942	1
3.99202394485	1
3.99202394485	1
3.99202394485	1
3.99202394485	1
3.99202394485	1
3.99202394485	1
3.99202394485	1
4.00309896469	-1
4.02597403526	1
4.02597403526	1
4.09713697433	-1
4.09713697433	-1
4.09713697433	-1
4.09724092484	-1
4.09724092484	-1
4.09724092484	-1
4.09724092484	-1
4.09724092484	-1
4.09724092484	-1
4.09724092484	-1
4.12019300461	-1
4.13016891479	-1
4.13016891479	-1
4.13016891479	-1
4.1380109787	-1
4.13804411888	1
4.230479002	-1
4.230479002	-1
4.230479002	-1
4.23076295853	-1
4.23076295853	-1
4.23076295853	-1
4.23076295853	-1
4.23076295853	-1
4.23076295853	-1
4.23076295853	-1
4.23133707047	-1
4.23133707047	-1
4.23133707047	-1
4.23133707047	-1
4.23133707047	-1
4.23133707047	-1
4.23133707047	-1
4.23277807236	-1
4.23277807236	-1
4.23277807236	-1
4.23277807236	-1
4.23277807236	-1
4.23277807236	-1
4.23277807236	-1
4.23277807236	-1
4.24995994568	1
4.26360702515	-1
4.26360702515	-1
4.26360702515	-1
4.26360702515	-1
4.26360702515	-1
4.26360702515	-1
4.26360702515	-1
4.26360702515	-1
4.26360702515	-1
4.2653439045	-1
4.2653439045	-1
4.2653439045	-1
4.2653439045	-1
4.2653439045	-1
4.2653439045	-1
4.2653439045	-1
4.2653439045	-1
4.34276008606	-1
4.34276008606	-1
4.36226892471	1
4.62806797028	-1
4.77772307396	-1
4.78832793236	1
4.94495296478	-1
4.99110603333	1
4.99126696587	1
4.99126696587	1
4.99126696587	1
4.99194502831	1
4.99194502831	1
4.99194502831	1
4.99194502831	1
5.09358811378	-1
5.19287490845	-1
5.19287490845	-1
5.19287490845	-1
5.21447110176	1
5.32624006271	-1
5.37494301796	-1
5.37494301796	-1
5.37494301796	-1
5.37494301796	-1
5.37494301796	-1
5.37494301796	-1
5.37494301796	-1
5.37494301796	-1
5.37494301796	-1
5.37494301796	-1
5.37529301643	-1
5.37529301643	-1
5.37529301643	-1
5.37529301643	-1
5.37529301643	-1
5.37554597855	-1
5.37554597855	-1
5.37590694427	-1
5.37590694427	-1
5.37590694427	-1
5.37590694427	-1
5.37590694427	-1
5.37590694427	-1
5.37590694427	-1
5.37690496445	1
5.38790512085	-1
5.38884806633	-1
5.38884806633	-1
5.38889503479	-1
5.38889503479	-1
5.38889503479	-1
5.38889503479	-1
5.38889503479	-1
5.99191594124	1
5.99342989922	1
5.99342989922	1
5.99342989922	1
5.99342989922	1
5.99342989922	1
5.99393010139	1
5.99405694008	1
5.99405694008	1
6.23287296295	-1
6.34470009804	-1
6.99240398407	1
7.14475297928	1
7.14475297928	1
7.15484404564	-1
7.99313497543	1
7.99329590797	1
7.99329590797	1
7.99329590797	1
8.25390505791	-1
8.99382996559	1
9.14568805695	1
9.15054893494	-1
9.99454307556	1
9.99469995499	1
9.99469995499	1
9.99469995499	1
10.179598093	-1
