0.0	1
0.0	1
0.0	1
0.0	1
0.0	1
0.0	1
0.0	1
0.063029050827	1
0.999695062637	1
1.06272816658	1
1.69679498672	1
1.75991201401	1
2.00062203407	1
2.00062203407	1
2.00062203407	1
2.06374406815	1
2.06374406815	1
2.06374406815	1
2.18551516533	-1
2.18551516533	-1
2.39419317245	-1
2.4167599678	-1
2.4167599678	-1
2.43387913704	-1
2.43387913704	-1
2.43387913704	-1
2.43387913704	-1
2.43387913704	-1
2.45731711388	-1
2.52846908569	-1
2.59160494804	-1
2.65466117859	-1
2.65749812126	1
3.00106811523	1
3.06403708458	1
3.06403708458	1
3.12859606743	-1
3.12975716591	1
3.40569400787	-1
3.7032289505	-1
3.70451807976	-1
3.70451807976	-1
3.70456600189	-1
3.70456600189	-1
3.70456600189	-1
3.70456600189	-1
3.70456600189	-1
3.70497298241	-1
3.70565295219	-1
3.70565295219	-1
3.70565295219	-1
3.74164009094	-1
3.74164009094	-1
3.74164009094	-1
3.74164009094	-1
3.74164009094	-1
3.74164009094	-1
3.76528215408	1
3.76642894745	-1
3.76642894745	-1
3.76642894745	-1
3.76642894745	-1
3.76642894745	-1
3.76664996147	-1
3.76664996147	-1
3.77596497536	1
3.77596497536	1
3.82827615738	1
3.93136811256	-1
3.93285608292	-1
3.93285608292	-1
3.93285608292	-1
3.93300008774	-1
3.93300008774	-1
3.93331217766	-1
3.93331217766	-1
3.93331217766	-1
3.93331217766	-1
3.93609213829	-1
3.93644499779	-1
3.93644499779	-1
3.93644499779	-1
3.93689513206	1
3.93744707108	-1
3.93744707108	-1
3.93744707108	-1
3.93744707108	-1
3.93744707108	-1
3.93744707108	-1
3.97176814079	-1
3.97176814079	-1
3.97176814079	-1
3.99625897408	-1
3.99625897408	-1
3.99625897408	-1
3.99625897408	-1
3.99625897408	-1
3.99648714066	-1
3.99648714066	-1
3.99648714066	-1
3.99648714066	-1
3.99658799171	-1
4.0003900528	1
4.10080194473	1
4.10080194473	1
4.26442503929	-1
4.4060549736	-1
4.44582509995	-1
4.44582509995	-1
4.48367714882	-1
4.48367714882	-1
4.48367714882	-1
4.48367714882	-1
4.48367714882	-1
4.48367714882	-1
4.48367714882	-1
4.48389816284	-1
4.48389816284	-1
4.48545312881	-1
4.48545312881	-1
4.48555803299	-1
4.48555803299	-1
4.50812911987	-1
4.5713801384	-1
4.5713801384	-1
4.7615480423	-1
4.76382613182	1
4.84753608704	-1
5.00377511978	1
5.0044491291	1
5.0044491291	1
5.06764817238	1
5.06764817238	1
5.23989200592	-1
5.24123907089	1
5.24123907089	1
5.24123907089	1
5.30483007431	1
5.46848702431	-1
5.5680539608	-1
5.69653701782	-1
5.75973510742	-1
5.99766111374	-1
5.99952101707	-1
5.99952101707	-1
5.99952101707	-1
5.99999594688	-1
5.99999594688	-1
5.99999594688	-1
5.99999594688	-1
5.99999594688	-1
6.0010061264	-1
6.0010061264	-1
6.0010061264	-1
6.00265908241	1
6.00359606743	1
6.00359606743	1
6.00359606743	1
6.00359606743	1
6.00389504433	1
6.03609800339	-1
6.03609800339	-1
6.03609800339	-1
6.03609800339	-1
6.03609800339	-1
6.03609800339	-1
6.06106615067	-1
6.06106615067	-1
6.06106615067	-1
6.06106615067	-1
6.06573104858	1
6.06573104858	1
6.22703909874	-1
6.22800111771	-1
6.22800111771	-1
6.22800111771	-1
6.22800111771	-1
6.22887706757	-1
6.2293150425	-1
6.2293150425	-1
6.2293150425	-1
6.230479002	-1
6.230479002	-1
6.23152303696	-1
6.23152303696	-1
6.23152303696	-1
6.23157095909	-1
6.23157095909	-1
6.23476004601	-1
6.23476004601	-1
6.23476004601	-1
6.23476004601	-1
6.23537802696	1
6.23981714249	-1
6.23981714249	-1
6.23981714249	-1
6.23981714249	-1
6.23981714249	-1
6.23981714249	-1
6.2680580616	-1
6.2680580616	-1
6.26817297935	-1
6.26817297935	-1
6.29288816452	-1
6.29288816452	-1
6.29288816452	-1
6.29288816452	-1
6.29288816452	-1
6.29310703278	-1
6.29310703278	-1
6.29310703278	-1
6.29322814941	-1
6.29322814941	-1
6.29322814941	-1
6.29322814941	-1
6.29322814941	-1
6.29347515106	-1
6.29347515106	-1
6.29347515106	-1
6.29347515106	-1
6.29844713211	-1
6.29844713211	-1
6.29844713211	-1
6.29844713211	-1
6.29844713211	-1
6.29856610298	-1
6.29856610298	-1
6.29924201965	1
6.45547795296	-1
6.45623517036	-1
6.45623517036	-1
6.45623517036	-1
6.45623517036	-1
6.45691013336	-1
6.45730400085	-1
6.45730400085	-1
6.45730400085	-1
6.45773410797	-1
6.45773410797	-1
6.45818710327	-1
6.45818710327	-1
6.45818710327	-1
6.45818710327	-1
6.45818710327	-1
6.45851302147	-1
6.4590959549	-1
6.4590959549	-1
6.4590959549	-1
6.45910906792	1
6.46051502228	-1
6.46051502228	-1
6.46051502228	-1
6.46164107323	-1
6.46174812317	-1
6.46174812317	-1
6.46174812317	-1
6.46174812317	-1
6.46174812317	-1
6.46827602386	-1
6.49688506126	-1
6.49688506126	-1
6.49688506126	-1
6.49688506126	-1
6.49688506126	-1
6.49688506126	-1
6.49688506126	-1
6.49711608887	-1
6.49720215797	-1
6.49720215797	-1
6.49720215797	-1
6.50665402412	-1
6.50665402412	-1
6.50665402412	-1
6.50665402412	-1
6.50665402412	-1
6.50665402412	-1
6.52158713341	-1
6.52158713341	-1
6.5216190815	-1
6.5216190815	-1
6.5216190815	-1
6.5216190815	-1
6.5216190815	-1
6.5216190815	-1
6.52195501328	-1
6.52195501328	-1
6.52195501328	-1
6.52195501328	-1
6.52195501328	-1
6.52195501328	-1
6.52216696739	-1
6.52232813835	-1
6.52232813835	-1
6.52232813835	-1
6.52241611481	-1
6.52241611481	-1
6.52241611481	-1
6.52241611481	-1
6.52241611481	-1
6.52241611481	-1
6.52529597282	1
6.52532505989	-1
6.52532505989	-1
6.52549910545	-1
6.52549910545	-1
6.52549910545	-1
6.52549910545	-1
6.52549910545	-1
6.52549910545	-1
6.52549910545	-1
6.5256280899	-1
6.65270113945	1
6.68499398232	-1
6.6854159832	-1
6.6854159832	-1
6.6854159832	-1
6.6854159832	-1
6.68603110313	-1
6.68756008148	-1
6.68756008148	-1
6.68756008148	-1
6.68773508072	-1
6.68773508072	-1
6.68773508072	-1
6.68773508072	-1
6.68773508072	-1
6.72594213486	-1
6.72594213486	-1
6.72594213486	-1
6.72784495354	1
6.7290160656	1
6.7290160656	1
6.7290160656	1
6.7290160656	1
6.7290160656	1
6.7290160656	1
6.7290160656	1
6.7290160656	1
6.72995114326	1
6.72995114326	1
6.73068094254	1
6.73068094254	1
6.73068094254	1
6.74877595901	-1
6.74877595901	-1
6.79254508018	1
7.20926809311	-1
7.2723710537	-1
7.2723710537	-1
7.27448105812	-1
7.27483201027	-1
7.27483201027	-1
7.27483201027	-1
7.27483201027	-1
7.27483201027	-1
7.27483201027	-1
7.27483201027	-1
7.27662706375	-1
7.27762913704	-1
7.27762913704	-1
7.27762913704	-1
7.27762913704	-1
7.27762913704	-1
7.27762913704	-1
7.27762913704	-1
7.32752203941	-1
7.32831597328	1
7.33094215393	-1
7.33094215393	-1
7.33094215393	-1
7.33559417725	-1
7.33559417725	-1
7.33559417725	-1
7.33559417725	-1
7.35076904297	-1
7.35076904297	-1
7.35642814636	-1
7.35642814636	-1
7.35642814636	-1
7.35716104507	-1
7.35716104507	-1
7.3581969738	-1
7.3581969738	-1
7.3581969738	-1
7.35854911804	-1
7.35854911804	-1
7.35854911804	-1
7.39886617661	-1
7.39886617661	-1
7.43701004982	-1
7.43701004982	-1
7.5002579689	-1
7.5002579689	-1
7.5005569458	-1
7.5005569458	-1
7.50073099136	-1
7.50073099136	-1
7.50073099136	-1
7.50147104263	-1
7.50147104263	-1
7.50147104263	-1
7.5022289753	-1
7.5022289753	-1
7.5022289753	-1
7.5022289753	-1
7.5022289753	-1
7.5022289753	-1
7.50247216225	-1
7.50247216225	-1
7.50256800652	-1
7.50256800652	-1
7.53999900818	-1
7.53999900818	-1
7.53999900818	-1
7.53999900818	-1
7.53999900818	-1
7.56368017197	-1
7.626912117	-1
7.626912117	-1
7.62928795815	1
7.63439416885	-1
7.63439416885	-1
7.6903181076	-1
7.75354099274	-1
7.7764570713	-1
7.7764570713	-1
7.7764570713	-1
7.7764570713	-1
7.81687808037	-1
7.81762695312	1
7.88062310219	1
8.00348615646	1
8.00348615646	1
8.00348615646	1
8.06649303436	1
8.10241794586	-1
8.16864395142	1
8.16864395142	1
8.42562603951	-1
8.42689609528	1
8.42689609528	1
8.48991203308	1
8.68945217133	-1
8.69105100632	-1
8.69105100632	-1
8.69322109222	-1
8.69322109222	-1
8.69322109222	-1
8.69322109222	-1
8.69322109222	-1
8.69322109222	-1
8.69322109222	-1
8.69344997406	-1
8.69344997406	-1
8.69344997406	-1
8.69344997406	-1
8.69344997406	-1
8.73004412651	-1
8.73004412651	-1
8.73004412651	-1
8.73004412651	-1
8.73004412651	-1
8.73004412651	-1
8.75437116623	-1
8.75437116623	-1
8.7544760704	-1
8.7544760704	-1
8.7544760704	-1
8.7544760704	-1
8.7544760704	-1
8.7544760704	-1
8.75462508202	-1
8.83034801483	-1
8.83267998695	-1
8.83267998695	-1
8.83267998695	-1
8.83290910721	-1
8.83290910721	-1
8.83416700363	-1
8.83416700363	-1
8.83416700363	-1
8.83444714546	-1
8.83444714546	-1
8.83444714546	-1
8.83475494385	-1
8.83475494385	-1
8.83475494385	-1
8.83475494385	-1
8.83475494385	-1
8.83475494385	-1
8.83524513245	-1
8.83538794518	1
8.87458205223	-1
8.87458205223	-1
8.87458205223	-1
8.89594697952	-1
8.89594697952	-1
8.89594697952	-1
8.89594697952	-1
8.89594697952	-1
8.89616894722	-1
8.89616894722	-1
8.89616894722	-1
8.89616894722	-1
8.89616894722	-1
8.89629507065	-1
8.89629507065	-1
8.92587995529	-1
8.92587995529	-1
8.92587995529	-1
8.92587995529	-1
8.92587995529	-1
8.95952701569	-1
8.97303700447	-1
8.97303700447	-1
8.97327113152	-1
8.97327113152	-1
8.97327113152	-1
9.00070905685	-1
9.00070905685	-1
9.00070905685	-1
9.01516699791	-1
9.01516699791	-1
9.02438116074	-1
9.02438116074	-1
9.02438116074	-1
9.03496909142	-1
9.03496909142	-1
9.03508496284	-1
9.03508496284	-1
9.03508496284	-1
9.03508496284	-1
9.03508496284	-1
9.03623604774	-1
9.03701400757	1
9.04124712944	-1
9.04124712944	-1
9.04750108719	-1
9.04750108719	-1
9.04750108719	-1
9.05354213715	-1
9.05354213715	-1
9.05354213715	-1
9.07185101509	-1
9.07185101509	-1
9.07190012932	-1
9.07190012932	-1
9.07190012932	-1
9.09300708771	-1
9.09300708771	-1
9.10064411163	-1
9.10064411163	-1
9.10064411163	-1
9.10068416595	1
9.14940500259	-1
9.14940500259	-1
9.14940500259	-1
9.14940500259	-1
9.14951014519	-1
9.14951014519	-1
9.15212798119	-1
9.15224099159	-1
9.15224099159	-1
9.15224099159	-1
9.15224099159	-1
9.15224099159	-1
9.15341806412	-1
9.15530514717	-1
9.15530514717	-1
9.15530514717	-1
9.15557098389	-1
9.15557098389	-1
9.15557098389	-1
9.15557098389	-1
9.15557098389	-1
9.15622997284	-1
9.15622997284	-1
9.15622997284	-1
9.15634894371	-1
9.15634894371	-1
9.15639209747	-1
9.15639209747	-1
9.15639209747	-1
9.16384100914	-1
9.2129471302	-1
9.2129471302	-1
9.22684216499	-1
9.28784799576	-1
9.28784799576	-1
9.29037809372	-1
9.29037809372	-1
9.29037809372	-1
9.29132294655	-1
9.29132294655	-1
9.29201698303	-1
9.29201698303	-1
9.29201698303	-1
9.29223895073	1
9.29238510132	-1
9.29238510132	-1
9.29343104362	-1
9.29343104362	-1
9.29343104362	-1
9.29441094398	-1
9.29441094398	-1
9.29441094398	-1
9.29441094398	-1
9.29441094398	-1
9.29441094398	-1
9.29441094398	-1
9.29605007172	-1
9.29635810852	-1
9.29635810852	-1
9.29635810852	-1
9.29635810852	-1
9.29635810852	-1
9.32895898819	-1
9.32951402664	-1
9.32951402664	-1
9.32951402664	-1
9.32951402664	-1
9.35357713699	-1
9.46406507492	-1
9.52718114853	-1
9.55204510689	1
9.56766104698	1
9.56766104698	1
9.63082504272	1
10.1096510887	-1
10.1145019531	-1
10.1145019531	-1
10.1168141365	-1
10.1168141365	-1
10.1168141365	-1
10.1168141365	-1
10.1168141365	-1
10.1195380688	-1
10.1195380688	-1
10.1195380688	-1
10.1195380688	-1
10.148827076	-1
10.148827076	-1
10.148827076	-1
10.148827076	-1
10.148827076	-1
10.148827076	-1
10.1778681278	-1
10.1778681278	-1
10.1779301167	-1
10.1779301167	-1
10.1779301167	-1
10.1779301167	-1
10.1779301167	-1
10.1779301167	-1
10.1780970097	-1
10.1791050434	1
10.2421441078	-1
10.2426331043	1
10.2523441315	-1
10.2523441315	-1
10.281126976	-1
10.281126976	-1
10.281126976	-1
10.2811691761	-1
10.2811691761	-1
10.3062939644	-1
10.3376591206	-1
10.3376591206	-1
10.3376591206	-1
10.3376591206	-1
10.3376591206	-1
10.3378851414	-1
10.3378851414	-1
10.3378851414	-1
10.3378851414	-1
10.3378851414	-1
10.3378851414	-1
10.3381299973	-1
10.3381299973	-1
10.3381299973	-1
10.3443360329	-1
10.3443360329	-1
10.3444390297	-1
10.3444390297	-1
10.3695101738	-1
10.3695101738	-1
10.3695101738	-1
10.3695101738	-1
10.5662829876	-1
10.568392992	1
11.0051310062	1
11.2408089638	-1
11.2420370579	1
11.7811200619	-1
12.0051939487	1
12.0057270527	1
12.0057270527	1
12.0083611012	-1
12.0681381226	1
12.0681381226	1
12.7022500038	-1
12.930257082	-1
12.9758810997	1
13.4502341747	-1
13.4549310207	-1
13.4549310207	-1
13.4549310207	-1
13.4549310207	-1
13.4555411339	-1
13.4570791721	-1
13.4570791721	-1
13.4570791721	-1
13.4570791721	-1
13.4570791721	-1
13.4570791721	-1
13.4578511715	-1
13.4578511715	-1
13.4578511715	-1
13.489025116	-1
13.489025116	-1
13.489025116	-1
13.489025116	-1
13.489025116	-1
13.489025116	-1
13.5134241581	-1
13.6822931767	-1
13.6822931767	-1
13.6822931767	-1
13.6822931767	-1
13.6822931767	-1
13.6837480068	-1
13.6837480068	-1
13.7199120522	-1
13.7199120522	-1
13.7199590206	-1
13.7199590206	-1
13.7205440998	1
