0.0	-1
0.0	-1
0.0479729175568	1
0.0479729175568	1
0.161469936371	-1
0.233067035675	-1
1.04926109314	1
1.04926109314	1
1.05020904541	1
1.12063694	1
1.12063694	1
1.12063694	1
1.16351413727	1
1.16351413727	1
1.19210290909	1
1.19210290909	1
1.50864100456	-1
2.04951405525	1
2.05013608932	1
2.05013608932	1
2.12072896957	1
2.12072896957	1
2.29162311554	-1
2.40982413292	-1
2.42471313477	-1
2.42471313477	-1
2.42471313477	-1
2.42471313477	-1
2.42471313477	-1
2.42471313477	-1
2.42471313477	-1
2.4812541008	-1
2.57352995872	-1
2.57352995872	-1
2.57352995872	-1
2.57352995872	-1
2.57352995872	-1
2.57352995872	-1
2.57352995872	-1
2.57400512695	-1
2.57400512695	-1
2.57403302193	-1
2.57403302193	-1
2.57766914368	1
2.64471292496	-1
2.64894199371	1
2.94941496849	-1
3.04968500137	1
3.04968500137	1
3.04968500137	1
3.12097907066	1
3.23212814331	-1
3.30349802971	-1
3.30349802971	-1
3.43994307518	-1
3.63795113564	-1
3.63896799088	1
3.87079191208	-1
4.05011892319	1
4.12104392052	-1
4.12129497528	1
4.14061903954	-1
4.14061903954	-1
4.14061903954	-1
4.14061903954	-1
4.14061903954	-1
4.14061903954	-1
4.16697597504	-1
4.16697597504	-1
4.16708111763	-1
4.16708111763	-1
4.16708111763	-1
4.16708111763	-1
4.16708111763	-1
4.16708111763	-1
4.19234514236	-1
4.22982811928	1
4.22982811928	1
4.27982401848	-1
4.27982401848	-1
4.27982401848	-1
4.27982401848	-1
4.27982401848	-1
4.27982401848	-1
4.27982401848	-1
4.27982401848	-1
4.28021502495	-1
4.28043293953	-1
4.28043293953	-1
4.30124807358	1
4.30124807358	1
4.30307793617	-1
4.30307793617	-1
4.30307793617	-1
4.30307793617	-1
4.30307793617	-1
4.30307793617	-1
4.30307793617	-1
4.30307793617	-1
4.30307793617	-1
4.3516459465	-1
4.43917798996	-1
4.43917798996	-1
4.43917798996	-1
4.43917798996	-1
4.43917798996	-1
4.43917798996	-1
4.43917798996	-1
4.43917798996	-1
4.43947196007	-1
4.43947196007	-1
4.43947196007	-1
4.43947196007	-1
4.43947196007	-1
4.43947196007	-1
4.43947196007	-1
4.43947196007	-1
4.44043898582	1
4.46045708656	-1
4.46045708656	-1
4.63713693619	-1
4.63775491714	-1
4.63775491714	-1
4.63775491714	-1
4.63775491714	-1
4.63775491714	-1
4.63775491714	-1
4.63775491714	-1
4.63775491714	-1
4.70859503746	-1
4.70859503746	-1
4.70981311798	1
4.79675507545	-1
4.79881000519	1
4.92755293846	-1
4.93158698082	-1
4.93158698082	-1
4.93169403076	-1
4.93169403076	-1
4.93169403076	-1
4.93169403076	-1
4.93169403076	-1
4.93169403076	-1
5.00328302383	-1
5.00328302383	-1
5.05188298225	1
5.16175198555	1
5.17972397804	-1
5.18118810654	1
5.18118810654	1
5.18118810654	1
5.2524960041	1
5.49800610542	-1
5.62874007225	-1
5.62874007225	-1
5.62874007225	-1
5.62874007225	-1
5.62874007225	-1
5.62874007225	-1
5.62874007225	-1
5.63250803947	-1
5.63250803947	-1
5.63250803947	-1
5.63250803947	-1
5.63250803947	-1
5.63250803947	-1
5.63250803947	-1
5.63343405724	-1
5.63343405724	-1
5.63343405724	-1
5.63343405724	-1
5.63343405724	-1
5.63343405724	-1
5.63343405724	-1
5.63343405724	-1
5.68256211281	-1
5.69468307495	-1
5.69468307495	-1
5.7031879425	-1
5.7031879425	-1
5.7031879425	-1
5.7031879425	-1
5.7031879425	-1
5.70462107658	-1
5.70462107658	-1
5.70462107658	-1
5.70462107658	-1
5.70462107658	-1
5.70462107658	-1
5.77450895309	-1
5.79517197609	-1
5.79517197609	-1
5.79517197609	-1
5.79517197609	-1
5.79517197609	-1
5.79517197609	-1
5.79517197609	-1
5.79517197609	-1
5.79547595978	-1
5.79547595978	-1
5.79547595978	-1
5.79547595978	-1
5.79547595978	-1
5.79635906219	1
5.79787492752	-1
5.79787492752	-1
5.79787492752	-1
5.79787492752	-1
5.79944896698	-1
5.79944896698	-1
5.79944896698	-1
5.80011701584	-1
5.84208703041	-1
5.84208703041	-1
5.84208703041	-1
5.84208703041	-1
5.84208703041	-1
5.84208703041	-1
5.84208703041	-1
5.84208703041	-1
5.84208703041	-1
5.86332297325	-1
5.86332297325	-1
5.86332297325	-1
5.86332297325	-1
5.86332297325	-1
5.86346006393	-1
5.86346006393	-1
5.86346006393	-1
5.86346006393	-1
5.86346006393	-1
5.86346006393	-1
5.86346006393	-1
5.86346006393	-1
5.86346006393	-1
5.86709594727	-1
5.86709594727	-1
5.86709594727	-1
5.86709594727	-1
5.86709594727	-1
5.86709594727	-1
5.86709594727	-1
5.86746406555	-1
5.86746406555	-1
5.86746406555	-1
5.86746406555	-1
5.86746406555	-1
5.86878991127	1
5.90852403641	-1
5.93608403206	-1
5.93998813629	1
5.94946908951	-1
5.94946908951	-1
5.94946908951	-1
5.94946908951	-1
5.94946908951	-1
5.94946908951	-1
5.94946908951	-1
5.94946908951	-1
5.94983005524	-1
5.94983005524	-1
5.95007610321	-1
5.95007610321	-1
5.95007610321	-1
5.95007610321	-1
5.95007610321	-1
5.95007610321	-1
5.95007610321	-1
5.95007610321	-1
5.95034003258	-1
5.95034003258	-1
5.95034003258	-1
5.95034003258	-1
6.00747609138	-1
6.00747609138	-1
6.02680706978	-1
6.02680706978	-1
6.02680706978	-1
6.02680706978	-1
6.02680706978	-1
6.02680706978	-1
6.02680706978	-1
6.02680706978	-1
6.02713608742	-1
6.02713608742	-1
6.02713608742	-1
6.02713608742	-1
6.02713608742	-1
6.02817296982	-1
6.02817296982	-1
6.02817296982	-1
6.02817296982	-1
6.02817296982	-1
6.02817296982	-1
6.02817296982	-1
6.02817296982	-1
6.02832007408	-1
6.02883696556	-1
6.02883696556	-1
6.02883696556	-1
6.02883696556	-1
6.02883696556	-1
6.02883696556	-1
6.02999711037	1
6.03015208244	-1
6.03015208244	-1
6.03015208244	-1
6.03015208244	-1
6.03015208244	-1
6.03015208244	-1
6.03015208244	-1
6.03015208244	-1
6.09827709198	-1
6.09827709198	-1
6.09827709198	-1
6.09827709198	-1
6.09827709198	-1
6.09827709198	-1
6.09827709198	-1
6.09851002693	-1
6.09851002693	-1
6.108700037	-1
6.108700037	-1
6.108700037	-1
6.108700037	-1
6.108700037	-1
6.108700037	-1
6.17038297653	-1
6.17203092575	1
6.17324709892	1
6.17324709892	1
6.17324709892	1
6.17324709892	1
6.17324709892	1
6.17324709892	1
6.17324709892	1
6.17324709892	1
6.17332601547	1
6.17332601547	1
6.24570393562	1
6.24570393562	1
6.24570393562	1
6.47045898438	-1
6.48775911331	-1
6.48775911331	-1
6.48848295212	-1
6.48848295212	-1
6.48848295212	-1
6.49399805069	-1
6.49399805069	-1
6.49450111389	-1
6.49450111389	-1
6.49450111389	-1
6.49450111389	-1
6.49450111389	-1
6.49450111389	-1
6.49450111389	-1
6.49450111389	-1
6.49450111389	-1
6.50635194778	-1
6.50635194778	-1
6.50767397881	1
6.52837014198	-1
6.52837014198	-1
6.52837014198	-1
6.52837014198	-1
6.52837014198	-1
6.52837014198	-1
6.52837014198	-1
6.52859807014	-1
6.56555008888	-1
6.56555008888	-1
6.56555008888	-1
6.56566309929	-1
6.56566309929	-1
6.56569910049	-1
6.56569910049	-1
6.56569910049	-1
6.56569910049	-1
6.56569910049	-1
6.56590795517	-1
6.56603693962	-1
6.56603693962	-1
6.56603693962	-1
6.56603693962	-1
6.56603693962	-1
6.56603693962	-1
6.56615400314	-1
6.5791220665	1
6.57978892326	-1
6.57978892326	-1
6.57978892326	-1
6.57978892326	-1
6.57978892326	-1
6.57978892326	-1
6.57978892326	-1
6.57978892326	-1
6.6000430584	-1
6.6000430584	-1
6.6000430584	-1
6.6000430584	-1
6.6000430584	-1
6.6000430584	-1
6.6000430584	-1
6.6000430584	-1
6.60039401054	-1
6.60039401054	-1
6.60039401054	-1
6.60039401054	-1
6.60039401054	-1
6.60039401054	-1
6.60039401054	-1
6.60064101219	-1
6.63767313957	-1
6.65414905548	-1
6.65414905548	-1
6.65414905548	-1
6.65414905548	-1
6.65414905548	-1
6.65414905548	-1
6.65414905548	-1
6.6544380188	-1
6.6544380188	-1
6.6544380188	-1
6.6544380188	-1
6.6544380188	-1
6.6544380188	-1
6.6544380188	-1
6.65511393547	-1
6.65511393547	-1
6.67157697678	-1
6.67157697678	-1
6.67157697678	-1
6.67163014412	-1
6.67163014412	-1
6.67163014412	-1
6.67163014412	-1
6.67163014412	-1
6.67237091064	1
6.67316293716	-1
6.67316293716	-1
6.67316293716	-1
6.67316293716	-1
6.67316293716	-1
6.67316293716	-1
6.67316293716	-1
6.67316293716	-1
6.67937302589	1
6.67937302589	1
6.68810296059	-1
6.68810296059	-1
6.68810296059	-1
6.68810296059	-1
6.68810296059	-1
6.68810296059	-1
6.68810296059	-1
6.68810296059	-1
6.72566699982	-1
6.72566699982	-1
6.72566699982	-1
6.72566699982	-1
6.75077700615	1
6.75077700615	1
6.8124461174	-1
6.8124461174	-1
6.8124461174	-1
6.8124461174	-1
6.8124461174	-1
6.8124461174	-1
6.8124461174	-1
6.88420391083	-1
6.88420391083	-1
6.88529396057	1
6.95774698257	1
7.01143693924	-1
7.01442909241	-1
7.01442909241	-1
7.01442909241	-1
7.01442909241	-1
7.01596403122	-1
7.06568598747	1
7.06568598747	1
7.08593893051	-1
7.17416405678	-1
7.22058296204	-1
7.22058296204	-1
7.22058296204	-1
7.22058296204	-1
7.22058296204	-1
7.22058296204	-1
7.22058296204	-1
7.24590206146	-1
7.33341598511	-1
7.33539009094	1
7.49407911301	-1
7.49545192719	1
7.60566091537	1
7.7181699276	-1
7.72305893898	1
7.98786211014	-1
7.99084997177	-1
7.99084997177	-1
7.99084997177	-1
7.99084997177	-1
7.99084997177	-1
7.99084997177	-1
7.99230408669	-1
7.99230408669	-1
7.99230408669	-1
7.99230408669	-1
7.99455213547	-1
7.99455213547	-1
7.99455213547	-1
7.99455213547	-1
7.99455213547	-1
7.99455213547	-1
7.99455213547	-1
7.99455213547	-1
8.00523996353	-1
8.00528907776	-1
8.00528907776	-1
8.00528907776	-1
8.00528907776	-1
8.00528907776	-1
8.00528907776	-1
8.00562000275	-1
8.00562000275	-1
8.00562000275	-1
8.00629901886	-1
8.00641703606	-1
8.00641703606	-1
8.00641703606	-1
8.00641703606	-1
8.00641703606	-1
8.00641703606	-1
8.00997805595	-1
8.00997805595	-1
8.00997805595	-1
8.00997805595	-1
8.00997805595	-1
8.03113508224	-1
8.03113508224	-1
8.03113508224	-1
8.03113508224	-1
8.03113508224	-1
8.03113508224	-1
8.03113508224	-1
8.03136205673	-1
8.03148412704	-1
8.03148412704	-1
8.03148412704	-1
8.03148412704	-1
8.03148412704	-1
8.03148412704	-1
8.03148412704	-1
8.03265810013	1
8.04866409302	-1
8.04866409302	-1
8.04866409302	-1
8.04866409302	-1
8.04866409302	-1
8.04866409302	-1
8.06607699394	-1
8.06625914574	-1
8.06625914574	-1
8.06625914574	-1
8.06625914574	-1
8.06625914574	-1
8.06625914574	-1
8.06625914574	-1
8.06650209427	-1
8.06650209427	-1
8.06650209427	-1
8.06650209427	-1
8.06650209427	-1
8.06650209427	-1
8.06650209427	-1
8.06685400009	-1
8.06685400009	-1
8.06685400009	-1
8.06685400009	-1
8.06685400009	-1
8.06685400009	-1
8.06685400009	-1
8.06685400009	-1
8.07799196243	-1
8.07799196243	-1
8.07799196243	-1
8.07799196243	-1
8.07799196243	-1
8.07799196243	-1
8.07799196243	-1
8.07802891731	-1
8.07825803757	-1
8.10386300087	1
8.14966392517	-1
8.14966392517	-1
8.15520095825	-1
8.15520095825	-1
8.15520095825	-1
8.15520095825	-1
8.15520095825	-1
8.15520095825	-1
8.15520095825	-1
8.15520095825	-1
8.17503905296	1
8.22678804398	-1
8.22678804398	-1
8.22685694695	-1
8.22685694695	-1
8.22685694695	-1
8.22703409195	-1
8.22703409195	-1
8.22703409195	-1
8.31468701363	-1
8.66225790977	1
8.66717910767	1
8.66717910767	1
8.73353004456	1
8.95202302933	-1
8.95282006264	-1
8.95282006264	-1
8.95282006264	-1
8.95282006264	-1
8.95282006264	-1
8.95282006264	-1
8.95282006264	-1
8.95282006264	-1
8.95310211182	-1
8.95310211182	-1
8.95310211182	-1
8.95310211182	-1
8.95310211182	-1
9.02427601814	-1
9.02427601814	-1
9.02427601814	-1
9.02427601814	-1
9.02427601814	-1
9.02427601814	-1
9.02427601814	-1
9.02427601814	-1
9.02427601814	-1
9.02452111244	-1
9.02452111244	-1
9.02452111244	-1
9.02473902702	-1
9.02473902702	-1
9.02473902702	-1
9.02473902702	-1
9.02473902702	-1
9.02473902702	-1
9.02486109734	-1
9.11163306236	-1
9.11163306236	-1
9.11163306236	-1
9.11163306236	-1
9.11163306236	-1
9.11163306236	-1
9.11163306236	-1
9.11208200455	-1
9.11208200455	-1
9.13137292862	-1
9.13137292862	-1
9.18287301064	-1
9.27055692673	-1
9.34197306633	-1
12.054749012	1
12.0561361313	1
12.0561361313	1
12.1260569096	1
12.3744499683	-1
14.0554349422	1
14.201239109	-1
14.304817915	-1
14.3601210117	-1
14.3601210117	-1
14.3601210117	-1
14.3601210117	-1
14.3601210117	-1
14.3601210117	-1
14.3601210117	-1
14.3761970997	-1
14.378690958	1
14.8598270416	-1
14.8610079288	1
18.4456560612	-1
19.7290570736	-1
19.7531790733	1
27.5389559269	-1
27.7004899979	-1
27.7157709599	1
29.0569450855	1
29.1281540394	1
30.0577149391	1
30.0577149391	1
30.0577149391	1
30.1289920807	1
30.1911051273	-1
30.1989519596	-1
30.1989519596	-1
30.1989519596	-1
30.1989519596	-1
30.1989519596	-1
30.1989519596	-1
30.2703969479	-1
30.3532919884	-1
30.3532919884	-1
30.3532919884	-1
30.3532919884	-1
30.3532919884	-1
30.3532919884	-1
30.3532919884	-1
30.3535220623	-1
30.3535490036	-1
30.3535490036	-1
30.3535490036	-1
30.3535490036	-1
30.3535490036	-1
30.3535490036	-1
30.3535490036	-1
30.3541359901	-1
30.3805530071	-1
30.3805530071	-1
30.3805530071	-1
30.3805530071	-1
30.3805530071	-1
30.3805530071	-1
30.3805530071	-1
30.3805530071	-1
30.3807840347	-1
30.9375729561	-1
