0.0	1
0.1000020504	1
0.1000020504	1
1.00078201294	1
1.00098800659	1
1.00098800659	1
1.00098800659	1
1.00098800659	1
1.00098800659	1
1.63790106773	1
1.73820209503	1
1.96105909348	-1
2.00146412849	1
2.00162816048	1
2.00162816048	1
2.00162816048	1
2.04813218117	-1
2.04813218117	-1
2.04813218117	-1
2.04813218117	-1
2.04813218117	-1
2.04813218117	-1
2.04813218117	-1
2.04813218117	-1
2.10153007507	1
2.10153007507	1
2.16184806824	-1
2.16184806824	-1
2.20151400566	1
2.26245999336	-1
2.26245999336	-1
2.36394810677	-1
2.46423602104	-1
2.46423602104	-1
2.46549415588	1
2.67014813423	-1
2.67711210251	-1
2.67711210251	-1
2.67711210251	-1
2.67711210251	-1
2.67711210251	-1
2.67711210251	-1
2.67711210251	-1
2.6871240139	-1
2.6871240139	-1
2.6871240139	-1
2.6871240139	-1
2.6871240139	-1
2.6871240139	-1
2.6871240139	-1
2.70868897438	-1
2.70868897438	-1
2.70868897438	-1
2.70868897438	-1
2.70868897438	-1
2.70868897438	-1
2.70868897438	-1
2.70868897438	-1
2.70977401733	1
2.73365807533	-1
2.73365807533	-1
2.73365807533	-1
2.77901911736	1
2.77901911736	1
2.77901911736	1
2.78505706787	-1
2.78505706787	-1
2.78505706787	-1
2.78505706787	-1
2.78505706787	-1
2.78505706787	-1
2.78505706787	-1
2.78505706787	-1
2.78783202171	-1
2.78783202171	-1
2.78783202171	-1
2.78783202171	-1
2.78783202171	-1
2.78783202171	-1
2.78783202171	-1
2.78783202171	-1
2.78832006454	1
2.78832006454	1
2.80963110924	-1
2.80963110924	-1
2.80963110924	-1
2.80963110924	-1
2.80963110924	-1
2.80963110924	-1
2.80963110924	-1
2.80963110924	-1
2.83408117294	-1
2.83408117294	-1
2.83408117294	-1
2.83408117294	-1
2.83408117294	-1
2.83408117294	-1
3.00177598	1
3.11210107803	1
3.11210107803	1
3.11230516434	-1
3.14421010017	-1
3.14421010017	-1
3.14421010017	-1
3.14421010017	-1
3.14421010017	-1
3.14421010017	-1
3.14421010017	-1
3.14421010017	-1
3.16974616051	-1
3.31299209595	-1
3.31299209595	-1
3.80122303963	-1
4.00300717354	1
4.00454306602	1
4.00454306602	1
4.00454306602	1
4.00493907928	1
4.00493907928	1
4.00493907928	1
4.00493907928	1
4.00534701347	1
4.00573515892	1
4.00573515892	1
4.00573515892	1
4.26500511169	-1
5.0048429966	1
5.10482597351	1
7.00654196739	1
8.00765109062	1
8.0248260498	-1
8.07987117767	-1
8.07987117767	-1
8.07987117767	-1
8.07987117767	-1
8.07987117767	-1
8.07987117767	-1
8.07987117767	-1
8.07987117767	-1
8.10774207115	1
8.10774207115	1
8.29983115196	-1
8.29983115196	-1
8.30208706856	1
8.51152896881	-1
8.51283097267	1
8.51295804977	1
8.51295804977	1
8.51295804977	1
8.88860607147	-1
8.89505910873	-1
8.89505910873	-1
8.89505910873	-1
8.9089910984	-1
8.9089910984	-1
8.9089910984	-1
8.9089910984	-1
8.9089910984	-1
8.9089910984	-1
8.9089910984	-1
8.9089910984	-1
8.91593003273	-1
8.91593003273	-1
8.91593003273	-1
8.91593003273	-1
8.91593003273	-1
8.91593003273	-1
8.93520212173	-1
8.93520212173	-1
8.93520212173	-1
8.93520212173	-1
8.93520212173	-1
8.93520212173	-1
8.93520212173	-1
8.93520212173	-1
9.00377607346	-1
9.00377607346	-1
9.00377607346	-1
9.00377607346	-1
9.00377607346	-1
9.00377607346	-1
9.00377607346	-1
9.00377607346	-1
9.00377607346	-1
9.01612615585	-1
9.01612615585	-1
9.01612615585	-1
9.01612615585	-1
9.01612615585	-1
9.01612615585	-1
9.01612615585	-1
9.01648497581	-1
9.01648497581	-1
9.01648497581	-1
9.01648497581	-1
9.01660704613	-1
9.01660704613	-1
9.01660704613	-1
9.01660704613	-1
9.01660704613	-1
9.01660704613	-1
9.01660704613	-1
9.01807403564	1
9.03583717346	-1
9.03583717346	-1
9.03583717346	-1
9.03583717346	-1
9.03583717346	-1
9.03583717346	-1
9.03583717346	-1
9.03608202934	-1
9.03620505333	-1
9.03620505333	-1
9.03620505333	-1
9.03620505333	-1
9.03620505333	-1
9.03620505333	-1
9.03620505333	-1
9.03620505333	-1
9.11428904533	-1
9.11439299583	-1
9.11439299583	-1
9.11439299583	-1
9.11443305016	-1
9.11443305016	-1
9.11443305016	-1
9.11443305016	-1
9.11443305016	-1
9.11443305016	-1
9.11443305016	-1
9.11674809456	-1
9.11693310738	-1
9.11693310738	-1
9.11693310738	-1
9.11693310738	-1
9.11693310738	-1
9.11693310738	-1
9.11693310738	-1
9.11718010902	-1
9.11718010902	-1
9.11718010902	-1
9.11718010902	-1
9.11718010902	-1
9.11718010902	-1
9.11718010902	-1
9.11822605133	1
9.12721610069	-1
9.12721610069	-1
9.12721610069	-1
9.12721610069	-1
9.12721610069	-1
9.12721610069	-1
9.12721610069	-1
9.12721610069	-1
9.12746405602	-1
9.14832305908	-1
9.14832305908	-1
9.14832305908	-1
9.14832305908	-1
9.14832305908	-1
9.14832305908	-1
9.14832305908	-1
9.14832305908	-1
9.16331315041	-1
9.16341996193	-1
9.16341996193	-1
9.16341996193	-1
9.16341996193	-1
9.16341996193	-1
9.16341996193	-1
9.16341996193	-1
9.17491102219	-1
9.17491102219	-1
9.17491102219	-1
9.17491102219	-1
9.17491102219	-1
9.17491102219	-1
9.17491102219	-1
9.17491102219	-1
9.18958711624	-1
9.18958711624	-1
9.18958711624	-1
9.18958711624	-1
9.18958711624	-1
9.18958711624	-1
9.18958711624	-1
9.18958711624	-1
9.21740007401	-1
9.21752405167	-1
9.21752405167	-1
9.21752405167	-1
9.21766614914	-1
9.21766614914	-1
9.21766614914	-1
9.21766614914	-1
9.21766614914	-1
9.21766614914	-1
9.21766614914	-1
9.21766614914	-1
9.21785497665	1
9.21785497665	1
9.21785497665	1
9.21803402901	-1
9.21803402901	-1
9.21803402901	-1
9.21803402901	-1
9.21803402901	-1
9.21803402901	-1
9.22423815727	-1
9.22423815727	-1
9.22423815727	-1
9.22423815727	-1
9.22423815727	-1
9.22423815727	-1
9.22423815727	-1
9.22446608543	-1
9.22449207306	-1
9.22449207306	-1
9.22449207306	-1
9.22449207306	-1
9.22449207306	-1
9.22449207306	-1
9.22449207306	-1
9.24879813194	-1
9.25126504898	1
9.25126504898	1
9.25126504898	1
9.25126504898	1
9.25264406204	1
9.25264406204	1
9.25351810455	1
9.25351810455	1
9.32451510429	1
9.32451510429	1
9.43715596199	-1
9.4631421566	-1
9.4631421566	-1
9.4631421566	-1
9.4631421566	-1
9.4631421566	-1
9.4631421566	-1
9.4631421566	-1
9.4659049511	-1
9.47491717339	-1
9.47491717339	-1
9.47491717339	-1
9.47491717339	-1
9.47491717339	-1
9.47491717339	-1
9.47491717339	-1
9.47491717339	-1
9.47491717339	-1
9.48110198975	-1
9.48110198975	-1
9.48764705658	-1
9.48764705658	-1
9.48764705658	-1
9.48764705658	-1
9.48764705658	-1
9.48821115494	1
9.49779295921	-1
9.49779295921	-1
9.49779295921	-1
9.49779295921	-1
9.49779295921	-1
9.49779295921	-1
9.49779295921	-1
9.49779295921	-1
9.50086307526	-1
9.51130914688	-1
9.51130914688	-1
9.52556109428	-1
9.52556109428	-1
9.52556109428	-1
9.53046298027	-1
9.53046298027	-1
9.53046298027	-1
9.53046298027	-1
9.53046298027	-1
9.53046298027	-1
9.56342601776	-1
9.59517502785	-1
9.59517502785	-1
9.59517502785	-1
9.59517502785	-1
9.59517502785	-1
9.59517502785	-1
9.59517502785	-1
9.59517502785	-1
9.59521603584	1
9.5998570919	-1
9.62574410439	-1
9.62574410439	-1
9.69579315186	1
9.83475995064	1
9.83673214912	-1
9.9745490551	1
9.9745490551	1
9.98355412483	-1
9.98536705971	1
9.98536705971	1
9.98536705971	1
9.98536705971	1
9.98536705971	1
9.98536705971	1
9.98536705971	1
9.98536705971	1
10.0085880756	1
10.0087230206	1
10.0087230206	1
10.0855929852	-1
10.0871300697	1
10.0871300697	1
10.0871300697	1
10.0871300697	1
10.1986219883	-1
10.2069461346	-1
10.2069461346	-1
10.2069461346	-1
10.2069461346	-1
10.2069461346	-1
10.2069461346	-1
10.2069461346	-1
10.214400053	-1
10.214400053	-1
10.214400053	-1
10.214400053	-1
10.214400053	-1
10.214400053	-1
10.2215800285	-1
10.2215800285	-1
10.2283871174	-1
10.2283871174	-1
10.2283871174	-1
10.2283871174	-1
10.2283871174	-1
10.2283871174	-1
10.2283871174	-1
10.2347149849	-1
10.2398560047	-1
10.2398560047	-1
10.2398560047	-1
10.2398560047	-1
10.2453429699	-1
10.2516000271	-1
10.2516000271	-1
10.2516000271	-1
10.2516000271	-1
10.2516000271	-1
10.2516000271	-1
10.2516000271	-1
10.2592601776	-1
10.2735221386	-1
10.2735221386	-1
10.2735221386	-1
10.2735221386	-1
10.2735221386	-1
10.2735221386	-1
10.2735221386	-1
10.2735221386	-1
10.2804031372	-1
10.2804031372	-1
10.2804031372	-1
10.2804031372	-1
10.2804031372	-1
10.2804031372	-1
10.2804031372	-1
10.2964580059	-1
10.2964580059	-1
10.2964580059	-1
10.2964580059	-1
10.2964580059	-1
10.2964580059	-1
10.2964580059	-1
10.2964580059	-1
10.296489954	1
10.296489954	1
10.3071839809	-1
10.3091480732	-1
10.3091480732	-1
10.3091480732	-1
10.3091480732	-1
10.3091480732	-1
10.3091480732	-1
10.3091480732	-1
10.347440958	-1
10.347440958	-1
10.3552529812	-1
10.3552529812	-1
10.3552529812	-1
10.3552529812	-1
10.3552529812	-1
10.3552529812	-1
10.3552529812	-1
10.3552529812	-1
10.3589379787	-1
10.3589379787	-1
10.3589379787	-1
10.3589379787	-1
10.3589379787	-1
10.3589379787	-1
10.3589379787	-1
10.3630759716	-1
10.372107029	-1
10.372107029	-1
10.372107029	-1
10.3768980503	-1
10.3768980503	-1
10.3768980503	-1
10.3768980503	-1
10.3768980503	-1
10.3768980503	-1
10.3768980503	-1
10.3817920685	-1
10.3817920685	-1
10.3817920685	-1
10.3817920685	-1
10.3863799572	-1
10.3863799572	-1
10.3863799572	-1
10.3863799572	-1
10.3863799572	-1
10.3863799572	-1
10.3863799572	-1
10.3911311626	-1
10.404392004	-1
10.404392004	-1
10.4044201374	1
10.4087631702	-1
10.4087631702	-1
10.4087631702	-1
10.4087631702	-1
10.4087631702	-1
10.4087631702	-1
10.4087631702	-1
10.4192481041	-1
10.4192481041	-1
10.4192481041	-1
10.4192481041	-1
10.4192481041	-1
10.4192481041	-1
10.4192481041	-1
10.4192481041	-1
10.424695015	-1
10.424695015	-1
10.424695015	-1
10.424695015	-1
10.424695015	-1
10.424695015	-1
10.424695015	-1
10.4557750225	-1
10.4557750225	-1
10.4663171768	-1
10.4663171768	-1
10.4663171768	-1
10.4783611298	-1
10.4783611298	-1
10.4842209816	-1
10.4842209816	-1
10.4842209816	-1
10.4842209816	-1
10.4842209816	-1
10.4842209816	-1
10.4969351292	-1
10.4969351292	-1
10.5134470463	-1
10.5134470463	-1
10.5134470463	-1
10.5134470463	-1
10.5134470463	-1
10.5134470463	-1
10.5134470463	-1
10.5134711266	1
10.5355291367	-1
10.5355291367	-1
10.5355291367	-1
10.5355291367	-1
10.5355291367	-1
10.5355291367	-1
10.5355291367	-1
10.5355291367	-1
10.5464060307	-1
10.5542449951	-1
10.5542449951	-1
10.5542449951	-1
10.5542449951	-1
10.5542449951	-1
10.5542449951	-1
10.5542449951	-1
10.5621271133	-1
10.5621271133	-1
10.5621271133	-1
10.5621271133	-1
10.5621271133	-1
10.5621271133	-1
10.5621271133	-1
10.5621271133	-1
10.5690290928	-1
10.609536171	-1
10.609536171	-1
10.609536171	-1
10.609536171	-1
10.609536171	-1
10.609536171	-1
10.609536171	-1
10.609536171	-1
10.6195809841	-1
10.6196081638	1
10.6201550961	-1
10.6201550961	-1
10.6201550961	-1
10.6201550961	-1
10.6201550961	-1
10.6201550961	-1
10.6201550961	-1
10.719848156	-1
10.719848156	-1
10.7308981419	-1
10.7308981419	-1
10.7308981419	-1
10.7308981419	-1
10.7420179844	-1
10.7420179844	-1
10.749530077	-1
10.749530077	-1
10.749530077	-1
10.8147511482	1
10.8252210617	1
10.8252210617	1
10.8252210617	1
11.0095820427	1
11.0095820427	1
11.0095820427	1
11.0746130943	-1
11.1191670895	-1
11.1191670895	-1
11.1191670895	-1
11.1191670895	-1
11.1191670895	-1
11.1191670895	-1
11.1191670895	-1
11.1191670895	-1
11.1312100887	-1
11.1680910587	-1
11.1680910587	-1
11.1680910587	-1
11.1680910587	-1
11.1680910587	-1
11.1680910587	-1
11.1680910587	-1
11.1680910587	-1
11.1681230068	1
11.1743381023	-1
11.1743381023	-1
11.1743381023	-1
11.1743381023	-1
11.1743381023	-1
11.1743381023	-1
11.1743381023	-1
11.1800701618	-1
11.1855399609	-1
11.1855399609	-1
11.1855399609	-1
11.1855399609	-1
11.1855399609	-1
11.1855399609	-1
11.1855399609	-1
11.1910841465	-1
11.2065861225	-1
11.2065861225	-1
11.2065861225	-1
11.2210609913	-1
11.2210609913	-1
11.2210609913	-1
11.2210609913	-1
11.2210609913	-1
11.2276980877	-1
11.2350239754	-1
11.2350239754	-1
11.2350239754	-1
11.2350239754	-1
11.2350239754	-1
11.2420270443	-1
11.2420270443	-1
11.2420270443	-1
11.2420270443	-1
11.2420270443	-1
11.249849081	-1
11.2620961666	-1
11.2620961666	-1
11.2620961666	-1
11.3066260815	1
11.3066260815	1
11.5833261013	-1
11.5842051506	1
11.8130040169	-1
11.951636076	-1
11.9739580154	1
12.1947929859	-1
12.3316280842	-1
12.3554780483	1
12.5514690876	-1
12.5541701317	-1
12.5541701317	-1
12.5541701317	-1
12.5541701317	-1
12.5541701317	-1
12.5541701317	-1
12.5541701317	-1
12.558961153	-1
12.558961153	-1
12.558961153	-1
12.558961153	-1
12.558961153	-1
12.558961153	-1
12.558961153	-1
12.5684211254	-1
12.5684211254	-1
12.5684211254	-1
12.5684211254	-1
12.5684211254	-1
12.5733730793	-1
12.5733730793	-1
12.5733730793	-1
12.5733730793	-1
12.5733730793	-1
12.5733730793	-1
12.5866291523	-1
12.5866291523	-1
12.5866291523	-1
12.5866291523	-1
12.5866291523	-1
12.5866291523	-1
12.5866291523	-1
14.0105600357	1
15.0117940903	1
15.1120259762	1
15.2341051102	-1
