0.0	-1
0.409618139267	-1
0.410552024841	1
0.521486997604	-1
1.27227306366	1
1.38398504257	1
1.55191111565	-1
1.68887400627	-1
1.69190406799	-1
1.69190406799	-1
1.69190406799	-1
1.69190406799	-1
1.69190406799	-1
1.69190406799	-1
1.69190406799	-1
1.69190406799	-1
1.78903508186	-1
1.80414509773	1
2.0935549736	-1
2.09500193596	1
2.37941503525	-1
2.38046813011	-1
2.38046813011	-1
2.38046813011	-1
2.38046813011	-1
2.38046813011	-1
2.38046813011	-1
2.38046813011	-1
2.38046813011	-1
2.40392804146	-1
2.40442204475	-1
2.40442204475	-1
2.40442204475	-1
2.40442204475	-1
2.40442204475	-1
2.40442204475	-1
2.40442204475	-1
2.40470695496	-1
2.40470695496	-1
2.40470695496	-1
2.40470695496	-1
2.40470695496	-1
2.40470695496	-1
2.40470695496	-1
2.4445681572	1
2.44787502289	1
2.44787502289	1
2.44787502289	1
2.47718405724	-1
2.47718405724	-1
2.47718405724	-1
2.47718405724	-1
2.47718405724	-1
2.49280595779	-1
2.49280595779	-1
2.49292993546	-1
2.49292993546	-1
2.49292993546	-1
2.49292993546	-1
2.49292993546	-1
2.49292993546	-1
2.49292993546	-1
2.5160009861	-1
2.5160009861	-1
2.5160009861	-1
2.5160009861	-1
2.5160009861	-1
2.5160009861	-1
2.5160009861	-1
2.51664400101	-1
2.51664400101	-1
2.51664400101	-1
2.51664400101	-1
2.51664400101	-1
2.51664400101	-1
2.51664400101	-1
2.51664400101	-1
2.51703310013	-1
2.51703310013	-1
2.51703310013	-1
2.51866102219	1
2.51866102219	1
2.72525596619	-1
2.82136297226	-1
2.82136297226	-1
2.82136297226	-1
2.82146811485	-1
2.82146811485	-1
2.82146811485	-1
2.86869001389	-1
2.86869001389	-1
2.86883616447	-1
2.86883616447	-1
2.86883616447	-1
2.87587714195	-1
2.87587714195	-1
2.87834596634	1
2.92017602921	-1
2.92017602921	-1
2.92017602921	-1
2.92017602921	-1
2.92017602921	-1
2.92017602921	-1
2.92017602921	-1
2.92017602921	-1
3.16179299355	-1
3.16304993629	1
3.16316795349	1
3.16316795349	1
3.16316795349	1
3.64677095413	-1
3.64739513397	-1
3.64739513397	-1
3.64739513397	-1
3.64739513397	-1
3.64739513397	-1
3.64739513397	-1
3.64739513397	-1
3.64739513397	-1
3.67081713676	-1
3.67140507698	-1
3.67140507698	-1
3.67140507698	-1
3.67140507698	-1
3.67140507698	-1
3.67140507698	-1
3.67140507698	-1
3.67140507698	-1
3.67174315453	-1
3.67174315453	-1
3.67174315453	-1
3.67174315453	-1
3.67174315453	-1
3.67174315453	-1
3.67174315453	-1
3.74491095543	-1
3.7593460083	-1
3.7593460083	-1
3.7593460083	-1
3.7593460083	-1
3.7593960762	-1
3.75957512856	-1
3.75957512856	-1
3.75957512856	-1
3.75957512856	-1
3.75957512856	-1
3.75957512856	-1
3.75957512856	-1
3.78338003159	-1
3.78338003159	-1
3.78338003159	-1
3.78338003159	-1
3.78338003159	-1
3.78338003159	-1
3.78338003159	-1
3.78338003159	-1
3.78397011757	-1
3.78397011757	-1
3.78397011757	-1
3.78397011757	-1
3.78397011757	-1
3.78397011757	-1
3.78397011757	-1
3.78397011757	-1
3.78397011757	-1
3.78443598747	-1
3.78443598747	-1
3.78443598747	-1
3.78443598747	-1
3.78443598747	-1
3.78443598747	-1
3.78519511223	1
3.82012295723	-1
3.82012295723	-1
3.82012295723	-1
3.82012295723	-1
3.82012295723	-1
3.82012295723	-1
3.82012295723	-1
3.82012295723	-1
3.82012295723	-1
3.87130308151	-1
3.87130308151	-1
3.87130308151	-1
3.87142109871	-1
3.87142109871	-1
3.87145805359	-1
3.87145805359	-1
3.87145805359	-1
3.8715839386	-1
3.8715839386	-1
3.87171316147	-1
3.87171316147	-1
3.87171316147	-1
3.87171316147	-1
3.87171316147	-1
3.87192106247	-1
3.89526510239	-1
3.89526510239	-1
3.89526510239	-1
3.89526510239	-1
3.89526510239	-1
3.89526510239	-1
3.89526510239	-1
3.89526510239	-1
3.89561510086	-1
3.89561510086	-1
3.89561510086	-1
3.89561510086	-1
3.89561510086	-1
3.89564204216	-1
3.89585995674	-1
3.89585995674	-1
3.89585995674	-1
3.89585995674	-1
3.89585995674	-1
3.89585995674	-1
3.89585995674	-1
3.89612603188	-1
3.89612603188	-1
3.89612603188	-1
3.89612603188	-1
3.89612603188	-1
3.89612603188	-1
3.89612603188	-1
3.89612603188	-1
3.89666104317	-1
3.89666104317	-1
3.89666104317	-1
3.89666104317	-1
3.89666104317	-1
3.89686703682	-1
3.89686703682	-1
3.89686703682	-1
3.89686703682	-1
3.89686703682	-1
3.89686703682	-1
3.89686703682	-1
3.89686703682	-1
3.89686703682	-1
3.89774394035	-1
3.89774394035	-1
3.89774394035	-1
3.89774394035	-1
3.89774394035	-1
3.89774394035	-1
3.89779996872	1
3.89779996872	1
3.93213701248	-1
3.93213701248	-1
3.93213701248	-1
3.93213701248	-1
3.93213701248	-1
3.93213701248	-1
3.93213701248	-1
3.93213701248	-1
3.96937608719	-1
3.96937608719	-1
3.96937608719	-1
3.96937608719	-1
3.96937608719	-1
3.96937608719	-1
3.96937608719	-1
3.96937608719	-1
3.98344612122	-1
3.98344612122	-1
3.98344612122	-1
3.98344612122	-1
3.98344612122	-1
3.98344612122	-1
3.98344612122	-1
3.98344612122	-1
3.9837949276	-1
3.9837949276	-1
3.9837949276	-1
3.98391795158	-1
3.98404097557	-1
3.98404097557	-1
3.98404097557	-1
3.98404097557	-1
3.98404097557	-1
3.98404097557	-1
3.98404097557	-1
3.98428797722	-1
3.98440909386	-1
3.98440909386	-1
3.98440909386	-1
3.98440909386	-1
3.98440909386	-1
4.02740311623	1
4.02740311623	1
4.02740311623	1
4.03093600273	1
4.03093600273	1
4.03272294998	1
4.03272294998	1
4.03272294998	1
4.04443311691	1
4.04443311691	1
4.04443311691	1
4.32066893578	-1
4.32258009911	1
4.32276010513	1
4.32276010513	1
4.32276010513	1
4.32276010513	1
4.32276010513	1
4.32276010513	1
4.34292793274	-1
4.34292793274	-1
4.34292793274	-1
4.34292793274	-1
4.34292793274	-1
4.34292793274	-1
4.34292793274	-1
4.37174201012	-1
4.37239909172	-1
4.37239909172	-1
4.37239909172	-1
4.37239909172	-1
4.37239909172	-1
4.37239909172	-1
4.37239909172	-1
4.37293815613	-1
4.39621400833	-1
4.39621400833	-1
4.39621400833	-1
4.39648199081	-1
4.39648199081	-1
4.39648199081	-1
4.39648199081	-1
4.39648199081	-1
4.39648199081	-1
4.39648199081	-1
4.39672803879	-1
4.39728307724	-1
4.39728307724	-1
4.39728307724	-1
4.39728307724	-1
4.39728307724	-1
4.39728307724	-1
4.39728307724	-1
4.39728307724	-1
4.43475413322	-1
4.43475413322	-1
4.43479204178	1
4.44031500816	-1
4.44031500816	-1
4.44031500816	-1
4.44031500816	-1
4.44031500816	-1
4.44031500816	-1
4.44031500816	-1
4.44031500816	-1
4.44063401222	-1
4.54813408852	-1
4.55058312416	1
4.70288014412	1
4.85855603218	-1
4.85999202728	-1
4.85999202728	-1
4.85999202728	-1
4.86018013954	-1
4.86018013954	-1
4.86018013954	-1
4.86018013954	-1
4.86093401909	-1
4.88391113281	-1
4.88391113281	-1
4.88391113281	-1
4.88391113281	-1
4.88391113281	-1
4.88391113281	-1
4.88391113281	-1
4.88420200348	-1
4.88420200348	-1
4.88420200348	-1
4.88420200348	-1
4.88420200348	-1
4.88420200348	-1
4.88420200348	-1
4.95718407631	-1
4.95718407631	-1
4.95743298531	-1
4.95743298531	-1
4.95743298531	-1
4.95743298531	-1
4.95767807961	-1
4.95767807961	-1
4.95818305016	-1
4.95818305016	-1
4.9582259655	-1
4.9582259655	-1
4.9582259655	-1
4.9582259655	-1
4.9582259655	-1
4.9582259655	-1
4.9582259655	-1
4.95844197273	-1
4.95866203308	-1
4.95866203308	-1
4.95866203308	-1
4.95866203308	-1
4.96051311493	1
4.98184013367	-1
4.98184013367	-1
4.98184013367	-1
4.98184013367	-1
4.98184013367	-1
4.98184013367	-1
4.98184013367	-1
4.98184013367	-1
4.9820690155	-1
4.9820690155	-1
4.9820690155	-1
4.9820690155	-1
5.0938179493	-1
5.09385514259	1
5.10490894318	1
5.10490894318	1
5.10490894318	1
5.10490894318	1
5.10490894318	1
5.10490894318	1
5.59744000435	-1
5.59813094139	-1
5.59813094139	-1
5.59813094139	-1
5.60672402382	-1
5.60672402382	-1
5.60672402382	-1
5.60672402382	-1
5.60672402382	-1
5.60672402382	-1
5.60672402382	-1
5.60672402382	-1
5.60732197762	-1
5.60732197762	-1
5.60732197762	-1
5.60732197762	-1
5.60732197762	-1
5.60732197762	-1
5.60732197762	-1
5.62171912193	-1
5.62190294266	-1
5.62190294266	-1
5.62190294266	-1
5.62190294266	-1
5.69529795647	-1
5.69529795647	-1
5.69607305527	-1
5.69607305527	-1
5.69613695145	-1
5.69613695145	-1
5.69613695145	-1
5.69613695145	-1
5.69613695145	-1
5.69613695145	-1
5.69613695145	-1
5.69613695145	-1
5.696352005	-1
5.696352005	-1
5.696352005	-1
5.696352005	-1
5.696352005	-1
5.69659304619	-1
5.70463395119	-1
5.70463395119	-1
5.70463395119	-1
5.70463395119	-1
5.70463395119	-1
5.70463395119	-1
5.70463395119	-1
5.70463395119	-1
5.70463395119	-1
5.7113339901	-1
5.7113339901	-1
5.71915602684	-1
5.71915602684	-1
5.71915602684	-1
5.71915602684	-1
5.71915602684	-1
5.71915602684	-1
5.71915602684	-1
5.71915602684	-1
5.71950411797	-1
5.71950411797	-1
5.71950411797	-1
5.71950411797	-1
5.71950411797	-1
5.71950411797	-1
5.71950411797	-1
5.71975111961	-1
5.71975111961	-1
5.71975111961	-1
5.71975111961	-1
5.71975111961	-1
5.72124910355	1
5.73386001587	-1
5.73386001587	-1
5.73386001587	-1
5.73386001587	-1
5.73386001587	-1
5.73386001587	-1
5.73386001587	-1
5.7927980423	-1
5.7927980423	-1
5.7927980423	-1
5.7927980423	-1
5.7927980423	-1
5.7927980423	-1
5.7927980423	-1
5.7927980423	-1
5.80732798576	-1
5.80811595917	-1
5.80811595917	-1
5.80811595917	-1
5.80811595917	-1
5.80811595917	-1
5.80811595917	-1
5.80811595917	-1
5.80834197998	-1
5.80834197998	-1
5.80834197998	-1
5.80834197998	-1
5.80834197998	-1
5.80834197998	-1
5.80834197998	-1
5.80861997604	-1
5.80861997604	-1
5.80861997604	-1
5.80861997604	-1
5.80861997604	-1
5.80861997604	-1
5.80861997604	-1
5.80861997604	-1
5.8090801239	-1
5.8090801239	-1
5.8090801239	-1
5.8090801239	-1
5.8090801239	-1
5.8090801239	-1
5.8090801239	-1
5.8090801239	-1
5.80946803093	-1
5.80946803093	-1
5.80946803093	-1
5.80946803093	-1
5.80946803093	-1
5.80946803093	-1
5.80946803093	-1
5.80946803093	-1
5.80946803093	-1
5.82352113724	-1
5.82352113724	-1
5.82352113724	-1
5.82352113724	-1
5.82352113724	-1
5.82352113724	-1
5.82352113724	-1
5.82375597954	-1
5.82375597954	-1
5.82375597954	-1
5.82375597954	-1
5.82375597954	-1
5.82375597954	-1
5.82375597954	-1
5.82375597954	-1
5.8241250515	-1
5.8241250515	-1
5.8241250515	-1
5.8241250515	-1
5.8241250515	-1
5.8241250515	-1
5.8241250515	-1
5.8241250515	-1
5.82609415054	1
5.82609415054	1
5.82609415054	1
5.83225893974	-1
5.83225893974	-1
5.95186400414	1
6.30196094513	-1
6.32665514946	-1
6.32665514946	-1
6.32665514946	-1
6.32665514946	-1
6.32665514946	-1
6.32665514946	-1
6.32665514946	-1
6.32665514946	-1
6.39957904816	-1
6.39976406097	-1
6.39976406097	-1
6.69825601578	1
6.70046901703	1
6.70046901703	1
6.70046901703	1
6.70148611069	1
6.70148611069	1
6.95586299896	-1
6.98050808907	-1
6.98050808907	-1
6.98050808907	-1
6.98091006279	-1
6.98091006279	-1
6.98091006279	-1
6.98091006279	-1
6.98091006279	-1
6.98091006279	-1
6.98091006279	-1
6.98115301132	-1
6.98158407211	-1
6.98158407211	-1
6.98158407211	-1
6.98158407211	-1
6.98158407211	-1
6.98158407211	-1
6.98158407211	-1
7.05326104164	-1
7.05373001099	-1
7.05373001099	-1
7.05373001099	-1
7.05373001099	-1
7.05373001099	-1
7.05373001099	-1
7.05373001099	-1
7.0678601265	-1
7.0690369606	1
7.07721614838	-1
7.07721614838	-1
7.07721614838	-1
7.07721614838	-1
7.07721614838	-1
7.07721614838	-1
7.07721614838	-1
7.07721614838	-1
7.09266614914	-1
7.09266614914	-1
7.09266614914	-1
7.09266614914	-1
7.09266614914	-1
7.09266614914	-1
7.09311008453	-1
7.09311008453	-1
7.09311008453	-1
7.09323310852	-1
7.09323310852	-1
7.09323310852	-1
7.09323310852	-1
7.09323310852	-1
7.09323310852	-1
7.09323310852	-1
7.09323310852	-1
7.09362196922	-1
7.09362196922	-1
7.09362196922	-1
7.09362196922	-1
7.09362196922	-1
7.09362196922	-1
7.09362196922	-1
7.09362196922	-1
7.09389209747	-1
7.09389209747	-1
7.09389209747	-1
7.09864211082	1
7.09864211082	1
7.09864211082	1
7.17488503456	-1
7.17488503456	-1
7.17488503456	-1
7.20227503777	-1
7.20227503777	-1
7.20227503777	-1
7.20227503777	-1
7.20227503777	-1
7.20227503777	-1
7.20227503777	-1
7.27226805687	-1
7.29197907448	-1
7.29197907448	-1
7.3142080307	1
7.57038402557	-1
7.70677304268	-1
7.70677304268	-1
7.70677304268	-1
7.72272610664	1
8.003937006	-1
8.1520049572	-1
8.16373610497	1
8.44374108315	-1
8.59191894531	-1
8.62054514885	1
8.9030380249	-1
8.90374612808	-1
8.90374612808	-1
8.90374612808	-1
8.90374612808	-1
8.90374612808	-1
8.90374612808	-1
8.90374612808	-1
8.90374612808	-1
8.92486906052	-1
8.92564606667	-1
8.92564606667	-1
8.92576003075	-1
8.92576003075	-1
8.92576003075	-1
8.92576003075	-1
8.92576003075	-1
8.92576003075	-1
8.92576003075	-1
9.00079202652	-1
9.00102615356	-1
9.00102615356	-1
9.00102615356	-1
9.00102615356	-1
9.00102615356	-1
9.00102615356	-1
9.00102615356	-1
9.00127100945	-1
9.00127100945	-1
9.00130200386	-1
9.00130200386	-1
9.00130200386	-1
9.00130200386	-1
9.00130200386	-1
11.1409311295	-1
