0.0	1
0.000180006027222	1
0.000180006027222	1
0.000180006027222	1
0.000180006027222	1
0.000560998916626	1
0.000560998916626	1
0.521811008453	-1
1.00023007393	1
1.11266994476	1
1.51941609383	-1
1.61559104919	1
1.72723197937	1
2.00121688843	1
2.11286401749	1
2.20320987701	-1
2.52655386925	-1
2.53344988823	-1
2.53344988823	-1
2.53344988823	-1
2.62264108658	-1
2.62264108658	-1
2.62264108658	-1
2.62264108658	-1
2.62264108658	-1
2.91587901115	-1
2.91883301735	1
3.03060793877	1
3.03060793877	1
3.53137207031	-1
3.53622698784	1
3.8624420166	-1
4.0021469593	1
4.00249004364	1
4.00249004364	1
4.00249004364	1
4.24756002426	-1
4.29334998131	-1
4.29334998131	-1
4.29334998131	-1
4.29413509369	-1
4.29413509369	-1
4.29413509369	-1
4.29429507256	-1
4.29429507256	-1
4.29429507256	-1
4.3360209465	-1
4.3360209465	-1
4.36109900475	-1
4.36184406281	1
4.51508688927	1
4.51508688927	1
4.52109289169	-1
4.52506494522	-1
4.52506494522	-1
4.52506494522	-1
4.52846288681	-1
4.52846288681	-1
4.52846288681	-1
4.52927398682	-1
4.52927398682	-1
4.52927398682	-1
4.58660793304	-1
4.58660793304	-1
4.58660793304	-1
4.58660793304	-1
4.58660793304	-1
4.58660793304	-1
4.58660793304	-1
4.58660793304	-1
4.58869194984	-1
4.58869194984	-1
4.58869194984	-1
4.58869194984	-1
4.58869194984	-1
4.58869194984	-1
4.58869194984	-1
4.58869194984	-1
4.58869194984	-1
4.62760996819	1
4.62760996819	1
4.64850497246	-1
4.64850497246	-1
4.64850497246	-1
4.72705507278	-1
4.72705507278	-1
4.72705507278	-1
4.72705507278	-1
4.72705507278	-1
4.72705507278	-1
4.76017904282	1
4.81556797028	-1
4.81556797028	-1
4.81556797028	-1
4.81556797028	-1
4.88128590584	-1
4.88128590584	-1
4.88128590584	-1
4.88128590584	-1
4.88128590584	-1
5.00184607506	1
5.00223588943	1
5.00223588943	1
5.00223588943	1
5.00255799294	1
5.00255799294	1
5.27026295662	-1
5.30702495575	-1
5.30702495575	-1
5.30702495575	-1
5.30731296539	-1
5.30731296539	-1
5.30731296539	-1
5.3083178997	-1
5.3083178997	-1
5.44488406181	-1
5.44488406181	-1
5.44488406181	-1
5.44627594948	-1
5.44627594948	-1
5.48715305328	-1
5.48715305328	-1
5.48715305328	-1
5.48715305328	-1
5.48715305328	-1
5.48715305328	-1
5.66867494583	-1
5.67074489594	1
5.98701000214	-1
6.00355601311	1
6.37682795525	-1
6.37831497192	1
6.37843990326	1
6.37843990326	1
6.37843990326	1
6.76805210114	-1
7.00267696381	1
7.00355005264	1
7.00355005264	1
7.00355005264	1
7.36133909225	-1
7.36301589012	-1
7.36301589012	-1
7.36301589012	-1
7.36301589012	-1
7.36301589012	-1
7.36324596405	-1
7.36327600479	-1
7.36327600479	-1
7.36327600479	-1
7.36327600479	-1
7.36327600479	-1
7.36385989189	-1
7.36385989189	-1
7.36385989189	-1
7.36385989189	-1
7.36385989189	-1
7.36385989189	-1
7.36385989189	-1
7.36385989189	-1
7.36422896385	-1
7.36422896385	-1
7.36422896385	-1
7.36422896385	-1
7.36422896385	-1
7.70302510262	-1
7.71840405464	-1
7.71840405464	-1
7.71840405464	-1
7.71840405464	-1
7.71840405464	-1
7.74220395088	-1
7.79366397858	-1
7.79366397858	-1
7.79366397858	-1
7.79443287849	1
7.8466219902	-1
7.8466219902	-1
7.8466219902	-1
7.87330508232	-1
7.87330508232	-1
7.87330508232	-1
7.90593504906	1
7.92177605629	-1
7.92177605629	-1
7.9585340023	-1
7.98698401451	-1
7.98698401451	-1
7.98698401451	-1
7.98698401451	-1
7.98698401451	-1
8.0249478817	-1
8.08705997467	-1
8.08705997467	-1
8.08705997467	-1
8.08705997467	-1
8.08705997467	-1
8.13987803459	-1
8.19478392601	-1
8.19478392601	-1
8.19478392601	-1
8.19478392601	-1
8.19478392601	-1
8.19478392601	-1
8.19478392601	-1
8.19478392601	-1
8.22736287117	-1
8.22736287117	-1
8.22736287117	-1
8.22736287117	-1
8.22736287117	-1
8.22736287117	-1
8.26375293732	-1
8.26375293732	-1
8.26375293732	-1
8.27771902084	-1
8.27771902084	-1
8.29115009308	-1
8.29115009308	-1
8.29115009308	-1
8.29115009308	-1
8.2920498848	-1
8.31226587296	-1
8.31226587296	-1
8.31226587296	-1
8.34128499031	-1
8.34128499031	-1
8.34128499031	-1
8.37672400475	-1
8.37672400475	-1
8.37672400475	-1
8.37672400475	-1
8.37672400475	-1
8.40374088287	-1
8.40374088287	-1
8.40374088287	-1
8.40374088287	-1
8.40450787544	1
8.40452289581	-1
8.40452289581	-1
8.42539095879	-1
8.42539095879	-1
8.42539095879	-1
8.45558905602	-1
8.45558905602	-1
8.48870205879	-1
8.48870205879	-1
8.48870205879	-1
8.48870205879	-1
8.48870205879	-1
8.50344395638	-1
8.50344395638	-1
8.50344395638	-1
8.50344395638	-1
8.50344395638	-1
8.51596188545	-1
8.51596188545	-1
8.51596188545	-1
8.51596188545	-1
8.51596188545	-1
8.51596188545	-1
8.51596188545	-1
8.53731203079	-1
8.60064888	-1
8.60064888	-1
8.60064888	-1
8.60064888	-1
8.60064888	-1
8.60075092316	-1
8.60078907013	-1
8.60078907013	-1
8.60078907013	-1
8.60078907013	-1
8.60078907013	-1
8.62772893906	-1
8.62772893906	-1
8.62772893906	-1
8.62772893906	-1
8.62772893906	-1
8.62772893906	-1
8.64924693108	-1
8.64924693108	-1
8.64924693108	-1
8.64924693108	-1
8.64924693108	-1
8.65005087852	1
8.71267700195	-1
8.71267700195	-1
8.71267700195	-1
8.71267700195	-1
8.71267700195	-1
8.71267700195	-1
8.71289205551	-1
8.71289205551	-1
8.71289205551	-1
8.71289205551	-1
8.71289205551	-1
8.71289205551	-1
8.74009895325	-1
8.74009895325	-1
8.74009895325	-1
8.74009895325	-1
8.74009895325	-1
8.74009895325	-1
8.76105189323	-1
8.76115989685	-1
8.76115989685	-1
8.76115989685	-1
8.76201605797	-1
8.76201605797	-1
8.76204800606	1
8.82524704933	-1
8.82524704933	-1
8.82524704933	-1
8.82524704933	-1
8.82524704933	-1
8.82524704933	-1
8.85202908516	-1
8.85202908516	-1
8.85202908516	-1
8.85202908516	-1
8.85202908516	-1
8.85202908516	-1
8.85428309441	1
8.85428309441	1
8.85428309441	1
8.85428309441	1
8.85428309441	1
8.85428309441	1
8.85477399826	1
8.85477399826	1
8.85477399826	1
8.85612106323	1
8.85612106323	1
8.85612106323	1
8.91406488419	1
9.26728200912	-1
9.4122569561	-1
9.4122569561	-1
9.4122569561	-1
9.41295599937	-1
9.41295599937	-1
9.41295599937	-1
9.4171090126	-1
9.4171090126	-1
9.41774606705	-1
9.41774606705	-1
9.41774606705	-1
9.41774606705	-1
9.41774606705	-1
9.41823792458	-1
9.41823792458	-1
9.41823792458	-1
9.41823792458	-1
9.41823792458	-1
9.41823792458	-1
9.41823792458	-1
9.41876888275	-1
9.41876888275	-1
9.66114997864	-1
9.66329288483	-1
9.66329288483	-1
9.66329288483	-1
9.66329288483	-1
9.66329288483	-1
9.70264196396	-1
9.70280909538	-1
9.70280909538	-1
9.70320010185	-1
9.70320010185	-1
9.70320010185	-1
9.70404005051	-1
9.70404005051	-1
9.70587587357	-1
9.70587587357	-1
9.70587587357	-1
9.70614695549	-1
9.70614695549	-1
9.70614695549	-1
9.70618009567	-1
9.70618009567	-1
9.70618009567	-1
9.70618009567	-1
9.70663809776	-1
9.70717287064	-1
9.70717287064	-1
9.70828390121	1
9.77296590805	-1
9.77296590805	-1
9.77296590805	-1
9.77296590805	-1
9.77538204193	-1
9.77538204193	-1
9.81440591812	-1
9.81440591812	-1
9.81458187103	-1
9.81458187103	-1
9.81458187103	-1
9.8151140213	-1
9.8151140213	-1
9.81999588013	1
9.82633090019	-1
9.82633090019	-1
9.82633090019	-1
9.95811390877	-1
9.95811390877	-1
9.95811390877	-1
9.95881509781	1
9.95918107033	-1
9.95918107033	-1
9.9998319149	-1
9.9998319149	-1
9.9998319149	-1
9.9998319149	-1
9.9998319149	-1
10.0007128716	-1
10.0009360313	-1
10.0009360313	-1
10.0032179356	-1
10.0032179356	-1
10.0032179356	-1
10.0051310062	-1
10.0051310062	-1
10.0051310062	-1
10.0051310062	-1
10.0051310062	-1
10.0051310062	-1
10.0051310062	-1
10.0055248737	-1
10.0055520535	-1
10.0055520535	-1
10.0055520535	-1
10.0055520535	-1
10.0055520535	-1
10.0055520535	-1
10.0055520535	-1
10.0408260822	-1
10.0711889267	-1
10.0711889267	-1
10.0711889267	-1
10.0711889267	-1
10.0711889267	-1
10.1116650105	-1
10.1117680073	-1
10.1117680073	-1
10.1129009724	-1
10.1129009724	-1
10.1129009724	-1
10.1130158901	-1
10.1130158901	-1
10.1130480766	-1
10.1130480766	-1
10.1130480766	-1
10.1179089546	-1
10.1179089546	-1
10.1179089546	-1
10.1179609299	-1
10.1179609299	-1
10.1179609299	-1
10.1183209419	-1
10.1183209419	-1
10.1183459759	-1
10.1183459759	-1
10.1183459759	-1
10.1183459759	-1
10.1183459759	-1
10.1185750961	-1
10.1219871044	1
10.2729020119	1
10.9002161026	-1
10.9017670155	1
10.9019100666	1
10.9019100666	1
10.9019100666	1
10.9019100666	1
11.014113903	1
11.289552927	-1
11.2908360958	1
11.4029870033	1
11.8260140419	-1
11.8269529343	-1
11.8269529343	-1
11.8269529343	-1
11.8270039558	-1
11.8270039558	-1
11.8270039558	-1
11.8282849789	-1
11.8282849789	-1
11.8282849789	-1
11.8282849789	-1
11.8293280602	-1
11.8296809196	-1
11.8296809196	-1
11.8296809196	-1
11.8299670219	-1
11.8299670219	-1
11.8299670219	-1
11.8309249878	-1
11.8309249878	-1
11.8309249878	-1
12.0042479038	1
12.1156220436	-1
12.1159539223	1
12.3257119656	-1
12.3308119774	-1
12.3308119774	-1
12.3308119774	-1
12.3325629234	-1
12.3325629234	-1
12.3325629234	-1
12.3335220814	-1
12.3335220814	-1
12.3339009285	1
12.3355739117	-1
12.3355739117	-1
12.3355739117	-1
12.3367788792	-1
12.3367788792	-1
12.3367788792	-1
12.4103910923	-1
12.4103910923	-1
12.4103910923	-1
12.4147529602	-1
12.4147529602	-1
12.4147529602	-1
12.4172720909	-1
12.419203043	-1
12.419203043	-1
12.419203043	-1
12.4223489761	-1
12.4223489761	-1
12.4233839512	-1
12.4233839512	-1
12.4233839512	-1
12.4426488876	-1
12.6181900501	-1
12.6209321022	-1
12.6209321022	-1
12.6209321022	-1
12.6209321022	-1
12.6247611046	-1
12.6247611046	-1
12.6247611046	-1
12.6255090237	1
12.6270959377	-1
12.6282820702	-1
12.6282820702	-1
12.6282820702	-1
12.6295530796	-1
12.6295530796	-1
12.6295530796	-1
12.6300959587	-1
12.6300959587	-1
12.6312630177	-1
12.6312630177	-1
12.6312630177	-1
12.6319999695	-1
12.6319999695	-1
12.6319999695	-1
12.6322190762	-1
12.6322190762	-1
12.6322190762	-1
12.6324050426	-1
12.6325240135	-1
12.6325240135	-1
12.6325240135	-1
12.63321805	-1
12.63321805	-1
12.63321805	-1
12.7304530144	-1
12.7304530144	-1
12.7305569649	-1
12.7305569649	-1
12.7305569649	-1
12.7366580963	-1
12.7366580963	-1
12.7367620468	-1
12.7367620468	-1
12.7367620468	-1
12.7403218746	-1
12.7403218746	-1
12.7403218746	-1
12.7404279709	-1
12.7404279709	-1
12.7404589653	-1
12.7404589653	-1
12.7404589653	-1
12.741932869	-1
12.741932869	-1
12.8541820049	-1
12.8547608852	-1
12.8547608852	-1
12.8547608852	-1
12.8547608852	-1
12.8547918797	-1
12.8547918797	-1
12.8554570675	-1
12.8554570675	-1
12.8554570675	-1
12.8555710316	1
12.8556079865	-1
12.8556079865	-1
12.8556079865	-1
12.8560919762	-1
12.8561198711	-1
12.8561198711	-1
12.8561198711	-1
12.8563370705	-1
12.8563370705	-1
12.8563370705	-1
12.8563370705	-1
12.8563649654	-1
12.8565819263	-1
12.8565819263	-1
12.8565819263	-1
12.8575620651	-1
12.8575620651	-1
12.8575620651	-1
13.0083539486	1
13.356803894	1
13.3622539043	1
13.3622539043	1
13.3622539043	1
13.9554429054	-1
13.9587619305	-1
13.9587619305	-1
13.9587619305	-1
13.9604799747	-1
13.9604799747	-1
13.9638180733	-1
13.9638180733	-1
13.9638180733	-1
13.9638180733	-1
13.9638180733	-1
13.9638180733	-1
13.9671459198	-1
13.9671459198	-1
13.9671459198	-1
13.9671459198	-1
13.9671459198	-1
13.9671459198	-1
13.9671459198	-1
13.9671459198	-1
13.9671459198	-1
13.9679939747	1
14.0673930645	-1
14.0794808865	1
14.0794808865	1
14.2517089844	-1
14.2541849613	-1
14.2541849613	-1
14.2541849613	-1
14.2541849613	-1
14.2541849613	-1
14.2550098896	-1
14.2551300526	-1
14.2551300526	-1
14.2564930916	-1
14.2564930916	-1
14.2564930916	-1
14.2564930916	-1
14.2564930916	-1
14.2567279339	-1
14.256759882	-1
14.256759882	-1
14.2988209724	-1
14.2988209724	-1
14.2988209724	-1
14.2988209724	-1
14.2988209724	-1
14.3676788807	1
14.4809119701	-1
14.5789020061	-1
14.5789020061	-1
14.5789020061	-1
14.5789020061	-1
14.5789020061	-1
14.5793099403	-1
14.5793530941	-1
14.5793530941	-1
14.580933094	-1
14.580933094	-1
14.580933094	-1
14.7434079647	-1
14.7434079647	-1
15.0058848858	1
15.0071439743	-1
15.0633180141	-1
15.0633180141	-1
15.0633180141	-1
15.1174709797	1
16.0668590069	-1
16.0681049824	1
16.6198859215	-1
17.006788969	-1
17.0137789249	1
17.5657629967	-1
17.9603550434	-1
17.9906089306	1
18.5517189503	-1
18.5533509254	-1
18.5533509254	-1
18.5533509254	-1
18.5533509254	-1
18.5549890995	-1
18.5549890995	-1
18.5549890995	-1
18.5549890995	-1
18.5549890995	-1
18.5549890995	-1
18.5549890995	-1
18.5549890995	-1
18.5554850101	-1
18.5554850101	-1
18.5554850101	-1
18.5554850101	-1
18.5554850101	-1
18.5554850101	-1
18.5554850101	-1
18.5563189983	-1
18.5563189983	-1
18.5563189983	-1
18.5563189983	-1
18.5563189983	-1
18.6667749882	1
18.8460118771	-1
18.8472399712	-1
18.8472399712	-1
18.8472399712	-1
18.8478589058	-1
18.8478589058	-1
18.8478589058	-1
18.8479809761	-1
18.8479809761	-1
18.8484079838	1
