0.0	1
0.250532865524	1
0.643991947174	-1
0.645650863647	1
1.02827095985	-1
1.02950787544	1
1.03472781181	1
1.03472781181	1
1.03472781181	1
1.03472781181	1
1.03472781181	1
1.03472781181	1
1.70628595352	-1
1.70789599419	1
1.8966088295	-1
1.89797782898	1
2.07944202423	-1
2.08066391945	1
2.15517091751	-1
2.15639090538	1
2.45401787758	-1
2.45543384552	1
2.58178496361	-1
2.60246896744	-1
2.60246896744	-1
2.60246896744	-1
2.60246896744	-1
2.60246896744	-1
2.60246896744	-1
2.60246896744	-1
2.60246896744	-1
2.60246896744	-1
2.68844389915	1
2.7630610466	-1
2.7630610466	-1
2.79388689995	-1
2.79388689995	-1
2.79388689995	-1
2.79388689995	-1
2.79388689995	-1
2.79388689995	-1
2.79388689995	-1
2.92985892296	-1
2.92985892296	-1
2.92985892296	-1
2.92985892296	-1
2.92985892296	-1
2.92985892296	-1
2.92985892296	-1
2.92985892296	-1
2.92985892296	-1
2.93895697594	1
2.95331788063	-1
2.95331788063	-1
2.95331788063	-1
2.99389386177	-1
3.04062891006	-1
3.04062891006	-1
3.04062891006	-1
3.04062891006	-1
3.04062891006	-1
3.04066181183	1
3.37205886841	-1
3.37329697609	1
3.44655489922	-1
3.55753087997	-1
3.58181285858	1
3.62171196938	-1
3.62171196938	-1
3.62171196938	-1
3.62171196938	-1
3.62910199165	-1
3.62910199165	-1
3.62910199165	-1
3.62910199165	-1
3.62910199165	-1
3.62910199165	-1
3.62910199165	-1
3.62910199165	-1
3.63412094116	1
3.63412094116	1
3.63412094116	1
3.63582897186	1
3.63582897186	1
3.70900893211	-1
3.70900893211	-1
3.85739803314	-1
3.85756397247	-1
3.85756397247	-1
3.85756397247	-1
3.85756397247	-1
3.94319581985	1
4.19315099716	1
4.41916894913	-1
4.4204018116	1
4.46985983849	-1
4.46985983849	-1
4.46985983849	-1
4.46997189522	-1
4.46997189522	-1
4.46997189522	-1
4.46997189522	-1
4.49502182007	1
4.56974887848	-1
4.56974887848	-1
4.57507491112	1
4.62817287445	-1
4.62817287445	-1
4.62817287445	-1
4.64968681335	-1
4.64972496033	1
4.64972496033	1
4.65733194351	-1
4.65733194351	-1
4.65733194351	-1
4.69154286385	-1
4.69154286385	-1
4.69154286385	-1
4.69154286385	-1
4.69154286385	-1
4.72422385216	1
4.72422385216	1
4.72687792778	1
4.72687792778	1
4.72687792778	1
4.72687792778	1
4.72687792778	1
4.72687792778	1
4.72687792778	1
4.72687792778	1
4.72687792778	1
5.14804291725	-1
5.27757501602	-1
5.34085083008	-1
5.34085083008	-1
5.34085083008	-1
5.34249091148	1
5.3487739563	-1
5.3487739563	-1
5.35031104088	-1
5.35031104088	-1
5.35031104088	-1
5.35031104088	-1
5.3723449707	-1
5.3723449707	-1
5.3723449707	-1
5.39147591591	1
5.39147591591	1
5.39147591591	1
5.39460682869	1
5.39460682869	1
5.39460682869	1
5.42135000229	-1
5.42135000229	-1
5.42135000229	-1
5.44682502747	-1
5.47369384766	-1
5.47369384766	-1
5.47369384766	-1
5.52099990845	-1
5.52099990845	-1
5.52099990845	-1
5.52099990845	-1
5.52099990845	-1
5.52099990845	-1
5.57206296921	-1
5.57206296921	-1
5.57206296921	-1
5.57206296921	-1
5.57206296921	-1
5.57206296921	-1
5.67088484764	-1
5.69339084625	-1
5.69339084625	-1
5.69339084625	-1
5.69339084625	-1
5.69339084625	-1
5.69339084625	-1
5.69339084625	-1
5.71904802322	-1
5.71915698051	-1
5.71915698051	-1
5.71915698051	-1
5.71915698051	-1
5.74560904503	-1
5.74708199501	-1
5.74708199501	-1
5.74708199501	-1
5.74708199501	-1
5.74708199501	-1
5.74708199501	-1
5.74708199501	-1
5.82111287117	-1
5.86344504356	-1
5.86344504356	-1
5.86344504356	-1
5.86344504356	-1
5.86344504356	-1
5.86344504356	-1
5.86344504356	-1
5.86344504356	-1
5.86432003975	1
5.92524981499	-1
5.92524981499	-1
5.92524981499	-1
5.92524981499	-1
5.92524981499	-1
5.93402290344	-1
5.93402290344	-1
5.93402290344	-1
5.93402290344	-1
5.93402290344	-1
5.93402290344	-1
5.93402290344	-1
5.94862699509	-1
5.94862699509	-1
5.94862699509	-1
5.94862699509	-1
5.9556388855	-1
5.98377895355	-1
5.98377895355	-1
6.03595900536	-1
6.03595900536	-1
6.03595900536	-1
6.03595900536	-1
6.03595900536	-1
6.03595900536	-1
6.03595900536	-1
6.03595900536	-1
6.06864690781	-1
6.06864690781	-1
6.06864690781	-1
6.06864690781	-1
6.06864690781	-1
6.09675884247	-1
6.09680700302	-1
6.09680700302	-1
6.11082601547	1
6.18487691879	-1
6.18487691879	-1
6.22525882721	-1
6.22525882721	-1
6.22525882721	-1
6.25068283081	-1
6.25068283081	-1
6.25068283081	-1
6.25068283081	-1
6.25068283081	-1
6.25068283081	-1
6.25068283081	-1
6.26609897614	-1
6.26620101929	-1
6.26620101929	-1
6.26620101929	-1
6.26620101929	-1
6.26620101929	-1
6.26620101929	-1
6.2763478756	-1
6.2763478756	-1
6.2763478756	-1
6.2763478756	-1
6.2763478756	-1
6.2763478756	-1
6.2763478756	-1
6.2763478756	-1
6.30014395714	1
6.30146002769	-1
6.30146002769	-1
6.30146002769	-1
6.30146002769	-1
6.30146002769	-1
6.30146002769	-1
6.30146002769	-1
6.30146002769	-1
6.30162882805	-1
6.3254430294	-1
6.3254430294	-1
6.3254430294	-1
6.3254430294	-1
6.3254430294	-1
6.3254430294	-1
6.3254430294	-1
6.34917998314	-1
6.34936404228	-1
6.34936404228	-1
6.34936404228	-1
6.34936404228	-1
6.34936404228	-1
6.34936404228	-1
6.44753599167	-1
6.44753599167	-1
6.44753599167	-1
6.44753599167	-1
6.44753599167	-1
6.44753599167	-1
6.44753599167	-1
6.46199703217	-1
6.46281290054	-1
6.46281290054	-1
6.46281290054	-1
6.46281290054	-1
6.46281290054	-1
6.46281290054	-1
6.46281290054	-1
6.46281290054	-1
6.46281290054	-1
6.46372389793	1
6.47264194489	-1
6.47264194489	-1
6.47264194489	-1
6.47264194489	-1
6.47264194489	-1
6.47264194489	-1
6.47264194489	-1
6.47264194489	-1
6.4850859642	-1
6.4850859642	-1
6.4850859642	-1
6.4850859642	-1
6.4850859642	-1
6.4850859642	-1
6.4850859642	-1
6.4850859642	-1
6.4850859642	-1
6.48544287682	-1
6.48544287682	-1
6.48964095116	-1
6.51192092896	-1
6.51192092896	-1
6.51192092896	-1
6.51192092896	-1
6.51192092896	-1
6.55460190773	-1
6.57860302925	-1
6.57860302925	-1
6.58627891541	-1
6.59689283371	-1
6.59689283371	-1
6.59689283371	-1
6.59689283371	-1
6.59689283371	-1
6.59689283371	-1
6.59689283371	-1
6.63366794586	-1
6.63378095627	-1
6.63378095627	-1
6.63378095627	-1
6.63378095627	-1
6.65893888474	-1
6.65893888474	-1
6.65893888474	-1
6.65893888474	-1
6.65893888474	-1
6.65893888474	-1
6.65893888474	-1
6.65893888474	-1
6.6715118885	-1
6.67280197144	1
6.681442976	-1
6.681442976	-1
6.681442976	-1
6.681442976	-1
6.681442976	-1
6.681442976	-1
6.71087002754	-1
6.71087002754	-1
6.73837304115	-1
6.73837304115	-1
6.73837304115	-1
6.73837304115	-1
6.73837304115	-1
6.73837304115	-1
6.82034182549	-1
6.82430195808	-1
6.82430195808	-1
6.82430195808	-1
6.82430195808	-1
6.82430195808	-1
6.82430195808	-1
6.85241699219	-1
6.85241699219	-1
6.85241699219	-1
6.87214803696	-1
6.87214803696	-1
6.87226104736	-1
6.87226104736	-1
6.87226104736	-1
6.90106391907	1
6.97562003136	-1
6.98110890388	-1
6.98110890388	-1
6.98110890388	-1
6.98110890388	-1
6.98110890388	-1
6.98110890388	-1
6.98110890388	-1
7.01626801491	-1
7.01631903648	-1
7.01631903648	-1
7.01631903648	-1
7.01631903648	-1
7.01631903648	-1
7.01631903648	-1
7.01631903648	-1
7.03357481956	-1
7.03357481956	-1
7.03357481956	-1
7.03357481956	-1
7.03357481956	-1
7.03357481956	-1
7.03357481956	-1
7.03480696678	1
7.04737591743	-1
7.04737591743	-1
7.04737591743	-1
7.04737591743	-1
7.04737591743	-1
7.04737591743	-1
7.04737591743	-1
7.04737591743	-1
7.07131481171	-1
7.07131481171	-1
7.07131481171	-1
7.07131481171	-1
7.07131481171	-1
7.07131481171	-1
7.08104300499	1
7.08104300499	1
7.08104300499	1
7.10449099541	-1
7.10449099541	-1
7.10449099541	-1
7.10449099541	-1
7.10449099541	-1
7.10449099541	-1
7.10449099541	-1
7.10449099541	-1
7.13117384911	-1
7.14411592484	-1
7.14411592484	-1
7.14411592484	-1
7.14411592484	-1
7.14411592484	-1
7.14411592484	-1
7.14411592484	-1
7.17112803459	-1
7.20082187653	-1
7.20082187653	-1
7.20082187653	-1
7.20082187653	-1
7.20082187653	-1
7.20082187653	-1
7.20082187653	-1
7.20082187653	-1
7.20082187653	-1
7.20618581772	-1
7.29440283775	-1
7.29440283775	-1
7.29440283775	-1
7.29440283775	-1
7.31911993027	1
7.3237388134	1
7.3237388134	1
7.3237388134	1
7.39900803566	1
7.39900803566	1
7.64790081978	1
8.03520703316	-1
8.06192994118	-1
8.06192994118	-1
8.06192994118	-1
8.06192994118	-1
8.06192994118	-1
8.06192994118	-1
8.06192994118	-1
8.23856091499	-1
8.33487200737	-1
8.33613491058	1
8.40939092636	-1
8.42665290833	-1
8.42665290833	-1
8.42665290833	-1
8.42665290833	-1
8.42665290833	-1
8.42665290833	-1
8.43232584	-1
8.43232584	-1
8.43399500847	1
8.54775285721	1
8.54775285721	1
8.55693793297	-1
8.55693793297	-1
8.55693793297	-1
8.55698895454	-1
8.55698895454	-1
8.55698895454	-1
8.55698895454	-1
8.55698895454	-1
8.55698895454	-1
8.55698895454	-1
8.61559391022	1
8.61559391022	1
8.61559391022	1
8.68822693825	-1
8.68822693825	-1
8.69661998749	1
8.69661998749	1
9.0825510025	1
9.17553782463	-1
9.19835186005	-1
9.19835186005	-1
9.19835186005	-1
9.19835186005	-1
9.19835186005	-1
9.26943182945	-1
9.26953697205	-1
9.26953697205	-1
9.3272049427	-1
9.3272049427	-1
9.3272049427	-1
9.3272049427	-1
9.3272049427	-1
9.3272049427	-1
9.36410999298	-1
9.36410999298	-1
9.36417388916	-1
9.36417388916	-1
9.36417388916	-1
9.36417388916	-1
9.36417388916	-1
9.36417388916	-1
9.36417388916	-1
9.37557482719	-1
9.37674999237	1
9.37932085991	-1
9.37932085991	-1
9.37932085991	-1
9.37932085991	-1
9.37932085991	-1
9.41837692261	-1
9.41837692261	-1
9.41837692261	-1
9.41837692261	-1
9.45615887642	-1
9.45615887642	-1
9.45615887642	-1
9.49610996246	-1
9.49610996246	-1
9.49610996246	-1
9.49610996246	-1
9.49610996246	-1
9.49610996246	-1
9.49713301659	-1
9.49713301659	-1
9.49713301659	-1
9.49713301659	-1
9.49713301659	-1
9.51522994041	-1
9.51522994041	-1
9.51522994041	-1
9.51522994041	-1
9.51522994041	-1
9.51522994041	-1
9.51522994041	-1
9.51522994041	-1
9.57456493378	-1
9.57456493378	-1
9.57456493378	-1
9.57603883743	1
9.70550584793	-1
9.70550584793	-1
9.70550584793	-1
9.70550584793	-1
9.70550584793	-1
9.70550584793	-1
9.70550584793	-1
9.70550584793	-1
9.74804186821	-1
9.74804186821	-1
9.74804186821	-1
9.76198792458	-1
9.76198792458	-1
9.77310681343	-1
9.77310681343	-1
9.77310681343	-1
9.77310681343	-1
9.77310681343	-1
9.77372694016	1
9.81475782394	-1
9.88115787506	-1
9.88115787506	-1
9.88115787506	-1
9.88115787506	-1
9.90409398079	-1
9.90409398079	-1
9.90409398079	-1
9.90409398079	-1
9.90409398079	-1
9.90409398079	-1
9.93661594391	-1
9.93661594391	-1
9.93661594391	-1
9.98810982704	-1
9.98810982704	-1
9.98810982704	-1
9.98810982704	-1
9.98810982704	-1
9.98810982704	-1
9.98810982704	-1
9.98810982704	-1
10.002024889	-1
10.039124012	-1
10.039124012	-1
10.0392160416	-1
10.0392160416	-1
10.0392160416	-1
10.0392160416	-1
10.0392160416	-1
10.0748438835	-1
10.0748438835	-1
10.0748438835	-1
10.0748438835	-1
10.0748438835	-1
10.0748438835	-1
10.0748438835	-1
10.0748438835	-1
10.0750060081	-1
10.0784268379	1
10.0889239311	-1
10.0889239311	-1
10.0889239311	-1
10.0889239311	-1
10.0889239311	-1
10.0889239311	-1
10.0889239311	-1
10.1014509201	-1
10.1015648842	-1
10.1015648842	-1
10.1015648842	-1
10.1015648842	-1
10.1015648842	-1
10.1015648842	-1
10.1015648842	-1
10.1690628529	-1
10.1690628529	-1
10.1690628529	-1
10.1690628529	-1
10.1690628529	-1
10.1690628529	-1
10.1690969467	1
10.1883788109	-1
10.1883788109	-1
10.1883788109	-1
10.1883788109	-1
10.1883788109	-1
10.1883788109	-1
10.1883788109	-1
10.1994919777	-1
10.2030730247	-1
10.2030730247	-1
10.2030730247	-1
10.2030730247	-1
10.2114369869	-1
10.2114369869	-1
10.2114369869	-1
10.2114369869	-1
10.2114369869	-1
10.2114369869	-1
10.2114369869	-1
10.231071949	-1
10.2311198711	-1
10.2311198711	-1
10.2311198711	-1
10.2311198711	-1
10.2311198711	-1
10.2311198711	-1
10.2311198711	-1
10.2620968819	-1
10.2620968819	-1
10.2620968819	-1
10.2620968819	-1
10.2620968819	-1
10.2620968819	-1
10.2621319294	1
10.2623229027	-1
10.2623229027	-1
10.2623229027	-1
10.2623229027	-1
10.2623229027	-1
10.2623229027	-1
10.2623229027	-1
10.2806079388	-1
10.2806079388	-1
10.2806079388	-1
10.2806079388	-1
10.2806079388	-1
10.2973279953	-1
10.2973279953	-1
10.2973279953	-1
10.2973279953	-1
10.2973279953	-1
10.3025829792	-1
10.3199880123	-1
10.3199880123	-1
10.3199880123	-1
10.3199880123	-1
10.3199880123	-1
10.3199880123	-1
10.3199880123	-1
10.3362488747	-1
10.3601508141	-1
10.3601880074	1
10.3832268715	-1
10.3832268715	-1
10.3832268715	-1
10.3832268715	-1
10.3832268715	-1
10.5095999241	-1
10.5095999241	-1
10.5781848431	-1
10.5781848431	-1
10.5781848431	-1
10.5781848431	-1
10.679309845	1
10.6795899868	1
10.6795899868	1
10.6795899868	1
10.6795899868	1
10.6795899868	1
10.6795899868	1
10.6795899868	1
10.6795899868	1
10.6796748638	1
10.6796748638	1
10.680150032	1
10.7545008659	1
11.0792498589	-1
