0.0	1
0.249287843704	1
0.416290998459	-1
0.417172908783	1
0.649254798889	-1
0.650506019592	1
0.653558015823	1
0.653558015823	1
0.653558015823	1
0.874650001526	1
0.874650001526	1
0.874650001526	1
1.12655186653	-1
1.12808084488	1
1.24278998375	-1
1.24425888062	1
1.29826498032	-1
1.29826498032	-1
1.29826498032	-1
1.35894393921	-1
1.35898590088	1
1.51009202003	1
1.51009202003	1
1.52021098137	-1
1.57101893425	-1
1.57101893425	-1
1.57101893425	-1
1.57101893425	-1
1.57101893425	-1
1.57101893425	-1
1.57101893425	-1
1.57101893425	-1
1.63996887207	1
1.67179393768	-1
1.68637299538	-1
1.68637299538	-1
1.68637299538	-1
1.68637299538	-1
1.68637299538	-1
1.68637299538	-1
1.68637299538	-1
1.68637299538	-1
1.74555897713	-1
1.762144804	-1
1.762144804	-1
1.762144804	-1
1.762144804	-1
1.762144804	-1
1.76217889786	1
1.80111598969	-1
1.80691194534	-1
1.80691194534	-1
1.80691194534	-1
1.80691194534	-1
1.80691194534	-1
1.80691194534	-1
1.80691194534	-1
1.80691194534	-1
1.84338784218	-1
1.84338784218	-1
1.84338784218	-1
1.84733986855	1
1.84733986855	1
1.84733986855	1
1.85188579559	-1
1.85188579559	-1
1.85188579559	-1
1.85188579559	-1
1.85188579559	-1
1.8533308506	1
1.8533308506	1
1.86042189598	-1
1.86042189598	-1
1.86042189598	-1
1.86042189598	-1
1.86042189598	-1
1.86042189598	-1
1.86042189598	-1
1.875674963	1
1.875674963	1
1.875674963	1
1.88605284691	1
1.88605284691	1
1.89556598663	-1
1.89562487602	-1
1.89562487602	-1
1.89562487602	-1
1.89562487602	-1
1.89562487602	-1
1.89562487602	-1
1.89562487602	-1
1.89562487602	-1
1.92209100723	-1
1.92209100723	-1
1.92209100723	-1
1.92209100723	-1
1.96531701088	-1
1.96531701088	-1
1.96531701088	-1
1.96694684029	1
1.96694684029	1
1.96694684029	1
1.96860289574	-1
1.96860289574	-1
1.96928691864	-1
1.96928691864	-1
1.96928691864	-1
1.96928691864	-1
1.96928691864	-1
1.96928691864	-1
2.03663802147	1
2.03663802147	1
2.12160801888	1
2.12160801888	1
2.12160801888	1
2.15177488327	-1
2.15181899071	1
2.16434502602	-1
2.16434502602	-1
2.16434502602	-1
2.16434502602	-1
2.16637182236	-1
2.16637182236	-1
2.22859096527	-1
2.22859096527	-1
2.2462220192	-1
2.2462220192	-1
2.2462220192	-1
2.2462220192	-1
2.24781680107	1
2.24781680107	1
2.24781680107	1
2.24815297127	1
2.24815297127	1
2.2526679039	-1
2.25985789299	-1
2.25985789299	-1
2.25985789299	-1
2.26651096344	1
2.26776385307	1
2.26776385307	1
2.26776385307	1
2.26776385307	1
2.26776385307	1
2.26776385307	1
2.26776385307	1
2.26776385307	1
2.26776385307	1
2.35117197037	-1
2.35117197037	-1
2.35117197037	-1
2.38125491142	1
2.44912290573	-1
2.44912290573	-1
2.44912290573	-1
2.45901298523	-1
2.45901298523	-1
2.45901298523	-1
2.4603908062	1
2.4603908062	1
2.4603908062	1
2.48856282234	-1
2.48856282234	-1
2.58026981354	-1
2.58026981354	-1
2.58026981354	-1
2.58132100105	-1
2.58132100105	-1
2.58395290375	-1
2.58395290375	-1
2.58395290375	-1
2.58395290375	-1
2.58482289314	1
2.58482289314	1
2.58482289314	1
2.58482289314	1
2.58482289314	1
2.58482289314	1
2.58482289314	1
2.58482289314	1
2.58482289314	1
2.58482289314	1
2.58679795265	-1
2.59155392647	1
2.59299492836	-1
2.59299492836	-1
2.59299492836	-1
2.61071681976	-1
2.61071681976	-1
2.65010786057	1
2.65010786057	1
2.65010786057	1
2.65010786057	1
2.66201591492	-1
2.66201591492	-1
2.66201591492	-1
2.66201591492	-1
2.66201591492	-1
2.66201591492	-1
2.66201591492	-1
2.66201591492	-1
2.67401599884	-1
2.67401599884	-1
2.67401599884	-1
2.69211888313	-1
2.69211888313	-1
2.69211888313	-1
2.71116399765	-1
2.71116399765	-1
2.71116399765	-1
2.72093582153	-1
2.72093582153	-1
2.72524881363	1
2.75361895561	-1
2.75361895561	-1
2.75361895561	-1
2.75361895561	-1
2.75361895561	-1
2.75361895561	-1
2.75361895561	-1
2.76588702202	-1
2.7754368782	-1
2.7754368782	-1
2.7754368782	-1
2.7754368782	-1
2.7754368782	-1
2.7754368782	-1
2.7754368782	-1
2.7877779007	-1
2.7877779007	-1
2.80750179291	-1
2.80750179291	-1
2.83494400978	-1
2.83494400978	-1
2.83494400978	-1
2.83494400978	-1
2.83494400978	-1
2.83494400978	-1
2.83494400978	-1
2.83494400978	-1
2.83494400978	-1
2.8402068615	1
2.8402068615	1
2.866948843	-1
2.866948843	-1
2.866948843	-1
2.866948843	-1
2.866948843	-1
2.866948843	-1
2.866948843	-1
2.866948843	-1
2.86915302277	1
2.86915302277	1
2.86915302277	1
2.87010288239	1
2.87010288239	1
2.87161397934	1
2.87161397934	1
2.87161397934	1
2.87224984169	1
2.87224984169	1
2.88650488853	-1
2.88650488853	-1
2.88650488853	-1
2.88650488853	-1
2.88650488853	-1
2.89260697365	-1
2.90223288536	-1
2.90223288536	-1
2.90223288536	-1
2.90223288536	-1
2.90223288536	-1
2.90223288536	-1
2.90223288536	-1
2.91247582436	-1
2.91247582436	-1
2.91247582436	-1
2.91247582436	-1
2.93356490135	-1
2.93356490135	-1
2.95529294014	-1
2.95529294014	-1
2.95533800125	1
2.98076796532	-1
2.98076796532	-1
2.98076796532	-1
3.00942492485	-1
3.00942492485	-1
3.01585483551	-1
3.01585483551	-1
3.01585483551	-1
3.01585483551	-1
3.06446194649	-1
3.06446194649	-1
3.07005190849	1
3.08625388145	-1
3.08625388145	-1
3.08625388145	-1
3.08625388145	-1
3.08625388145	-1
3.09672689438	-1
3.11840486526	-1
3.11840486526	-1
3.11840486526	-1
3.11840486526	-1
3.11840486526	-1
3.11840486526	-1
3.11840486526	-1
3.12627983093	-1
3.13540196419	-1
3.13540196419	-1
3.13540196419	-1
3.13540196419	-1
3.13540196419	-1
3.13540196419	-1
3.14894485474	-1
3.14894485474	-1
3.1556968689	-1
3.1556968689	-1
3.1556968689	-1
3.1556968689	-1
3.1556968689	-1
3.1556968689	-1
3.1556968689	-1
3.17983794212	-1
3.18475198746	1
3.22213983536	-1
3.22213983536	-1
3.22213983536	-1
3.22213983536	-1
3.22213983536	-1
3.22213983536	-1
3.24156498909	-1
3.24156498909	-1
3.2539730072	-1
3.2539730072	-1
3.2539730072	-1
3.2539730072	-1
3.2539730072	-1
3.2539730072	-1
3.2539730072	-1
3.2539730072	-1
3.26820588112	-1
3.26820588112	-1
3.26820588112	-1
3.26820588112	-1
3.29605984688	-1
3.29605984688	-1
3.30819797516	-1
3.30819797516	-1
3.30819797516	-1
3.30819797516	-1
3.30819797516	-1
3.30893301964	1
3.31401586533	-1
3.3301358223	1
3.3301358223	1
3.3301358223	1
3.33375692368	-1
3.33375692368	-1
3.37190890312	-1
3.37190890312	-1
3.37190890312	-1
3.39648294449	-1
3.39648294449	-1
3.40102601051	1
3.40102601051	1
3.42294096947	-1
3.4305999279	-1
3.4305999279	-1
3.4305999279	-1
3.46952199936	-1
3.46952199936	-1
3.46952199936	-1
3.47831583023	-1
3.47831583023	-1
3.49783182144	-1
3.49783182144	-1
3.49783182144	-1
3.49783182144	-1
3.49783182144	-1
3.49783182144	-1
3.51896691322	-1
3.51896691322	-1
3.52943181992	-1
3.52943181992	-1
3.52943181992	-1
3.52943181992	-1
3.52943181992	-1
3.53905701637	-1
3.54619789124	-1
3.54619789124	-1
3.54619789124	-1
3.54619789124	-1
3.5618698597	-1
3.5618698597	-1
3.57145595551	-1
3.57145595551	-1
3.57145595551	-1
3.57145595551	-1
3.57145595551	-1
3.57145595551	-1
3.57145595551	-1
3.5807929039	-1
3.60010194778	-1
3.60010194778	-1
3.6509988308	1
3.65983700752	-1
3.739112854	-1
3.739112854	-1
3.739112854	-1
3.74443697929	-1
3.74443697929	-1
3.74443697929	-1
3.74443697929	-1
3.74443697929	-1
3.74443697929	-1
3.75747179985	-1
3.75747179985	-1
3.75747179985	-1
3.75747179985	-1
3.75747179985	-1
3.75747179985	-1
3.75747179985	-1
3.80124092102	-1
3.81139779091	-1
3.92600083351	-1
3.92736983299	1
4.10594296455	-1
4.27928996086	-1
4.42232179642	-1
4.42232179642	-1
4.42232179642	-1
4.42232179642	-1
4.47385287285	1
4.50230097771	1
4.50230097771	1
4.50230097771	1
4.54763197899	-1
4.55128598213	1
4.55128598213	1
4.68923401833	1
4.68923401833	1
4.68923401833	1
4.68974590302	1
4.68974590302	1
4.68974590302	1
4.81709194183	1
4.82423901558	-1
4.88687896729	-1
4.88687896729	-1
4.88687896729	-1
4.90047383308	-1
4.90047383308	-1
4.90047383308	-1
4.90047383308	-1
4.90047383308	-1
4.92839694023	-1
4.92839694023	-1
4.92839694023	-1
4.92839694023	-1
4.92839694023	-1
4.92839694023	-1
4.92839694023	-1
4.92839694023	-1
4.93966293335	-1
4.93969297409	1
4.96312594414	-1
4.96312594414	-1
4.96312594414	-1
4.96312594414	-1
4.96312594414	-1
4.96312594414	-1
4.96312594414	-1
4.96732783318	1
4.96732783318	1
4.96732783318	1
4.96732783318	1
4.97403693199	-1
4.98527789116	-1
4.98527789116	-1
4.98527789116	-1
4.98527789116	-1
4.98527789116	-1
4.98527789116	-1
4.98527789116	-1
4.9930369854	-1
5.00482583046	-1
5.00482583046	-1
5.00482583046	-1
5.00482583046	-1
5.00482583046	-1
5.00482583046	-1
5.00482583046	-1
5.01521682739	-1
5.01521682739	-1
5.03365588188	-1
5.03365588188	-1
5.03365588188	-1
5.03365588188	-1
5.03365588188	-1
5.03365588188	-1
5.03365588188	-1
5.03365588188	-1
5.05267286301	-1
5.05267286301	-1
5.05267286301	-1
5.05267286301	-1
5.05267286301	-1
5.05267286301	-1
5.05267286301	-1
5.05267286301	-1
5.07427692413	-1
5.07427692413	-1
5.07427692413	-1
5.07427692413	-1
5.07427692413	-1
5.07427692413	-1
5.07427692413	-1
5.07427692413	-1
5.07431101799	1
5.10020685196	-1
5.10020685196	-1
5.10020685196	-1
5.10020685196	-1
5.10020685196	-1
5.10020685196	-1
5.11758995056	-1
5.11758995056	-1
5.12040781975	1
5.12040781975	1
5.12040781975	1
5.12040781975	1
5.13424682617	1
5.13424682617	1
5.1541249752	-1
5.1541249752	-1
5.1541249752	-1
5.21374487877	-1
5.21374487877	-1
5.37001085281	1
5.37001085281	1
5.41040182114	-1
5.49820280075	1
5.52507591248	-1
5.52796387672	1
5.52796387672	1
5.52796387672	1
5.54143691063	-1
5.54143691063	-1
5.54143691063	-1
5.54839992523	-1
5.54839992523	-1
5.54839992523	-1
5.54839992523	-1
5.54839992523	-1
5.54839992523	-1
5.56063199043	-1
5.56063199043	-1
5.56063199043	-1
5.56063199043	-1
5.56063199043	-1
5.56063199043	-1
5.56063199043	-1
5.56063199043	-1
5.57149791718	-1
5.57149791718	-1
5.57149791718	-1
5.57149791718	-1
5.57149791718	-1
5.57149791718	-1
5.57149791718	-1
5.57149791718	-1
5.58450388908	-1
5.58450388908	-1
5.58450388908	-1
5.58450388908	-1
5.58450388908	-1
5.58450388908	-1
5.58450388908	-1
5.58450388908	-1
5.61255884171	-1
5.61255884171	-1
5.61261081696	-1
5.61261081696	-1
5.61261081696	-1
5.61261081696	-1
5.61261081696	-1
5.61261081696	-1
5.62013983727	1
5.62013983727	1
5.62762999535	-1
5.62762999535	-1
5.62762999535	-1
5.62762999535	-1
5.62762999535	-1
5.62762999535	-1
5.62762999535	-1
5.62762999535	-1
5.64296889305	-1
5.64296889305	-1
5.66332483292	-1
5.66332483292	-1
5.66332483292	-1
5.66332483292	-1
5.66332483292	-1
5.66332483292	-1
5.66332483292	-1
5.66332483292	-1
5.67551589012	-1
5.67551589012	-1
5.67551589012	-1
5.67551589012	-1
5.67551589012	-1
5.67551589012	-1
5.67551589012	-1
5.67551589012	-1
5.67673492432	1
5.67673492432	1
5.67673492432	1
5.68462300301	-1
5.69265079498	-1
5.69265079498	-1
5.69265079498	-1
5.69265079498	-1
5.69265079498	-1
5.69265079498	-1
5.69265079498	-1
5.70069789886	-1
5.70069789886	-1
5.70069789886	-1
5.70745682716	-1
5.71757483482	-1
5.71757483482	-1
5.71757483482	-1
5.76196789742	1
5.76196789742	1
5.778028965	-1
5.84616589546	-1
5.84616589546	-1
5.84616589546	-1
5.84616589546	-1
5.84616589546	-1
5.84616589546	-1
5.84616589546	-1
5.84616589546	-1
5.84616589546	-1
5.89794993401	1
6.00731897354	-1
6.04990196228	1
6.11715388298	-1
6.11715388298	-1
6.11715388298	-1
6.11783981323	-1
6.11783981323	-1
6.12472200394	-1
6.12472200394	-1
6.12472200394	-1
6.12472200394	-1
6.12472200394	-1
6.12472200394	-1
6.1302177906	-1
6.1302177906	-1
6.13263297081	-1
6.13263297081	-1
6.13263297081	-1
6.13263297081	-1
6.13263297081	-1
6.13263297081	-1
6.15411686897	-1
6.15411686897	-1
6.15765881538	-1
6.15765881538	-1
6.15765881538	-1
6.15765881538	-1
6.15765881538	-1
6.15765881538	-1
6.16478800774	1
6.16478800774	1
6.16478800774	1
6.24411582947	-1
6.24411582947	-1
6.24411582947	-1
6.32577681541	1
6.32577681541	1
6.32577681541	1
6.32779479027	1
6.32779479027	1
6.32779479027	1
6.38883280754	-1
6.38883280754	-1
6.44148302078	1
6.48550200462	-1
6.48550200462	-1
6.48550200462	-1
6.55558180809	-1
6.55558180809	-1
6.5639398098	1
6.5639398098	1
6.5639398098	1
6.5639398098	1
6.67073392868	-1
6.67073392868	-1
6.75237894058	-1
6.75237894058	-1
6.75237894058	-1
6.78709292412	-1
6.78709292412	-1
6.78744196892	-1
6.78744196892	-1
6.78744196892	-1
6.86697793007	-1
7.12261295319	-1
7.17176294327	-1
7.17176294327	-1
7.17176294327	-1
7.17176294327	-1
7.2376229763	-1
7.33977198601	1
7.58928179741	-1
8.41268992424	-1
11.5542178154	-1
11.668751955	-1
18.3435978889	-1
18.4426748753	-1
18.4426748753	-1
18.4426748753	-1
21.3510699272	-1
62.4101109505	-1
62.5247249603	-1
62.6393418312	-1
63.1906468868	-1
67.5994579792	-1
68.4015388489	-1
103.790760994	-1
106.08188796	-1
106.128805876	-1
106.128805876	-1
106.128805876	-1
106.197530985	-1
106.513411999	-1
