0.0	1
0.111629009247	1
0.244056940079	-1
0.355973958969	-1
0.355973958969	-1
0.357835054398	-1
0.357835054398	-1
0.357835054398	-1
0.357835054398	-1
0.357835054398	-1
0.357835054398	-1
0.357835054398	-1
0.357835054398	-1
0.478313922882	1
0.748198986053	-1
0.749325037003	1
1.14632701874	-1
1.14949989319	-1
1.14949989319	-1
1.14949989319	-1
1.14949989319	-1
1.14949989319	-1
1.14949989319	-1
1.14949989319	-1
1.14949989319	-1
1.14949989319	-1
1.14999485016	-1
1.14999485016	-1
1.14999485016	-1
1.14999485016	-1
1.14999485016	-1
1.14999485016	-1
1.14999485016	-1
1.16418290138	-1
1.16428899765	-1
1.16428899765	-1
1.16428899765	-1
1.16428899765	-1
1.16428899765	-1
1.16428899765	-1
1.16428899765	-1
1.18489003181	-1
1.23380684853	1
1.23803591728	1
1.23803591728	1
1.23803591728	1
1.23803591728	1
1.23803591728	1
1.26144099236	-1
1.26144099236	-1
1.4867939949	-1
1.53813099861	-1
1.53813099861	-1
1.53813099861	-1
1.53813099861	-1
1.53813099861	-1
1.53813099861	-1
1.53813099861	-1
1.53813099861	-1
1.56398892403	-1
1.56866288185	1
1.58170390129	-1
1.58170390129	-1
1.58180785179	-1
1.58180785179	-1
1.58180785179	-1
1.58180785179	-1
1.64192199707	-1
1.64192199707	-1
1.64192199707	-1
1.64681601524	-1
1.64681601524	-1
1.64681601524	-1
1.64681601524	-1
1.64681601524	-1
1.72007799149	1
1.72007799149	1
1.93833684921	-1
1.94326400757	1
1.94338107109	1
1.94338107109	1
1.94338107109	1
2.05041790009	-1
2.05493497849	1
2.29161500931	-1
2.29259705544	-1
2.29259705544	-1
2.29259705544	-1
2.29259705544	-1
2.29259705544	-1
2.29259705544	-1
2.29259705544	-1
2.29259705544	-1
2.29259705544	-1
2.2929649353	-1
2.2929649353	-1
2.2929649353	-1
2.2929649353	-1
2.2929649353	-1
2.29482889175	-1
2.29482889175	-1
2.29482889175	-1
2.29482889175	-1
2.29482889175	-1
2.29482889175	-1
2.29482889175	-1
2.29482889175	-1
2.29482889175	-1
2.31014990807	-1
2.31014990807	-1
2.31057596207	-1
2.31057596207	-1
2.31057596207	-1
2.31057596207	-1
2.31057596207	-1
2.31057596207	-1
2.31057596207	-1
2.31082201004	-1
2.31082201004	-1
2.31082201004	-1
2.31082201004	-1
2.31082201004	-1
2.31082201004	-1
2.31082201004	-1
2.40470194817	-1
2.40470194817	-1
2.40470194817	-1
2.40470194817	-1
2.40470194817	-1
2.40470194817	-1
2.40470194817	-1
2.40496706963	-1
2.40499305725	-1
2.40499305725	-1
2.40499305725	-1
2.40499305725	-1
2.40499305725	-1
2.40499305725	-1
2.40499305725	-1
2.40523886681	-1
2.40545797348	-1
2.40545797348	-1
2.40545797348	-1
2.40545797348	-1
2.40545797348	-1
2.40545797348	-1
2.40545797348	-1
2.40545797348	-1
2.40545797348	-1
2.40692305565	-1
2.40692305565	-1
2.40692305565	-1
2.40692305565	-1
2.40692305565	-1
2.40692305565	-1
2.40692305565	-1
2.40692305565	-1
2.40692305565	-1
2.42207288742	-1
2.42207288742	-1
2.42207288742	-1
2.42207288742	-1
2.42207288742	-1
2.42207288742	-1
2.42264199257	-1
2.42264199257	-1
2.42264199257	-1
2.42264199257	-1
2.42264199257	-1
2.42264199257	-1
2.42264199257	-1
2.42264199257	-1
2.4229080677	-1
2.4229080677	-1
2.4229080677	-1
2.4229080677	-1
2.4229080677	-1
2.4229080677	-1
2.4229080677	-1
2.4229080677	-1
2.42467093468	1
2.51664495468	-1
2.51664495468	-1
2.51664495468	-1
2.51664495468	-1
2.51664495468	-1
2.51664495468	-1
2.51664495468	-1
2.51664495468	-1
2.51698589325	-1
2.51698589325	-1
2.51698589325	-1
2.51698589325	-1
2.51698589325	-1
2.51698589325	-1
2.51698589325	-1
2.51698589325	-1
2.51725792885	-1
2.51725792885	-1
2.51725792885	-1
2.51725792885	-1
2.51725792885	-1
2.51725792885	-1
2.51725792885	-1
2.51725792885	-1
2.5177230835	-1
2.5177230835	-1
2.5177230835	-1
2.5177230835	-1
2.5177230835	-1
2.5177230835	-1
2.5177230835	-1
2.5177230835	-1
2.51881599426	-1
2.51881599426	-1
2.51881599426	-1
2.51881599426	-1
2.51881599426	-1
2.51881599426	-1
2.51881599426	-1
2.51881599426	-1
2.5189640522	-1
2.5189640522	-1
2.5189640522	-1
2.5189640522	-1
2.5189640522	-1
2.5189640522	-1
2.5189640522	-1
2.5189640522	-1
2.51948285103	-1
2.51948285103	-1
2.51948285103	-1
2.51948285103	-1
2.51948285103	-1
2.51948285103	-1
2.51948285103	-1
2.53424692154	-1
2.53424692154	-1
2.53424692154	-1
2.53424692154	-1
2.53424692154	-1
2.53424692154	-1
2.53424692154	-1
2.53424692154	-1
2.53482294083	-1
2.53482294083	-1
2.53482294083	-1
2.53482294083	-1
2.53482294083	-1
2.53482294083	-1
2.53482294083	-1
2.53482294083	-1
2.53519487381	-1
2.53519487381	-1
2.53588700294	1
2.53588700294	1
2.53588700294	1
2.54356884956	1
2.54356884956	1
2.54356884956	1
2.64803195	1
2.69817686081	1
2.69817686081	1
2.69817686081	1
2.69817686081	1
2.70004487038	1
2.70004487038	1
2.70004487038	1
2.70170307159	1
2.75983691216	1
2.75983691216	1
2.77017903328	-1
2.87301087379	-1
2.87301087379	-1
2.87301087379	-1
2.88323187828	1
2.89159202576	-1
2.89159202576	-1
2.89216089249	-1
2.89216089249	-1
2.89216089249	-1
2.89216089249	-1
2.89216089249	-1
2.89216089249	-1
2.89277696609	-1
2.89277696609	-1
2.89277696609	-1
2.89277696609	-1
2.89277696609	-1
2.89277696609	-1
2.89277696609	-1
2.89277696609	-1
2.89328098297	-1
2.89328098297	-1
2.89328098297	-1
2.89328098297	-1
2.89328098297	-1
2.89328098297	-1
2.89328098297	-1
2.89328098297	-1
2.89379286766	-1
2.89379286766	-1
2.89379286766	-1
2.89379286766	-1
2.89379286766	-1
2.89379286766	-1
2.89379286766	-1
2.8944940567	1
2.8944940567	1
2.8944940567	1
2.90980601311	-1
2.90980601311	-1
2.90990996361	-1
2.90990996361	-1
2.90990996361	-1
2.90990996361	-1
2.90990996361	-1
2.90990996361	-1
2.90990996361	-1
2.90990996361	-1
2.9102768898	-1
2.9102768898	-1
2.9102768898	-1
2.9102768898	-1
2.9102768898	-1
2.91042995453	-1
2.91042995453	-1
2.91042995453	-1
2.91042995453	-1
2.91042995453	-1
2.91042995453	-1
2.91042995453	-1
2.91042995453	-1
2.9106760025	-1
2.91089296341	-1
2.91089296341	-1
2.91089296341	-1
2.91089296341	-1
2.9109249115	-1
2.91113901138	-1
2.91113901138	-1
2.91113901138	-1
2.91113901138	-1
2.91113901138	-1
2.91113901138	-1
2.91113901138	-1
2.91138291359	-1
2.91150689125	-1
2.91150689125	-1
2.91150689125	-1
2.91150689125	-1
2.91162896156	-1
2.91162896156	-1
2.91162896156	-1
2.91162896156	-1
2.91162896156	-1
2.91162896156	-1
2.91162896156	-1
2.9279499054	-1
2.9279499054	-1
2.9279499054	-1
2.9279499054	-1
2.9279499054	-1
2.9279499054	-1
2.9279499054	-1
2.9279499054	-1
2.92833590508	-1
2.92833590508	-1
2.92833590508	-1
2.92833590508	-1
2.92833590508	-1
2.92833590508	-1
2.92833590508	-1
2.99574589729	1
2.99574589729	1
3.00409007072	-1
3.00409007072	-1
3.00409007072	-1
3.00409007072	-1
3.00409007072	-1
3.00409007072	-1
3.00409007072	-1
3.00409007072	-1
3.00470399857	-1
3.00470399857	-1
3.00473284721	-1
3.00473284721	-1
3.00473284721	-1
3.00473284721	-1
3.00473284721	-1
3.00473284721	-1
3.00473284721	-1
3.00473284721	-1
3.00497794151	-1
3.00497794151	-1
3.00497794151	-1
3.00497794151	-1
3.00497794151	-1
3.00497794151	-1
3.00497794151	-1
3.00497794151	-1
3.00554704666	-1
3.00554704666	-1
3.00554704666	-1
3.00554704666	-1
3.00554704666	-1
3.00554704666	-1
3.00554704666	-1
3.00554704666	-1
3.00581789017	-1
3.00581789017	-1
3.00581789017	-1
3.00581789017	-1
3.00581789017	-1
3.00581789017	-1
3.00581789017	-1
3.00581789017	-1
3.02215886116	-1
3.02215886116	-1
3.02215886116	-1
3.02215886116	-1
3.02215886116	-1
3.02215886116	-1
3.02215886116	-1
3.02250099182	-1
3.02250099182	-1
3.02250099182	-1
3.02250099182	-1
3.02250099182	-1
3.02250099182	-1
3.02250099182	-1
3.02250099182	-1
3.02277207375	-1
3.02277207375	-1
3.02277207375	-1
3.02277207375	-1
3.02277207375	-1
3.02277207375	-1
3.02277207375	-1
3.02277207375	-1
3.02301907539	-1
3.02301907539	-1
3.02301907539	-1
3.02301907539	-1
3.02301907539	-1
3.02301907539	-1
3.02301907539	-1
3.02301907539	-1
3.0235118866	-1
3.0235118866	-1
3.0235118866	-1
3.0235118866	-1
3.0235118866	-1
3.0235118866	-1
3.0235118866	-1
3.0235118866	-1
3.02375888824	-1
3.02375888824	-1
3.02375888824	-1
3.02375888824	-1
3.02375888824	-1
3.02375888824	-1
3.02375888824	-1
3.02375888824	-1
3.02422094345	-1
3.02422094345	-1
3.02422094345	-1
3.02422094345	-1
3.02422094345	-1
3.02422094345	-1
3.02422094345	-1
3.02422094345	-1
3.02448987961	-1
3.02448987961	-1
3.02448987961	-1
3.02448987961	-1
3.02448987961	-1
3.02448987961	-1
3.02448987961	-1
3.02448987961	-1
3.02576804161	1
3.02576804161	1
3.02576804161	1
3.11625385284	-1
3.11625385284	-1
3.11625385284	-1
3.11625385284	-1
3.11625385284	-1
3.11625385284	-1
3.11625385284	-1
3.11629199982	1
3.11647891998	-1
3.11647891998	-1
3.11647891998	-1
3.11647891998	-1
3.11647891998	-1
3.11647891998	-1
3.11647891998	-1
3.11647891998	-1
3.11684608459	-1
3.11684608459	-1
3.11684608459	-1
3.11684608459	-1
3.11684608459	-1
3.11684608459	-1
3.11684608459	-1
3.11684608459	-1
3.11721396446	-1
3.11721396446	-1
3.11721396446	-1
3.11721396446	-1
3.11721396446	-1
3.11721396446	-1
3.11721396446	-1
3.11721396446	-1
3.11812090874	-1
3.11812090874	-1
3.11812090874	-1
3.11812090874	-1
3.11812090874	-1
3.11812090874	-1
3.11812090874	-1
3.11812090874	-1
3.1184630394	-1
3.1184630394	-1
3.1184630394	-1
3.1184630394	-1
3.1184630394	-1
3.1184630394	-1
3.1184630394	-1
3.1184630394	-1
3.11883091927	-1
3.11883091927	-1
3.11883091927	-1
3.11883091927	-1
3.11883091927	-1
3.11883091927	-1
3.11883091927	-1
3.11883091927	-1
3.13409805298	-1
3.13409805298	-1
3.13409805298	-1
3.13409805298	-1
3.13409805298	-1
3.13409805298	-1
3.13409805298	-1
3.13409805298	-1
3.13556289673	-1
3.13556289673	-1
3.13556289673	-1
3.13556289673	-1
3.13556289673	-1
3.13556289673	-1
3.13556289673	-1
3.13583803177	-1
3.13583803177	-1
3.13583803177	-1
3.13583803177	-1
3.13583803177	-1
3.13583803177	-1
3.13583803177	-1
3.13583803177	-1
3.13630104065	-1
3.13630104065	-1
3.13630104065	-1
3.13630104065	-1
3.13630104065	-1
3.13630104065	-1
3.13630104065	-1
3.13630104065	-1
3.13689398766	-1
3.13689398766	-1
3.13689398766	-1
3.13689398766	-1
3.13689398766	-1
3.13689398766	-1
3.13689398766	-1
3.13689398766	-1
3.13734507561	-1
3.13734507561	-1
3.13734507561	-1
3.13734507561	-1
3.13734507561	-1
3.13734507561	-1
3.13734507561	-1
3.13734507561	-1
3.13761806488	-1
3.13761806488	-1
3.13761806488	-1
3.13761806488	-1
3.13761806488	-1
3.13761806488	-1
3.13761806488	-1
3.13761806488	-1
3.13808298111	-1
3.13808298111	-1
3.13808298111	-1
3.13808298111	-1
3.13808298111	-1
3.13808298111	-1
3.13808298111	-1
3.13808298111	-1
3.13832807541	-1
3.13832807541	-1
3.13832807541	-1
3.13832807541	-1
3.13832807541	-1
3.13832807541	-1
3.13832807541	-1
3.13832807541	-1
3.1418390274	1
3.1418390274	1
3.1418390274	1
3.22847390175	1
3.22929096222	-1
3.22929096222	-1
3.22929096222	-1
3.22929096222	-1
3.22929096222	-1
3.22929096222	-1
3.22929096222	-1
3.22943401337	-1
3.22943401337	-1
3.22943401337	-1
3.22943401337	-1
3.22943401337	-1
3.22943401337	-1
3.22943401337	-1
3.22943401337	-1
3.22988986969	-1
3.22988986969	-1
3.22988986969	-1
3.22988986969	-1
3.22988986969	-1
3.22988986969	-1
3.22988986969	-1
3.22988986969	-1
3.23025608063	-1
3.23025608063	-1
3.23025608063	-1
3.23025608063	-1
3.23025608063	-1
3.23025608063	-1
3.23025608063	-1
3.23025608063	-1
3.24618291855	-1
3.24618291855	-1
3.24618291855	-1
3.24618291855	-1
3.24618291855	-1
3.24618291855	-1
3.24618291855	-1
3.24618291855	-1
3.24644398689	-1
3.24644398689	-1
3.24644398689	-1
3.24644398689	-1
3.24644398689	-1
3.24644398689	-1
3.24644398689	-1
3.24644398689	-1
3.24690485001	-1
3.24690485001	-1
3.24690485001	-1
3.24690485001	-1
3.24690485001	-1
3.24690485001	-1
3.24690485001	-1
3.24690485001	-1
3.25259685516	1
3.25259685516	1
3.25259685516	1
3.34054088593	-1
3.34054088593	-1
3.34056901932	1
3.45235204697	1
3.52193784714	-1
3.54881906509	-1
3.54881906509	-1
3.54881906509	-1
3.54881906509	-1
3.5969479084	-1
3.5969479084	-1
3.61468291283	-1
3.61468291283	-1
3.61474299431	-1
3.61474299431	-1
3.61474299431	-1
3.61474299431	-1
3.64906692505	-1
3.65005898476	-1
3.65005898476	-1
3.65005898476	-1
3.65005898476	-1
3.65005898476	-1
3.65005898476	-1
3.65005898476	-1
3.65005898476	-1
3.65202093124	1
3.66802501678	-1
3.66802501678	-1
3.66802501678	-1
3.66802501678	-1
3.66802501678	-1
3.66802501678	-1
3.66802501678	-1
3.70640301704	-1
3.70640301704	-1
3.70645093918	-1
3.70645093918	-1
3.70645093918	-1
3.70645093918	-1
3.70645093918	-1
3.70645093918	-1
3.70645093918	-1
3.77993988991	1
3.89183807373	-1
3.89187598228	1
3.89187598228	1
4.18801093102	-1
4.19463586807	-1
4.19463586807	-1
4.19463586807	-1
4.19463586807	-1
4.19463586807	-1
4.19463586807	-1
4.19463586807	-1
4.19463586807	-1
4.20604205132	-1
4.20608997345	-1
4.20608997345	-1
4.20608997345	-1
4.20608997345	-1
4.20608997345	-1
4.20608997345	-1
4.20608997345	-1
4.33844399452	1
4.61526894569	-1
4.61648988724	1
4.81829285622	-1
4.96671199799	-1
4.96671199799	-1
