0.0	1
0.186131000519	-1
0.186174869537	1
0.398494958878	-1
0.417434930801	-1
0.417434930801	-1
0.417434930801	-1
0.417434930801	-1
0.417434930801	-1
0.417434930801	-1
0.417434930801	-1
0.417434930801	-1
0.417434930801	-1
0.540417909622	1
0.809126853943	-1
0.810271024704	1
1.2207698822	-1
1.22590899467	-1
1.22590899467	-1
1.22590899467	-1
1.22590899467	-1
1.22590899467	-1
1.22590899467	-1
1.22590899467	-1
1.22590899467	-1
1.23209404945	-1
1.23209404945	-1
1.23209404945	-1
1.23209404945	-1
1.23209404945	-1
1.23209404945	-1
1.23209404945	-1
1.23599505424	-1
1.23599505424	-1
1.23599505424	-1
1.23599505424	-1
1.23599505424	-1
1.23599505424	-1
1.23599505424	-1
1.24747300148	-1
1.24747300148	-1
1.24747300148	-1
1.24747300148	-1
1.30025792122	1
1.30432605743	1
1.30432605743	1
1.30432605743	1
1.30551695824	1
1.30551695824	1
1.51824688911	-1
1.51824688911	-1
1.52478289604	-1
1.52478289604	-1
1.52478289604	-1
1.52478289604	-1
1.52478289604	-1
1.52478289604	-1
1.52478289604	-1
1.57644605637	-1
1.5765478611	-1
1.5765478611	-1
1.5765478611	-1
1.5765478611	-1
1.5765478611	-1
1.5765478611	-1
1.5765478611	-1
1.5812189579	1
1.62938094139	-1
1.62938094139	-1
1.6494679451	-1
1.6494679451	-1
1.6494679451	-1
1.6494679451	-1
1.6494679451	-1
1.76473903656	1
1.880163908	-1
1.88021183014	1
1.88187289238	1
1.88187289238	1
1.88187289238	1
1.88187289238	1
1.99600696564	-1
2.20830988884	1
2.23229002953	-1
2.23847699165	-1
2.23847699165	-1
2.23847699165	-1
2.23847699165	-1
2.23847699165	-1
2.23847699165	-1
2.23847699165	-1
2.23847699165	-1
2.24143385887	-1
2.24143385887	-1
2.24143385887	-1
2.24143385887	-1
2.24143385887	-1
2.24143385887	-1
2.24143385887	-1
2.24455690384	-1
2.24455690384	-1
2.24455690384	-1
2.24455690384	-1
2.24455690384	-1
2.24455690384	-1
2.24455690384	-1
2.25354790688	-1
2.25354790688	-1
2.25354790688	-1
2.25354790688	-1
2.25354790688	-1
2.25354790688	-1
2.25354790688	-1
2.25354790688	-1
2.25354790688	-1
2.25971102715	-1
2.25971102715	-1
2.25971102715	-1
2.25971102715	-1
2.25971102715	-1
2.25971102715	-1
2.25971102715	-1
2.25971102715	-1
2.26261901855	-1
2.26261901855	-1
2.26261901855	-1
2.26261901855	-1
2.26261901855	-1
2.26261901855	-1
2.26261901855	-1
2.26696395874	-1
2.26993083954	-1
2.26993083954	-1
2.26993083954	-1
2.26993083954	-1
2.26993083954	-1
2.26993083954	-1
2.26993083954	-1
2.27302289009	-1
2.27802085876	-1
2.27802085876	-1
2.27802085876	-1
2.27802085876	-1
2.27802085876	-1
2.27802085876	-1
2.27802085876	-1
2.27802085876	-1
2.28288888931	-1
2.28288888931	-1
2.28288888931	-1
2.28288888931	-1
2.28288888931	-1
2.28288888931	-1
2.28288888931	-1
2.28288888931	-1
2.2865998745	-1
2.2865998745	-1
2.2865998745	-1
2.2865998745	-1
2.2865998745	-1
2.2865998745	-1
2.2865998745	-1
2.2865998745	-1
2.35417604446	1
2.35436797142	-1
2.35436797142	-1
2.35436797142	-1
2.35436797142	-1
2.35436797142	-1
2.35436797142	-1
2.35436797142	-1
2.35436797142	-1
2.35715389252	-1
2.35715389252	-1
2.35715389252	-1
2.35715389252	-1
2.35715389252	-1
2.35715389252	-1
2.35715389252	-1
2.3575220108	-1
2.3575220108	-1
2.35998702049	-1
2.35998702049	-1
2.35998702049	-1
2.35998702049	-1
2.35998702049	-1
2.35998702049	-1
2.35998702049	-1
2.36013293266	-1
2.36013293266	-1
2.36013293266	-1
2.36013293266	-1
2.36013293266	-1
2.36013293266	-1
2.36013293266	-1
2.36104393005	-1
2.36104393005	-1
2.36104393005	-1
2.43660402298	-1
2.43660402298	-1
2.44000291824	-1
2.44000291824	-1
2.44000291824	-1
2.44000291824	-1
2.44000291824	-1
2.44000291824	-1
2.44000291824	-1
2.44346094131	-1
2.44346094131	-1
2.44346094131	-1
2.44346094131	-1
2.44346094131	-1
2.44346094131	-1
2.44346094131	-1
2.44636082649	-1
2.44636082649	-1
2.44636082649	-1
2.44636082649	-1
2.44636082649	-1
2.44636082649	-1
2.44636082649	-1
2.4502120018	-1
2.4555439949	-1
2.4555439949	-1
2.4555439949	-1
2.4555439949	-1
2.4555439949	-1
2.4555439949	-1
2.4555439949	-1
2.4555439949	-1
2.46132588387	-1
2.46132588387	-1
2.46132588387	-1
2.46132588387	-1
2.46132588387	-1
2.46132588387	-1
2.46132588387	-1
2.46132588387	-1
2.46388983727	-1
2.46388983727	-1
2.46388983727	-1
2.46388983727	-1
2.46388983727	-1
2.46388983727	-1
2.46388983727	-1
2.46651887894	-1
2.46749997139	1
2.46749997139	1
2.46749997139	1
2.47256803513	-1
2.47256803513	-1
2.47256803513	-1
2.47256803513	-1
2.47256803513	-1
2.47256803513	-1
2.47256803513	-1
2.59326291084	1
2.74003982544	1
2.74003982544	1
2.74003982544	1
2.74177694321	1
2.74177694321	1
2.74177694321	1
2.74199986458	1
2.74199986458	1
2.74363493919	1
2.74363493919	1
2.74363493919	1
2.8198568821	-1
2.82135486603	1
2.82135486603	1
2.82135486603	1
3.00241994858	-1
3.00764083862	-1
3.00764083862	-1
3.00764083862	-1
3.00764083862	-1
3.00764083862	-1
3.00764083862	-1
3.00764083862	-1
3.00764083862	-1
3.00904297829	1
3.00904297829	1
3.00904297829	1
3.01310896873	-1
3.01310896873	-1
3.01310896873	-1
3.01310896873	-1
3.01310896873	-1
3.01310896873	-1
3.01310896873	-1
3.02138400078	-1
3.02138400078	-1
3.02138400078	-1
3.02138400078	-1
3.02138400078	-1
3.02138400078	-1
3.02138400078	-1
3.02138400078	-1
3.02719783783	-1
3.02719783783	-1
3.03057789803	-1
3.03057789803	-1
3.03057789803	-1
3.03057789803	-1
3.03057789803	-1
3.03057789803	-1
3.03057789803	-1
3.0337100029	-1
3.03669285774	-1
3.03669285774	-1
3.03669285774	-1
3.03669285774	-1
3.03669285774	-1
3.03669285774	-1
3.03669285774	-1
3.03972387314	-1
3.03972387314	-1
3.03972387314	-1
3.03972387314	-1
3.03972387314	-1
3.03972387314	-1
3.03972387314	-1
3.04075193405	1
3.04075193405	1
3.04463100433	-1
3.04463100433	-1
3.04463100433	-1
3.04463100433	-1
3.04463100433	-1
3.04463100433	-1
3.04463100433	-1
3.04463100433	-1
3.05507493019	-1
3.05507493019	-1
3.05514001846	-1
3.05514001846	-1
3.05514001846	-1
3.05514001846	-1
3.05514001846	-1
3.05514001846	-1
3.05514001846	-1
3.06083703041	-1
3.06083703041	-1
3.06083703041	-1
3.06083703041	-1
3.06083703041	-1
3.06083703041	-1
3.06083703041	-1
3.06428289413	-1
3.06428289413	-1
3.06428289413	-1
3.06428289413	-1
3.06428289413	-1
3.06428289413	-1
3.06428289413	-1
3.06656098366	-1
3.07077002525	-1
3.07077002525	-1
3.07077002525	-1
3.07077002525	-1
3.07077002525	-1
3.07077002525	-1
3.07077002525	-1
3.07077002525	-1
3.07275390625	-1
3.07275390625	-1
3.07275390625	-1
3.07275390625	-1
3.07275390625	-1
3.07275390625	-1
3.07275390625	-1
3.07275390625	-1
3.07436203957	-1
3.07623791695	-1
3.07623791695	-1
3.07623791695	-1
3.07623791695	-1
3.07623791695	-1
3.07623791695	-1
3.07623791695	-1
3.0785779953	-1
3.0785779953	-1
3.0785779953	-1
3.0785779953	-1
3.0785779953	-1
3.0785779953	-1
3.0785779953	-1
3.08463382721	-1
3.08463382721	-1
3.08463382721	-1
3.08463382721	-1
3.08463382721	-1
3.08463382721	-1
3.08463382721	-1
3.08463382721	-1
3.0896859169	-1
3.0896859169	-1
3.0896859169	-1
3.0896859169	-1
3.0896859169	-1
3.0896859169	-1
3.0896859169	-1
3.0896859169	-1
3.09425401688	-1
3.09425401688	-1
3.09640097618	-1
3.09640097618	-1
3.09640097618	-1
3.09640097618	-1
3.09640097618	-1
3.09640097618	-1
3.09640097618	-1
3.10194897652	-1
3.10194897652	-1
3.10194897652	-1
3.10194897652	-1
3.10194897652	-1
3.10194897652	-1
3.10194897652	-1
3.109416008	-1
3.109416008	-1
3.109416008	-1
3.109416008	-1
3.109416008	-1
3.109416008	-1
3.109416008	-1
3.109416008	-1
3.11045384407	1
3.11045384407	1
3.11045384407	1
3.11562085152	-1
3.11562085152	-1
3.11562085152	-1
3.11562085152	-1
3.11562085152	-1
3.11562085152	-1
3.11562085152	-1
3.11562085152	-1
3.1237590313	-1
3.1237590313	-1
3.1237590313	-1
3.12901902199	-1
3.12901902199	-1
3.12901902199	-1
3.12901902199	-1
3.12901902199	-1
3.12901902199	-1
3.12901902199	-1
3.12901902199	-1
3.13178396225	-1
3.13178396225	-1
3.13178396225	-1
3.13178396225	-1
3.13178396225	-1
3.13178396225	-1
3.13757896423	-1
3.13757896423	-1
3.13757896423	-1
3.13757896423	-1
3.13757896423	-1
3.13757896423	-1
3.13757896423	-1
3.14343500137	-1
3.14343500137	-1
3.14343500137	-1
3.14343500137	-1
3.14343500137	-1
3.14343500137	-1
3.14343500137	-1
3.15048003197	-1
3.15048003197	-1
3.15048003197	-1
3.15048003197	-1
3.15048003197	-1
3.15048003197	-1
3.15048003197	-1
3.15048003197	-1
3.16093993187	-1
3.16093993187	-1
3.16093993187	-1
3.16093993187	-1
3.16093993187	-1
3.16093993187	-1
3.16093993187	-1
3.16093993187	-1
3.19427704811	-1
3.19427704811	-1
3.19427704811	-1
3.19431996346	1
3.20392084122	-1
3.20392084122	-1
3.20392084122	-1
3.20392084122	-1
3.20392084122	-1
3.20392084122	-1
3.21084403992	-1
3.21084403992	-1
3.21084403992	-1
3.21084403992	-1
3.21084403992	-1
3.21084403992	-1
3.21084403992	-1
3.22419595718	-1
3.22419595718	-1
3.22419595718	-1
3.22419595718	-1
3.22852897644	-1
3.233096838	-1
3.233096838	-1
3.233096838	-1
3.233096838	-1
3.233096838	-1
3.233096838	-1
3.233096838	-1
3.23704600334	-1
3.23704600334	-1
3.23704600334	-1
3.23704600334	-1
3.23704600334	-1
3.23704600334	-1
3.23704600334	-1
3.24120092392	-1
3.24120092392	-1
3.24120092392	-1
3.24120092392	-1
3.24120092392	-1
3.24120092392	-1
3.24120092392	-1
3.24499082565	-1
3.24874091148	-1
3.24874091148	-1
3.24874091148	-1
3.24874091148	-1
3.24874091148	-1
3.24874091148	-1
3.24874091148	-1
3.25251984596	-1
3.25836491585	-1
3.25836491585	-1
3.25836491585	-1
3.25836491585	-1
3.25836491585	-1
3.25836491585	-1
3.25836491585	-1
3.25836491585	-1
3.26098203659	-1
3.26098203659	-1
3.26098203659	-1
3.26098203659	-1
3.26098203659	-1
3.26098203659	-1
3.26098203659	-1
3.2639529705	-1
3.26691603661	-1
3.26691603661	-1
3.26691603661	-1
3.26691603661	-1
3.26691603661	-1
3.26691603661	-1
3.26691603661	-1
3.27005600929	-1
3.2747399807	-1
3.2747399807	-1
3.2747399807	-1
3.2747399807	-1
3.2747399807	-1
3.2747399807	-1
3.2747399807	-1
3.28137087822	-1
3.28137087822	-1
3.28254389763	1
3.28254389763	1
3.28254389763	1
3.28380894661	-1
3.28380894661	-1
3.28380894661	-1
3.28380894661	-1
3.28380894661	-1
3.28380894661	-1
3.28380894661	-1
3.28692102432	-1
3.28692102432	-1
3.28692102432	-1
3.28692102432	-1
3.28692102432	-1
3.28692102432	-1
3.28692102432	-1
3.29109883308	-1
3.29109883308	-1
3.29109883308	-1
3.29109883308	-1
3.29109883308	-1
3.29109883308	-1
3.29109883308	-1
3.29109883308	-1
3.29579997063	-1
3.29579997063	-1
3.29579997063	-1
3.29579997063	-1
3.29579997063	-1
3.29579997063	-1
3.29579997063	-1
3.29579997063	-1
3.30097198486	-1
3.30097198486	-1
3.3026099205	-1
3.3026099205	-1
3.3026099205	-1
3.3026099205	-1
3.30469799042	-1
3.3066649437	-1
3.3066649437	-1
3.3066649437	-1
3.3066649437	-1
3.3066649437	-1
3.30853390694	-1
3.30853390694	-1
3.30853390694	-1
3.30853390694	-1
3.30853390694	-1
3.30853390694	-1
3.30853390694	-1
3.31293702126	-1
3.31293702126	-1
3.31293702126	-1
3.31293702126	-1
3.31293702126	-1
3.31293702126	-1
3.31293702126	-1
3.31293702126	-1
3.31295204163	1
3.3171339035	-1
3.3171339035	-1
3.3171339035	-1
3.3171339035	-1
3.3171339035	-1
3.3171339035	-1
3.3171339035	-1
3.3171339035	-1
3.32190585136	-1
3.32190585136	-1
3.32831192017	-1
3.32831192017	-1
3.32831192017	-1
3.33080983162	-1
3.33080983162	-1
3.33080983162	-1
3.33080983162	-1
3.33080983162	-1
3.33080983162	-1
3.33080983162	-1
3.33230805397	1
3.33230805397	1
3.33230805397	1
3.33306288719	-1
3.33306288719	-1
3.33306288719	-1
3.33306288719	-1
3.33306288719	-1
3.33445692062	-1
3.33881783485	-1
3.33881783485	-1
3.33881783485	-1
3.33881783485	-1
3.33881783485	-1
3.33881783485	-1
3.33881783485	-1
3.33881783485	-1
3.34078383446	-1
3.34078383446	-1
3.34078383446	-1
3.34078383446	-1
3.34078383446	-1
3.34078383446	-1
3.34078383446	-1
3.34422492981	-1
3.34422492981	-1
3.34827685356	-1
3.34827685356	-1
3.34827685356	-1
3.34827685356	-1
3.34827685356	-1
3.34827685356	-1
3.34827685356	-1
3.35036587715	-1
3.35390996933	-1
3.35390996933	-1
3.35671496391	-1
3.35671496391	-1
3.35671496391	-1
3.35671496391	-1
3.35671496391	-1
3.35671496391	-1
3.42838788033	1
3.63823699951	1
3.96500992775	-1
4.02683591843	-1
4.02683591843	-1
4.02683591843	-1
4.02683591843	-1
4.14229488373	-1
4.18927788734	-1
4.18927788734	-1
4.18927788734	-1
4.19183087349	-1
4.19183087349	-1
4.19183087349	-1
4.19183087349	-1
4.30918884277	1
4.42537283897	-1
4.51822400093	1
4.57955384254	-1
4.7191119194	-1
4.72366285324	-1
4.72366285324	-1
4.72366285324	-1
4.72366285324	-1
4.72366285324	-1
4.72366285324	-1
4.72366285324	-1
4.736358881	-1
4.73741483688	1
4.73813986778	-1
4.73813986778	-1
4.73813986778	-1
4.73813986778	-1
4.73813986778	-1
4.73813986778	-1
4.73813986778	-1
4.73813986778	-1
4.90198802948	1
5.14725494385	-1
5.14778995514	1
5.35824298859	1
5.89871191978	-1
6.05026102066	-1
6.05026102066	-1
