0.0	1
0.11163687706	1
0.265517950058	-1
0.433001041412	-1
0.45444393158	-1
0.45444393158	-1
0.45444393158	-1
0.45444393158	-1
0.45444393158	-1
0.45444393158	-1
0.45444393158	-1
0.45444393158	-1
0.45444393158	-1
0.555283069611	1
0.747390031815	-1
0.748527050018	1
1.18443393707	-1
1.20508885384	-1
1.20508885384	-1
1.20508885384	-1
1.20508885384	-1
1.20508885384	-1
1.20550084114	-1
1.20562386513	-1
1.20562386513	-1
1.20562386513	-1
1.20562386513	-1
1.20562386513	-1
1.20562386513	-1
1.22671103477	-1
1.22671103477	-1
1.22677087784	-1
1.22677087784	-1
1.22677087784	-1
1.22677087784	-1
1.22677087784	-1
1.22677087784	-1
1.22677087784	-1
1.22677087784	-1
1.22718906403	-1
1.22718906403	-1
1.22718906403	-1
1.22718906403	-1
1.25374698639	1
1.25708889961	1
1.25708889961	1
1.25708889961	1
1.25852894783	1
1.25852894783	1
1.58613395691	-1
1.69082188606	-1
1.69082188606	-1
1.69082188606	-1
1.69082188606	-1
1.69082188606	-1
1.69082188606	-1
1.69082188606	-1
1.7025680542	1
1.79696297646	-1
1.79696297646	-1
1.79696297646	-1
1.79706907272	-1
1.79706907272	-1
1.79706907272	-1
1.79706907272	-1
1.96116685867	-1
1.96116685867	-1
1.96400904655	1
2.0316119194	-1
2.0316119194	-1
2.0316119194	-1
2.03171300888	-1
2.03171300888	-1
2.03171300888	-1
2.0734360218	-1
2.22511100769	-1
2.22674202919	1
2.22687101364	1
2.22687101364	1
2.22687101364	1
2.33694386482	-1
2.33837485313	1
2.8419919014	-1
2.89340996742	-1
2.89340996742	-1
2.89340996742	-1
2.89340996742	-1
2.89340996742	-1
2.89340996742	-1
2.89340996742	-1
2.89340996742	-1
2.90151906013	-1
2.90156507492	-1
2.90156507492	-1
2.90156507492	-1
2.90156507492	-1
2.90260195732	1
2.90328001976	-1
2.90338587761	-1
2.90338587761	-1
2.90338587761	-1
2.90338587761	-1
2.90338587761	-1
2.90338587761	-1
2.92590284348	-1
2.92590284348	-1
2.9259519577	-1
2.9259519577	-1
2.9259519577	-1
2.9259519577	-1
2.9259519577	-1
2.9259519577	-1
2.9259519577	-1
2.99331784248	-1
3.00540089607	-1
3.00540089607	-1
3.00540089607	-1
3.00540089607	-1
3.00540089607	-1
3.00540089607	-1
3.00540089607	-1
3.00563597679	-1
3.00563597679	-1
3.00563597679	-1
3.00563597679	-1
3.00563597679	-1
3.00563597679	-1
3.00563597679	-1
3.01353693008	-1
3.01353693008	-1
3.01353693008	-1
3.01353693008	-1
3.01353693008	-1
3.01353693008	-1
3.01353693008	-1
3.01353693008	-1
3.01531791687	-1
3.01531791687	-1
3.01531791687	-1
3.01531791687	-1
3.01531791687	-1
3.01531791687	-1
3.01531791687	-1
3.01531791687	-1
3.01531791687	-1
3.03795289993	-1
3.03795289993	-1
3.03795289993	-1
3.03795289993	-1
3.03795289993	-1
3.03795289993	-1
3.03795289993	-1
3.03795289993	-1
3.07726287842	-1
3.07726287842	-1
3.07726287842	-1
3.07726287842	-1
3.07726287842	-1
3.10520505905	-1
3.10520505905	-1
3.10520505905	-1
3.10520505905	-1
3.10520505905	-1
3.10520505905	-1
3.10520505905	-1
3.10542798042	-1
3.10555100441	-1
3.10555100441	-1
3.10555100441	-1
3.10555100441	-1
3.10555100441	-1
3.10555100441	-1
3.10555100441	-1
3.10555100441	-1
3.10610795021	1
3.11735200882	-1
3.11755084991	-1
3.11755084991	-1
3.11755084991	-1
3.11755084991	-1
3.11755084991	-1
3.11755084991	-1
3.11755084991	-1
3.11769795418	-1
3.11769795418	-1
3.11769795418	-1
3.11769795418	-1
3.11769795418	-1
3.11769795418	-1
3.11769795418	-1
3.11816501617	-1
3.11816501617	-1
3.11816501617	-1
3.11816501617	-1
3.11816501617	-1
3.11816501617	-1
3.11816501617	-1
3.11816501617	-1
3.11816501617	-1
3.12572407722	-1
3.12584900856	-1
3.12584900856	-1
3.12584900856	-1
3.12584900856	-1
3.12584900856	-1
3.12584900856	-1
3.12584900856	-1
3.12584900856	-1
3.12728691101	-1
3.12728691101	-1
3.12728691101	-1
3.12728691101	-1
3.12728691101	-1
3.12728691101	-1
3.12728691101	-1
3.12728691101	-1
3.12764692307	-1
3.12764692307	-1
3.12764692307	-1
3.12764692307	-1
3.12764692307	-1
3.12764692307	-1
3.14998793602	-1
3.14998793602	-1
3.14998793602	-1
3.14998793602	-1
3.14998793602	-1
3.14998793602	-1
3.14998793602	-1
3.14998793602	-1
3.15021586418	-1
3.15021586418	-1
3.15021586418	-1
3.15021586418	-1
3.15021586418	-1
3.15021586418	-1
3.15021586418	-1
3.15021586418	-1
3.18945288658	-1
3.19043207169	1
3.19043207169	1
3.19043207169	1
3.21734404564	-1
3.21734404564	-1
3.21734404564	-1
3.21734404564	-1
3.21734404564	-1
3.21734404564	-1
3.21734404564	-1
3.21734404564	-1
3.21734404564	-1
3.21771192551	-1
3.21771192551	-1
3.21771192551	-1
3.21771192551	-1
3.21771192551	-1
3.26489186287	1
3.26489186287	1
3.26489186287	1
3.37030291557	1
3.4069519043	1
3.4069519043	1
3.4069519043	1
3.4069519043	1
3.40877699852	1
3.40877699852	1
3.40877699852	1
3.41048884392	1
3.48243403435	1
3.48243403435	1
3.81382489204	-1
3.86348199844	-1
3.86348199844	-1
3.86348199844	-1
3.86990094185	1
3.93202495575	-1
3.93202495575	-1
3.93213105202	-1
3.93213105202	-1
3.93213105202	-1
3.93213105202	-1
3.93213105202	-1
3.9651260376	-1
3.97114801407	1
3.97114801407	1
3.97114801407	1
3.99825286865	-1
3.99825286865	-1
3.99825286865	-1
3.99825286865	-1
3.99825286865	-1
3.9983689785	-1
3.9983689785	-1
3.9983689785	-1
3.9983689785	-1
3.9983689785	-1
3.9983689785	-1
3.9983689785	-1
4.01889705658	-1
4.01889705658	-1
4.01889705658	-1
4.01889705658	-1
4.01889705658	-1
4.01889705658	-1
4.01889705658	-1
4.01889705658	-1
4.01889705658	-1
4.01924586296	-1
4.01924586296	-1
4.01924586296	-1
4.01924586296	-1
4.01924586296	-1
4.01924586296	-1
4.01924586296	-1
4.04320287704	-1
4.04320287704	-1
4.08643198013	-1
4.08643198013	-1
4.08643198013	-1
4.08643198013	-1
4.08643198013	-1
4.08643198013	-1
4.08643198013	-1
4.08643198013	-1
4.08643198013	-1
4.08678603172	-1
4.08678603172	-1
4.08678603172	-1
4.08678603172	-1
4.09655189514	-1
4.096585989	1
4.096585989	1
4.09661006927	-1
4.09661006927	-1
4.09661006927	-1
4.09661006927	-1
4.09661006927	-1
4.09661006927	-1
4.09661006927	-1
4.11036491394	-1
4.11036491394	-1
4.11036491394	-1
4.11036491394	-1
4.11036491394	-1
4.11036491394	-1
4.11036491394	-1
4.11036491394	-1
4.12616705894	-1
4.1271250248	-1
4.1271250248	-1
4.1271250248	-1
4.1271250248	-1
4.1271250248	-1
4.1271250248	-1
4.1271250248	-1
4.1271250248	-1
4.13095402718	-1
4.13095402718	-1
4.13095402718	-1
4.13095402718	-1
4.13095402718	-1
4.13095402718	-1
4.13095402718	-1
4.14669585228	-1
4.14669585228	-1
4.14727902412	-1
4.14727902412	-1
4.14727902412	-1
4.14727902412	-1
4.14727902412	-1
4.14727902412	-1
4.14727902412	-1
4.14764595032	-1
4.14764595032	-1
4.14764595032	-1
4.14764595032	-1
4.14764595032	-1
4.14764595032	-1
4.14764595032	-1
4.18860793114	-1
4.18860793114	-1
4.18934297562	-1
4.18934297562	-1
4.18934297562	-1
4.18934297562	-1
4.18934297562	-1
4.18934297562	-1
4.18934297562	-1
4.18934297562	-1
4.19851994514	-1
4.19870185852	-1
4.19870185852	-1
4.19870185852	-1
4.19870185852	-1
4.19870185852	-1
4.19870185852	-1
4.19870185852	-1
4.19870185852	-1
4.22046804428	-1
4.22046804428	-1
4.22050285339	1
4.22079801559	-1
4.22079801559	-1
4.22079801559	-1
4.22079801559	-1
4.22079801559	-1
4.22079801559	-1
4.22079801559	-1
4.22079801559	-1
4.22105193138	-1
4.22105193138	-1
4.22105193138	-1
4.22105193138	-1
4.22105193138	-1
4.23968505859	-1
4.23968505859	-1
4.23968505859	-1
4.23968505859	-1
4.23968505859	-1
4.23968505859	-1
4.23968505859	-1
4.23968505859	-1
4.24096488953	-1
4.24101185799	-1
4.24101185799	-1
4.24101185799	-1
4.24101185799	-1
4.24101185799	-1
4.24101185799	-1
4.24101185799	-1
4.24101185799	-1
4.26703691483	-1
4.26897907257	-1
4.26897907257	-1
4.26897907257	-1
4.26897907257	-1
4.26897907257	-1
4.26897907257	-1
4.26897907257	-1
4.26920890808	-1
4.26920890808	-1
4.26920890808	-1
4.26920890808	-1
4.26920890808	-1
4.26920890808	-1
4.26920890808	-1
4.28704190254	-1
4.28704190254	-1
4.28704190254	-1
4.28704190254	-1
4.28704190254	-1
4.28704190254	-1
4.28704190254	-1
4.28704190254	-1
4.28796291351	-1
4.28796291351	-1
4.28800797462	-1
4.28800797462	-1
4.28800797462	-1
4.28800797462	-1
4.28800797462	-1
4.28800797462	-1
4.28800797462	-1
4.31333899498	-1
4.31333899498	-1
4.31333899498	-1
4.31333899498	-1
4.31333899498	-1
4.31333899498	-1
4.31333899498	-1
4.31333899498	-1
4.31354689598	-1
4.31354689598	-1
4.31354689598	-1
4.31354689598	-1
4.31354689598	-1
4.31354689598	-1
4.31354689598	-1
4.33070492744	-1
4.33070492744	-1
4.33070492744	-1
4.33070492744	-1
4.33070492744	-1
4.33070492744	-1
4.33070492744	-1
4.33070492744	-1
4.33179402351	1
4.33179402351	1
4.33179402351	1
4.33301687241	-1
4.33301687241	-1
4.33301687241	-1
4.33301687241	-1
4.33301687241	-1
4.33301687241	-1
4.33301687241	-1
4.33301687241	-1
4.33301687241	-1
4.35503387451	-1
4.35615992546	-1
4.35615992546	-1
4.35615992546	-1
4.35615992546	-1
4.35615992546	-1
4.35615992546	-1
4.35615992546	-1
4.35615992546	-1
4.37457799911	-1
4.37460303307	-1
4.37460303307	-1
4.37460303307	-1
4.37460303307	-1
4.37460303307	-1
4.37460303307	-1
4.37460303307	-1
4.3749358654	-1
4.38101196289	-1
4.38101196289	-1
4.38101196289	-1
4.38101196289	-1
4.38101196289	-1
4.38101196289	-1
4.38101196289	-1
4.38101196289	-1
4.39419007301	-1
4.39419007301	-1
4.39419007301	-1
4.39419007301	-1
4.39419007301	-1
4.39419007301	-1
4.39419007301	-1
4.39419007301	-1
4.39938902855	-1
4.39938902855	-1
4.39938902855	-1
4.39938902855	-1
4.39938902855	-1
4.39938902855	-1
4.39938902855	-1
4.39938902855	-1
4.39938902855	-1
4.39964294434	-1
4.39964294434	-1
4.39964294434	-1
4.39964294434	-1
4.39964294434	-1
4.39964294434	-1
4.41526007652	-1
4.41526007652	-1
4.41526007652	-1
4.41526007652	-1
4.41526007652	-1
4.41526007652	-1
4.41526007652	-1
4.41526007652	-1
4.43467402458	-1
4.43467402458	-1
4.43467402458	-1
4.43467402458	-1
4.43467402458	-1
4.43467402458	-1
4.43467402458	-1
4.43467402458	-1
4.43467402458	-1
4.44294691086	-1
4.44294691086	-1
4.44294691086	-1
4.44294691086	-1
4.4447119236	1
4.4447119236	1
4.45412707329	-1
4.45427799225	-1
4.45427799225	-1
4.45427799225	-1
4.45427799225	-1
4.45427799225	-1
4.45427799225	-1
4.45427799225	-1
4.45451998711	-1
4.45537686348	-1
4.45537686348	-1
4.45537686348	-1
4.45537686348	-1
4.45537686348	-1
4.45537686348	-1
4.45537686348	-1
4.45537686348	-1
4.48663687706	-1
4.48663687706	-1
4.48663687706	-1
4.48663687706	-1
4.48663687706	-1
4.48663687706	-1
4.48663687706	-1
4.48663687706	-1
4.48663687706	-1
4.48663687706	-1
4.48690986633	-1
4.48690986633	-1
4.48690986633	-1
4.48690986633	-1
4.48690986633	-1
4.50566601753	-1
4.50566601753	-1
4.50566601753	-1
4.50566601753	-1
4.50566601753	-1
4.50566601753	-1
4.50566601753	-1
4.50566601753	-1
4.50696587563	-1
4.50696587563	-1
4.50708794594	-1
4.50708794594	-1
4.50708794594	-1
4.50708794594	-1
4.50708794594	-1
4.50708794594	-1
4.50708794594	-1
4.53360104561	-1
4.53399991989	-1
4.53399991989	-1
4.53399991989	-1
4.53399991989	-1
4.53399991989	-1
4.53399991989	-1
4.53399991989	-1
4.53424406052	-1
4.53424406052	-1
4.53424406052	-1
4.53424406052	-1
4.53424406052	-1
4.53766798973	1
4.53766798973	1
4.53766798973	1
4.55168199539	-1
4.55168199539	-1
4.55168199539	-1
4.55168199539	-1
4.55168199539	-1
4.55168199539	-1
4.55168199539	-1
4.55168199539	-1
4.55183291435	-1
4.55437088013	-1
4.55437088013	-1
4.55437088013	-1
4.55437088013	-1
4.55437088013	-1
4.55437088013	-1
4.55437088013	-1
4.55437088013	-1
4.61658096313	-1
4.61658096313	-1
4.61710190773	-1
4.61710190773	-1
4.61710190773	-1
4.61710190773	-1
4.61710190773	-1
4.61710190773	-1
4.61710190773	-1
4.61710190773	-1
4.62217402458	1
4.62217402458	1
4.62217402458	1
4.63726091385	-1
4.63737487793	-1
4.63737487793	-1
4.63737487793	-1
4.63737487793	-1
4.63737487793	-1
4.87733197212	-1
4.87878489494	1
5.47674489021	-1
5.53243494034	-1
5.53243494034	-1
5.53243494034	-1
5.53243494034	-1
5.53243494034	-1
5.53986597061	-1
5.55645704269	-1
5.55645704269	-1
5.55645704269	-1
5.55645704269	-1
5.55645704269	-1
5.55645704269	-1
5.56541085243	-1
5.56541085243	-1
5.56568694115	-1
5.56568694115	-1
5.56568694115	-1
5.56568694115	-1
5.56568694115	-1
5.56568694115	-1
5.56568694115	-1
5.56593203545	-1
5.56593203545	-1
5.56593203545	-1
5.56593203545	-1
5.56593203545	-1
5.56593203545	-1
5.56593203545	-1
5.57863903046	-1
5.57863903046	-1
5.57863903046	-1
5.57863903046	-1
5.57863903046	-1
5.57863903046	-1
5.57863903046	-1
5.57863903046	-1
5.58354401588	1
5.62513995171	-1
5.6951110363	1
5.83334803581	-1
5.88648700714	-1
5.88648700714	-1
5.88648700714	-1
5.88659286499	-1
5.88659286499	-1
5.88659286499	-1
5.89293885231	-1
5.89293885231	-1
5.89293885231	-1
5.89293885231	-1
5.89293885231	-1
5.89293885231	-1
5.89293885231	-1
5.89293885231	-1
5.89711403847	-1
5.89711403847	-1
5.89711403847	-1
5.99311304092	1
6.17056584358	-1
6.17078089714	1
6.28250193596	1
6.45200705528	-1
6.4525039196	1
6.56446099281	-1
6.56446099281	-1
