0.0	1
0.211861848831	1
0.790235996246	-1
0.967257022858	-1
0.971633911133	-1
0.971633911133	-1
0.971633911133	-1
0.971633911133	-1
0.971633911133	-1
0.971633911133	-1
0.971633911133	-1
0.984493017197	-1
0.984493017197	-1
0.984493017197	-1
1.11487293243	1
1.64965581894	-1
1.650785923	1
2.45222783089	-1
2.45617985725	-1
2.45617985725	-1
2.45617985725	-1
2.45617985725	-1
2.45617985725	-1
2.45617985725	-1
2.45617985725	-1
2.576846838	-1
2.576846838	-1
2.576846838	-1
2.576846838	-1
2.576846838	-1
2.576846838	-1
2.576846838	-1
2.61484789848	-1
2.61484789848	-1
2.61484789848	-1
2.61484789848	-1
2.61484789848	-1
2.61484789848	-1
2.61484789848	-1
2.62534594536	1
2.63128089905	1
2.63128089905	1
2.63128089905	1
2.63778090477	1
2.63778090477	1
2.69763493538	-1
2.69773387909	-1
2.69773387909	-1
2.69773387909	-1
2.69773387909	-1
2.75239086151	-1
2.97163796425	1
3.01076793671	-1
3.05555582047	-1
3.05555582047	-1
3.05555582047	-1
3.07856488228	-1
3.07856488228	-1
3.07856488228	-1
3.07856488228	-1
3.07856488228	-1
3.07856488228	-1
3.18824887276	-1
3.18824887276	-1
3.19184088707	-1
3.19184088707	-1
3.19184088707	-1
3.19184088707	-1
3.19184088707	-1
3.19316601753	1
3.36247801781	-1
3.36247801781	-1
3.36247801781	-1
3.36247801781	-1
3.36247801781	-1
3.36247801781	-1
3.36247801781	-1
3.36250901222	1
3.64347481728	-1
3.64505887032	1
3.64517998695	1
3.64517998695	1
3.64517998695	1
3.8616540432	-1
3.98161101341	1
4.32026791573	-1
4.3250670433	-1
4.3250670433	-1
4.3250670433	-1
4.3250670433	-1
4.3250670433	-1
4.3250670433	-1
4.3250670433	-1
4.32949495316	-1
4.32949495316	-1
4.32949495316	-1
4.32949495316	-1
4.32949495316	-1
4.32949495316	-1
4.32949495316	-1
4.33987188339	-1
4.33987188339	-1
4.33987188339	-1
4.33987188339	-1
4.33987188339	-1
4.33987188339	-1
4.33987188339	-1
4.33987188339	-1
4.35596203804	-1
4.35596203804	-1
4.35596203804	-1
4.35596203804	-1
4.35596203804	-1
4.35596203804	-1
4.35596203804	-1
4.35596203804	-1
4.35596203804	-1
4.36013889313	-1
4.36013889313	-1
4.36013889313	-1
4.36013889313	-1
4.36013889313	-1
4.36013889313	-1
4.36013889313	-1
4.36614704132	-1
4.37102198601	-1
4.37102198601	-1
4.37102198601	-1
4.37650895119	-1
4.37650895119	-1
4.37650895119	-1
4.37650895119	-1
4.37650895119	-1
4.37650895119	-1
4.37650895119	-1
4.3771469593	1
4.38573789597	-1
4.38573789597	-1
4.38573789597	-1
4.38573789597	-1
4.38573789597	-1
4.38573789597	-1
4.38573789597	-1
4.40124988556	-1
4.40124988556	-1
4.40124988556	-1
4.40124988556	-1
4.40124988556	-1
4.40124988556	-1
4.40124988556	-1
4.40124988556	-1
4.44594097137	-1
4.44594097137	-1
4.44605898857	-1
4.44605898857	-1
4.44605898857	-1
4.44605898857	-1
4.44605898857	-1
4.44605898857	-1
4.44605898857	-1
4.4503159523	-1
4.45041894913	-1
4.45041894913	-1
4.45041894913	-1
4.45041894913	-1
4.45041894913	-1
4.45041894913	-1
4.45041894913	-1
4.4506649971	-1
4.4506649971	-1
4.4506649971	-1
4.4506649971	-1
4.4506649971	-1
4.4506649971	-1
4.4506649971	-1
4.46052598953	-1
4.46052598953	-1
4.46052598953	-1
4.46052598953	-1
4.46052598953	-1
4.46052598953	-1
4.46052598953	-1
4.46052598953	-1
4.47148895264	-1
4.47148895264	-1
4.47148895264	-1
4.47148895264	-1
4.47148895264	-1
4.47148895264	-1
4.48043990135	-1
4.48043990135	-1
4.48043990135	-1
4.48043990135	-1
4.48043990135	-1
4.48043990135	-1
4.48043990135	-1
4.48531293869	-1
4.49444794655	-1
4.49444794655	-1
4.49444794655	-1
4.49444794655	-1
4.50689792633	-1
4.50693082809	1
4.50693082809	1
4.51513004303	-1
4.51513004303	-1
4.51513004303	-1
4.51513004303	-1
4.51513004303	-1
4.51513004303	-1
4.51513004303	-1
4.51513004303	-1
4.52050590515	-1
4.52050590515	-1
4.52050590515	-1
4.52050590515	-1
4.52050590515	-1
4.52050590515	-1
4.52050590515	-1
4.52710795403	-1
4.52710795403	-1
4.52710795403	-1
4.52710795403	-1
4.52710795403	-1
4.52710795403	-1
4.52710795403	-1
4.53682684898	-1
4.53682684898	-1
4.53682684898	-1
4.53682684898	-1
4.53682684898	-1
4.53682684898	-1
4.53682684898	-1
4.53682684898	-1
4.54752588272	-1
4.54752588272	-1
4.55219388008	-1
4.55219388008	-1
4.55219388008	-1
4.55219388008	-1
4.55219388008	-1
4.55219388008	-1
4.55219388008	-1
4.55975294113	-1
4.5632610321	-1
4.5632610321	-1
4.5632610321	-1
4.5632610321	-1
4.5632610321	-1
4.5632610321	-1
4.5632610321	-1
4.5632610321	-1
4.5632610321	-1
4.56866002083	-1
4.56866002083	-1
4.56866002083	-1
4.56866002083	-1
4.56866002083	-1
4.72173190117	1
4.87090992928	1
4.87090992928	1
4.87090992928	1
4.87293887138	1
4.87293887138	1
4.87293887138	1
4.87476396561	1
4.87476396561	1
4.87476396561	1
4.87653899193	1
4.87653899193	1
4.87653899193	1
5.42966985703	-1
5.43697595596	-1
5.43697595596	-1
5.43697595596	-1
5.43872499466	1
5.44272899628	-1
5.44272899628	-1
5.44272899628	-1
5.44272899628	-1
5.44272899628	-1
5.44272899628	-1
5.44272899628	-1
5.44272899628	-1
5.4442448616	1
5.4442448616	1
5.4442448616	1
5.44546699524	-1
5.44546699524	-1
5.44546699524	-1
5.44546699524	-1
5.44546699524	-1
5.44546699524	-1
5.44693183899	1
5.44693183899	1
5.44693183899	1
5.4515440464	-1
5.4515440464	-1
5.4515440464	-1
5.4515440464	-1
5.4515440464	-1
5.4515440464	-1
5.4515440464	-1
5.4515440464	-1
5.45964097977	-1
5.45964097977	-1
5.46342897415	-1
5.46342897415	-1
5.46342897415	-1
5.46342897415	-1
5.46342897415	-1
5.46342897415	-1
5.46342897415	-1
5.46922492981	-1
5.46922492981	-1
5.46922492981	-1
5.46922492981	-1
5.46922492981	-1
5.46922492981	-1
5.46922492981	-1
5.48105382919	-1
5.48105382919	-1
5.48105382919	-1
5.48105382919	-1
5.48105382919	-1
5.48105382919	-1
5.48105382919	-1
5.48105382919	-1
5.49978995323	-1
5.49978995323	-1
5.49978995323	-1
5.50378394127	-1
5.50378394127	-1
5.50378394127	-1
5.50378394127	-1
5.50378394127	-1
5.50378394127	-1
5.50378394127	-1
5.50714588165	-1
5.51852798462	-1
5.51852798462	-1
5.51852798462	-1
5.51852798462	-1
5.51852798462	-1
5.51852798462	-1
5.51852798462	-1
5.51852798462	-1
5.5236890316	-1
5.5236890316	-1
5.5236890316	-1
5.5236890316	-1
5.5236890316	-1
5.5236890316	-1
5.5236890316	-1
5.52964782715	-1
5.53429698944	-1
5.53429698944	-1
5.53429698944	-1
5.53429698944	-1
5.53429698944	-1
5.53824901581	-1
5.54190993309	-1
5.54190993309	-1
5.54190993309	-1
5.54190993309	-1
5.54190993309	-1
5.54190993309	-1
5.54190993309	-1
5.5449450016	-1
5.55184698105	-1
5.55184698105	-1
5.55184698105	-1
5.55184698105	-1
5.55184698105	-1
5.55184698105	-1
5.55184698105	-1
5.55184698105	-1
5.55241203308	1
5.55241203308	1
5.55520582199	-1
5.55520582199	-1
5.55520582199	-1
5.55520582199	-1
5.55520582199	-1
5.55520582199	-1
5.55520582199	-1
5.55880999565	-1
5.56153297424	-1
5.56153297424	-1
5.56153297424	-1
5.56153297424	-1
5.56153297424	-1
5.56153297424	-1
5.56153297424	-1
5.56154990196	1
5.56465792656	-1
5.56696486473	-1
5.56696486473	-1
5.56696486473	-1
5.56696486473	-1
5.56696486473	-1
5.56696486473	-1
5.56696486473	-1
5.56968998909	-1
5.57495188713	-1
5.57495188713	-1
5.57495188713	-1
5.57495188713	-1
5.57495188713	-1
5.57495188713	-1
5.57495188713	-1
5.57495188713	-1
5.57748699188	-1
5.57748699188	-1
5.57748699188	-1
5.57748699188	-1
5.57748699188	-1
5.57748699188	-1
5.57748699188	-1
5.58957290649	-1
5.58957290649	-1
5.60028195381	-1
5.60028195381	-1
5.60028195381	-1
5.60028195381	-1
5.60028195381	-1
5.60028195381	-1
5.60028195381	-1
5.60028195381	-1
5.60556197166	-1
5.60556197166	-1
5.60556197166	-1
5.60556197166	-1
5.60556197166	-1
5.60556197166	-1
5.60556197166	-1
5.61240386963	-1
5.61804986	-1
5.61804986	-1
5.61804986	-1
5.61804986	-1
5.61804986	-1
5.61804986	-1
5.61804986	-1
5.62332296371	-1
5.6286380291	-1
5.6286380291	-1
5.6286380291	-1
5.6286380291	-1
5.6286380291	-1
5.6286380291	-1
5.6286380291	-1
5.63395786285	-1
5.6438498497	-1
5.6438498497	-1
5.6438498497	-1
5.6438498497	-1
5.6438498497	-1
5.6438498497	-1
5.6438498497	-1
5.6438498497	-1
5.68214583397	-1
5.6822078228	1
5.68583083153	-1
5.68583083153	-1
5.68583083153	-1
5.68583083153	-1
5.68583083153	-1
5.68583083153	-1
5.68583083153	-1
5.68583083153	-1
5.68982481956	-1
5.6938598156	-1
5.6938598156	-1
5.6938598156	-1
5.6938598156	-1
5.6938598156	-1
5.6938598156	-1
5.69754600525	-1
5.69754600525	-1
5.69754600525	-1
5.69754600525	-1
5.69754600525	-1
5.69754600525	-1
5.69754600525	-1
5.70849585533	-1
5.70849585533	-1
5.70849585533	-1
5.70849585533	-1
5.70849585533	-1
5.70849585533	-1
5.70849585533	-1
5.70849585533	-1
5.72067403793	-1
5.72067403793	-1
5.72067403793	-1
5.72067403793	-1
5.72067403793	-1
5.72067403793	-1
5.72067403793	-1
5.72067403793	-1
5.72720599174	-1
5.73894000053	-1
5.73894000053	-1
5.73894000053	-1
5.73894000053	-1
5.73894000053	-1
5.73894000053	-1
5.73894000053	-1
5.73894000053	-1
5.74407982826	-1
5.74407982826	-1
5.74407982826	-1
5.74407982826	-1
5.74407982826	-1
5.74407982826	-1
5.74407982826	-1
5.74971199036	-1
5.75755500793	-1
5.75755500793	-1
5.75755500793	-1
5.77514195442	-1
5.77514195442	-1
5.78546881676	-1
5.78546881676	-1
5.78546881676	-1
5.78546881676	-1
5.78546881676	-1
5.78546881676	-1
5.78595304489	1
5.78595304489	1
5.78595304489	1
5.79873991013	-1
5.79873991013	-1
5.80407691002	-1
5.80407691002	-1
5.80407691002	-1
5.80407691002	-1
5.80407691002	-1
5.80407691002	-1
5.80407691002	-1
5.80872488022	-1
5.80872488022	-1
5.80872488022	-1
5.80872488022	-1
5.80872488022	-1
5.80872488022	-1
5.80872488022	-1
5.8172249794	-1
5.8172249794	-1
5.8172249794	-1
5.8172249794	-1
5.8172249794	-1
5.8172249794	-1
5.8172249794	-1
5.8172249794	-1
5.82523703575	-1
5.82523703575	-1
5.82523703575	-1
5.82523703575	-1
5.82523703575	-1
5.82523703575	-1
5.82523703575	-1
5.82523703575	-1
5.83413696289	-1
5.83413696289	-1
5.83413696289	-1
5.83413696289	-1
5.83413696289	-1
5.83413696289	-1
5.83413696289	-1
5.83413696289	-1
5.83927702904	-1
5.83927702904	-1
5.83927702904	-1
5.83927702904	-1
5.83927702904	-1
5.83927702904	-1
5.83927702904	-1
5.8473238945	-1
5.84743189812	-1
5.84743189812	-1
5.84743189812	-1
5.85918283463	-1
5.85918283463	-1
5.85918283463	-1
5.85918283463	-1
5.85918283463	-1
5.85918283463	-1
5.85918283463	-1
5.85918283463	-1
5.87034702301	-1
5.87034702301	-1
5.87034702301	-1
5.87034702301	-1
5.87034702301	-1
5.87034702301	-1
5.87034702301	-1
5.87034702301	-1
5.87034702301	-1
5.87380599976	-1
5.87380599976	-1
5.87380599976	-1
5.87380599976	-1
5.87380599976	-1
5.87380599976	-1
5.87380599976	-1
5.87749099731	-1
5.88095283508	-1
5.88095283508	-1
5.88095283508	-1
5.88095283508	-1
5.88095283508	-1
5.88095283508	-1
5.88095283508	-1
5.88414597511	-1
5.89108896255	-1
5.89108896255	-1
5.89108896255	-1
5.89108896255	-1
5.89108896255	-1
5.89108896255	-1
5.89108896255	-1
5.89524483681	-1
5.91032195091	-1
5.91032195091	-1
5.91032195091	-1
5.91032195091	-1
5.91032195091	-1
5.91032195091	-1
5.91032195091	-1
5.91032195091	-1
5.91638302803	-1
5.91638302803	-1
5.91638302803	-1
5.91638302803	-1
5.91638302803	-1
5.91638302803	-1
5.91638302803	-1
5.91665196419	1
5.91665196419	1
5.91665196419	1
5.92115902901	-1
5.92455887794	-1
5.92455887794	-1
5.92455887794	-1
5.93580102921	-1
5.93580102921	-1
5.94149494171	-1
5.94149494171	-1
5.94149494171	-1
5.94149494171	-1
5.94149494171	-1
5.94149494171	-1
5.95518994331	-1
5.95518994331	-1
5.95518994331	-1
5.95518994331	-1
5.95518994331	-1
5.95518994331	-1
5.95518994331	-1
5.95518994331	-1
5.9596760273	1
5.9596760273	1
5.9596760273	1
5.95992493629	-1
5.95992493629	-1
5.95992493629	-1
5.95992493629	-1
5.95992493629	-1
5.95992493629	-1
5.95992493629	-1
5.96522188187	-1
5.97012782097	-1
5.97012782097	-1
5.97012782097	-1
5.97012782097	-1
5.97012782097	-1
5.97012782097	-1
5.97012782097	-1
5.97531795502	-1
5.97531795502	-1
5.99471187592	-1
5.99471187592	-1
6.00549793243	-1
6.00549793243	-1
6.00549793243	-1
6.00549793243	-1
6.00549793243	-1
6.00549793243	-1
6.00549793243	-1
6.01129102707	-1
6.01129102707	-1
6.01129102707	-1
6.01129102707	-1
6.01129102707	-1
6.01129102707	-1
6.01129102707	-1
6.03493285179	1
6.03493285179	1
6.05645704269	-1
6.07114100456	-1
6.07114100456	-1
6.07114100456	-1
6.07114100456	-1
6.07114100456	-1
6.2715549469	1
6.40688991547	-1
6.45095801353	-1
6.45095801353	-1
6.45095801353	-1
6.45095801353	-1
6.52207803726	-1
6.52207803726	-1
6.55894184113	1
6.5672929287	-1
6.5672929287	-1
6.5672929287	-1
6.5672929287	-1
6.5672929287	-1
6.5672929287	-1
6.69065499306	1
7.42732381821	-1
7.42881584167	1
7.54939603806	-1
7.54941701889	1
7.54941701889	1
7.94579291344	-1
8.06176495552	-1
8.06176495552	-1
8.06176495552	-1
8.08586502075	-1
8.08586502075	-1
8.09711885452	-1
8.09711885452	-1
8.09711885452	-1
8.09711885452	-1
8.09711885452	-1
8.22042298317	1
8.66937184334	-1
