0.0	-1
0.0	-1
0.337651014328	1
0.337651014328	1
0.411314964294	1
0.805610179901	-1
1.74754118919	1
1.82122612	1
2.2653491497	-1
2.46028208733	-1
2.55010008812	-1
2.55010008812	-1
2.55010008812	-1
2.55010008812	-1
2.55010008812	-1
2.55010008812	-1
2.55010008812	-1
2.62392497063	-1
2.62899518013	-1
2.62899518013	-1
2.62899518013	-1
2.69771003723	-1
2.70584607124	1
3.23583316803	-1
3.23721218109	1
3.31096816063	1
4.07457709312	-1
4.07664108276	-1
4.07664108276	-1
4.15044617653	-1
4.21672701836	-1
4.21672701836	-1
4.21672701836	-1
4.21672701836	-1
4.21672701836	-1
4.21672701836	-1
4.21672701836	-1
4.24111604691	-1
4.24116110802	-1
4.24116110802	-1
4.24116110802	-1
4.24116110802	-1
4.24116110802	-1
4.24116110802	-1
4.24157905579	-1
4.24157905579	-1
4.24157905579	-1
4.24157905579	-1
4.24157905579	-1
4.24157905579	-1
4.24157905579	-1
4.24157905579	-1
4.24157905579	-1
4.24181199074	1
4.2625951767	-1
4.2625951767	-1
4.2625951767	-1
4.2625951767	-1
4.26281499863	-1
4.26281499863	-1
4.26281499863	-1
4.26281499863	-1
4.26281499863	-1
4.26281499863	-1
4.31507897377	-1
4.31592607498	1
4.34832596779	1
4.34832596779	1
4.35317802429	-1
4.35317802429	-1
4.35317802429	-1
4.35317802429	-1
4.35317802429	-1
4.35317802429	-1
4.35317802429	-1
4.35583615303	1
4.35583615303	1
4.35583615303	1
4.38199710846	-1
4.3828561306	-1
4.3828561306	-1
4.3828561306	-1
4.3828561306	-1
4.3828561306	-1
4.3828561306	-1
4.3828561306	-1
4.38350701332	-1
4.38350701332	-1
4.38350701332	-1
4.38350701332	-1
4.38350701332	-1
4.38350701332	-1
4.38350701332	-1
4.38350701332	-1
4.388931036	-1
4.41424512863	-1
4.41424512863	-1
4.41424512863	-1
4.41424512863	-1
4.41428017616	1
4.41428017616	1
4.41941213608	-1
4.42780804634	-1
4.42780804634	-1
4.48804807663	-1
4.57990813255	-1
4.57990813255	-1
4.57990813255	-1
4.59853816032	-1
4.95658707619	-1
5.0445971489	-1
5.04495501518	-1
5.04495501518	-1
5.04495501518	-1
5.04495501518	-1
5.04495501518	-1
5.04495501518	-1
5.04495501518	-1
5.0691421032	-1
5.06931996346	-1
5.06931996346	-1
5.06931996346	-1
5.07042598724	-1
5.07042598724	-1
5.08022618294	1
5.10060095787	-1
5.10060095787	-1
5.10060095787	-1
5.10060095787	-1
5.10060095787	-1
5.10060095787	-1
5.10060095787	-1
5.10060095787	-1
5.11840701103	-1
5.12338399887	-1
5.12338399887	-1
5.12338399887	-1
5.19233512878	-1
5.20140504837	1
5.29040718079	-1
5.40250897408	-1
5.40250897408	-1
5.43165206909	-1
5.43165206909	-1
5.47615098953	-1
5.54997706413	-1
5.77803206444	-1
5.77962517738	1
5.77962517738	1
5.77962517738	1
5.85406899452	1
5.95399308205	-1
6.34245800972	1
6.3435690403	1
6.3435690403	1
6.41755509377	1
6.41755509377	1
6.94584608078	-1
6.949862957	-1
6.949862957	-1
6.949862957	-1
6.949862957	-1
6.949862957	-1
6.949862957	-1
6.95022916794	-1
6.95022916794	-1
6.95022916794	-1
6.95022916794	-1
6.95022916794	-1
6.95022916794	-1
6.95022916794	-1
6.95022916794	-1
6.95109415054	1
6.96752810478	-1
6.96752810478	-1
6.96752810478	-1
6.96752810478	-1
6.96752810478	-1
6.96752810478	-1
6.96752810478	-1
6.96752810478	-1
7.01955413818	-1
7.11712002754	-1
7.11712002754	-1
7.11712002754	-1
7.11712002754	-1
7.11712002754	-1
7.11712002754	-1
7.11888718605	-1
7.11888718605	-1
7.11888718605	-1
7.11894011497	-1
7.11894011497	-1
7.11894011497	-1
7.11894011497	-1
7.11894011497	-1
7.11894011497	-1
7.11894011497	-1
7.11894011497	-1
7.11960697174	-1
7.11960697174	-1
7.11960697174	-1
7.11960697174	-1
7.11960697174	-1
7.11960697174	-1
7.11960697174	-1
7.11960697174	-1
7.11960697174	-1
7.12129306793	1
7.17207503319	-1
7.17207503319	-1
7.19100403786	-1
7.19100403786	-1
7.19105100632	-1
7.19105100632	-1
7.19105100632	-1
7.19105100632	-1
7.19105100632	-1
7.19105100632	-1
7.19124913216	-1
7.29522705078	-1
7.34362816811	1
7.34420204163	-1
7.34420204163	-1
7.34420204163	-1
7.34522914886	1
7.34522914886	1
7.40648698807	-1
7.40767598152	1
7.40767598152	1
7.40767598152	1
7.40845012665	1
7.40845012665	1
7.40856218338	1
7.40856218338	1
7.40856218338	1
7.41057014465	1
7.41057014465	1
7.41057014465	1
7.41184306145	1
7.41184306145	1
7.41943597794	1
7.41943597794	1
7.6075861454	1
7.63363218307	1
7.63363218307	1
7.6814930439	1
7.6814930439	1
7.6814930439	1
7.80279111862	-1
8.05367898941	-1
8.20315718651	-1
8.21623706818	-1
8.21623706818	-1
8.21623706818	-1
8.22235417366	-1
8.22235417366	-1
8.27688503265	-1
8.33001804352	-1
8.33001804352	-1
8.33032608032	-1
8.33032608032	-1
8.33032608032	-1
8.33032608032	-1
8.33032608032	-1
8.33032608032	-1
8.33032608032	-1
8.34390497208	-1
8.34408807755	-1
8.34408807755	-1
8.34408807755	-1
8.34433197975	-1
8.34433197975	-1
8.34433197975	-1
8.34433197975	-1
8.35069799423	-1
8.37571907043	-1
8.37571907043	-1
8.37786912918	1
8.40393614769	-1
8.40393614769	-1
8.40393614769	-1
8.40404295921	-1
8.40404295921	-1
8.4041659832	-1
8.4041659832	-1
8.4041659832	-1
8.4041659832	-1
8.4041659832	-1
8.4041659832	-1
8.42438912392	-1
8.49763798714	-1
8.49763798714	-1
8.49763798714	-1
8.49763798714	-1
8.49763798714	-1
8.49768304825	1
8.50133800507	-1
8.50133800507	-1
8.50133800507	-1
8.50133800507	-1
8.50133800507	-1
8.50133800507	-1
8.50133800507	-1
8.50156617165	-1
8.50156617165	-1
8.50156617165	-1
8.50156617165	-1
8.50156617165	-1
8.51036095619	-1
8.51036095619	-1
8.51036095619	-1
8.51047706604	-1
8.51047706604	-1
8.51047706604	-1
8.51100897789	-1
8.5235221386	-1
8.5235221386	-1
8.5235221386	-1
8.5235221386	-1
8.5235221386	-1
8.53455615044	-1
8.53455615044	-1
8.53455615044	-1
8.53460502625	-1
8.53460502625	-1
8.53460502625	-1
8.53465914726	-1
8.53465914726	-1
8.56913304329	-1
8.56913304329	-1
8.56913304329	-1
8.56913304329	-1
8.56913304329	-1
8.56913304329	-1
8.56913304329	-1
8.56913304329	-1
8.57618308067	1
8.57618308067	1
8.5763771534	-1
8.5763771534	-1
8.5763771534	-1
8.5763771534	-1
8.5763771534	-1
8.57662010193	-1
8.57662010193	-1
8.57662010193	-1
8.57674717903	-1
8.57674717903	-1
8.57674717903	-1
8.57674717903	-1
8.57674717903	-1
8.57674717903	-1
8.57674717903	-1
8.57674717903	-1
8.57711410522	-1
8.57711410522	-1
8.57711410522	-1
8.57711410522	-1
8.57711410522	-1
8.60899806023	-1
8.67004203796	-1
8.67004203796	-1
8.67004203796	-1
8.67004203796	-1
8.67004203796	-1
8.67004203796	-1
8.67004203796	-1
8.67004203796	-1
8.67007613182	1
8.67007613182	1
8.67036604881	-1
8.67036604881	-1
8.67036604881	-1
8.6705160141	-1
8.6705160141	-1
8.6705160141	-1
8.6705160141	-1
8.6705160141	-1
8.6705160141	-1
8.6707611084	-1
8.6707611084	-1
8.6707611084	-1
8.6707611084	-1
8.6707611084	-1
8.6707611084	-1
8.67100715637	-1
8.69268298149	-1
8.69268298149	-1
8.69268298149	-1
8.69268298149	-1
8.69268298149	-1
8.69268298149	-1
8.69291996956	-1
8.69291996956	-1
8.69291996956	-1
8.69316601753	-1
8.69316601753	-1
8.69316601753	-1
8.69357514381	-1
8.69357514381	-1
8.69357514381	-1
8.73275113106	-1
8.73275113106	-1
8.73275113106	-1
8.73275113106	-1
8.73289299011	-1
8.73289299011	-1
8.73289299011	-1
8.7330789566	-1
8.7330789566	-1
8.7330789566	-1
8.73320102692	-1
8.73320102692	-1
8.73320102692	-1
8.73325896263	-1
8.74304318428	1
8.74304318428	1
8.74407911301	-1
8.74407911301	-1
8.74407911301	-1
8.74411296844	1
8.74414205551	-1
8.74414205551	-1
8.74414205551	-1
8.74414205551	-1
8.90137004852	-1
8.90221500397	1
9.21564698219	-1
9.21722698212	1
9.21722698212	1
9.21722698212	1
9.29089713097	1
9.36447310448	1
9.36447310448	1
9.41050696373	-1
9.4121260643	1
9.4121260643	1
9.4121260643	1
9.41706299782	-1
9.41706299782	-1
9.41927099228	1
9.41927099228	1
9.41927099228	1
9.41927099228	1
9.41927099228	1
9.41927099228	1
9.41927099228	1
9.41927099228	1
9.42116808891	-1
9.42116808891	-1
9.42116808891	-1
9.42340707779	1
9.42340707779	1
9.42340707779	1
9.42340707779	1
9.42462897301	-1
9.42462897301	-1
9.42474508286	-1
9.42474508286	-1
9.42474508286	-1
9.42474508286	-1
9.42474508286	-1
9.42474508286	-1
9.42474508286	-1
9.43313717842	-1
9.43357205391	-1
9.43357205391	-1
9.43357205391	-1
9.43357205391	-1
9.43357205391	-1
9.43405103683	-1
9.43824505806	1
9.48626708984	-1
9.48626708984	-1
9.48626708984	-1
9.48626708984	-1
9.48626708984	-1
9.48640918732	-1
9.48640918732	-1
9.48640918732	-1
9.48640918732	-1
9.48640918732	-1
9.48640918732	-1
9.48661398888	-1
9.56100606918	-1
9.56100606918	-1
9.60014414787	-1
9.60014414787	-1
9.67388415337	-1
9.71392416954	1
9.78642606735	-1
9.79063010216	1
10.0215530396	-1
10.0230050087	-1
10.0230050087	-1
10.0246641636	-1
10.0246641636	-1
10.0246641636	-1
10.0338170528	-1
10.0338170528	-1
10.0434629917	-1
10.0434629917	-1
10.0434629917	-1
10.0435810089	-1
10.0435810089	-1
10.0435810089	-1
10.0435810089	-1
10.0642430782	-1
10.0779700279	-1
10.0779700279	-1
10.0779700279	-1
10.0780229568	-1
10.0780229568	-1
10.0882070065	-1
10.0882070065	-1
10.0882070065	-1
10.0945370197	-1
10.0945370197	-1
10.0945370197	-1
10.0946421623	-1
10.0946421623	-1
10.0967371464	-1
10.1057109833	-1
10.1057109833	-1
10.1065871716	-1
10.1065871716	-1
10.1065871716	-1
10.1076769829	-1
10.1076769829	-1
10.1076769829	-1
10.1104609966	-1
10.1104609966	-1
10.1104609966	-1
10.1110780239	1
10.1176161766	-1
10.1176161766	-1
10.1176161766	-1
10.117732048	-1
10.117732048	-1
10.1178450584	-1
10.1178450584	-1
10.1178450584	-1
10.1178450584	-1
10.1178450584	-1
10.1178450584	-1
10.1180911064	-1
10.1314730644	-1
10.1314730644	-1
10.1314730644	-1
10.1475670338	-1
10.1475670338	-1
10.1475670338	-1
10.1475670338	-1
10.1475670338	-1
10.1477851868	-1
10.1477851868	-1
10.1477851868	-1
10.1620690823	-1
10.1620690823	-1
10.1794810295	-1
10.1794810295	-1
10.1920981407	-1
10.1920981407	-1
10.1923480034	-1
10.1923480034	-1
10.1923480034	-1
10.1924891472	-1
10.1924891472	-1
10.1927030087	-1
10.1927030087	-1
10.1927030087	-1
10.1927030087	-1
10.1930701733	-1
10.1930701733	-1
10.1931390762	-1
10.1931390762	-1
10.2330369949	-1
10.2330369949	-1
10.2330369949	-1
10.2330369949	-1
10.2331559658	-1
10.2332930565	-1
10.2332930565	-1
10.2332930565	-1
10.2337491512	-1
10.2337491512	-1
10.2337491512	-1
10.2339541912	-1
10.2339541912	-1
10.2339541912	-1
10.2341380119	-1
10.2341380119	-1
10.2341380119	-1
10.2343430519	-1
10.2343430519	-1
10.2343430519	-1
10.2343711853	1
10.2359001637	-1
10.2360219955	-1
10.2360219955	-1
10.2360219955	-1
10.2493200302	-1
10.2493200302	-1
10.2493200302	-1
10.266048193	-1
10.266048193	-1
10.2661030293	-1
10.2661030293	-1
10.2661030293	-1
10.2662751675	-1
10.2662751675	-1
10.2662751675	-1
10.2663590908	-1
10.2663590908	-1
10.2663590908	-1
10.266518116	-1
10.266518116	-1
10.2665481567	-1
10.2665481567	-1
10.2666430473	-1
10.2732741833	-1
10.2732741833	-1
10.3065941334	-1
10.3065941334	-1
10.3065941334	-1
10.306648016	-1
10.306648016	-1
10.306648016	-1
10.306648016	-1
10.306648016	-1
10.3068881035	-1
10.3068881035	-1
10.3068881035	-1
10.3068881035	-1
10.3194329739	-1
10.319466114	1
10.3220500946	-1
10.3220500946	-1
10.3220500946	-1
10.3224480152	-1
10.3224480152	-1
10.3224480152	-1
10.3405680656	-1
10.354268074	-1
10.354268074	-1
10.354268074	-1
10.354268074	-1
10.354268074	-1
10.354268074	-1
10.3544960022	-1
10.3544960022	-1
10.3544960022	-1
10.361946106	-1
10.4056210518	-1
10.4056210518	-1
10.4056210518	-1
10.4056491852	1
10.4060821533	-1
10.4060821533	-1
10.4060821533	-1
10.4071011543	-1
10.4071011543	-1
10.4071011543	-1
10.4071011543	-1
10.4071011543	-1
10.4071011543	-1
10.4077761173	-1
10.4077761173	-1
10.4077761173	-1
10.4083890915	-1
10.4093580246	-1
10.4093580246	-1
10.4093580246	-1
10.4121801853	-1
10.4121801853	-1
10.4121801853	-1
10.4122869968	-1
10.4122869968	-1
10.4124560356	-1
10.4124560356	-1
10.4124560356	-1
10.4124560356	-1
10.4124560356	-1
10.4128401279	-1
10.4132490158	-1
10.4132490158	-1
10.4132490158	-1
10.4132490158	-1
10.4132490158	-1
10.4132490158	-1
10.4152510166	-1
10.4152510166	-1
10.4152510166	-1
10.4152510166	-1
10.4152510166	-1
10.4152510166	-1
10.4153909683	-1
10.4153909683	-1
10.4281160831	-1
10.4281160831	-1
10.4281680584	-1
10.4281680584	-1
10.4283430576	-1
10.4283430576	-1
10.4283430576	-1
10.4283430576	-1
10.4283430576	-1
10.4284651279	-1
10.4285881519	-1
10.4285881519	-1
10.4285881519	-1
10.4285881519	-1
10.4285881519	-1
10.4287099838	-1
10.4287099838	-1
10.479640007	-1
10.479640007	-1
10.4796831608	1
10.5027880669	-1
10.6185040474	-1
10.6185040474	-1
10.6484720707	1
11.225536108	-1
11.3454060555	1
11.4190740585	1
11.4344329834	-1
11.508190155	-1
11.8182899952	-1
12.3457531929	1
12.3457531929	1
13.0863640308	-1
13.9297780991	-1
15.4921431541	-1
15.6235070229	-1
15.6972551346	-1
15.8977761269	-1
