0.0	1
0.250313043594	1
0.749539852142	-1
0.750404834747	1
0.947762012482	-1
0.94852399826	1
0.954326868057	1
0.954326868057	1
0.954326868057	1
0.954326868057	1
0.954326868057	1
0.954326868057	1
1.75586795807	-1
1.75759482384	1
1.95362401009	-1
1.95503687859	1
2.06953692436	-1
2.06953692436	-1
2.0710940361	1
2.18552684784	-1
2.18552684784	-1
2.18557691574	1
2.33564782143	1
2.44633793831	-1
2.59718489647	-1
2.65970802307	-1
2.65970802307	-1
2.65970802307	-1
2.65970802307	-1
2.65970802307	-1
2.65970802307	-1
2.65970802307	-1
2.71219491959	1
2.82499289513	-1
2.82690596581	1
2.85864281654	-1
2.85864281654	-1
2.85864281654	-1
2.85864281654	-1
2.85864281654	-1
2.85864281654	-1
2.85864281654	-1
2.94114494324	-1
2.97116494179	1
3.07618188858	-1
3.07618188858	-1
3.07618188858	-1
3.07618188858	-1
3.07618188858	-1
3.07618188858	-1
3.07618188858	-1
3.07618188858	-1
3.07618188858	-1
3.15291285515	-1
3.15291285515	-1
3.15291285515	-1
3.15291285515	-1
3.15291285515	-1
3.15291285515	-1
3.15291285515	-1
3.19291090965	-1
3.19907093048	-1
3.31303882599	-1
3.35427999496	-1
3.35427999496	-1
3.35427999496	-1
3.35427999496	-1
3.35427999496	-1
3.35427999496	-1
3.35427999496	-1
3.45270490646	-1
3.45280599594	-1
3.45280599594	-1
3.45280599594	-1
3.45280599594	-1
3.45280599594	-1
3.45280599594	-1
3.45280599594	-1
3.45883989334	-1
3.45883989334	-1
3.45883989334	-1
3.45883989334	-1
3.47526288033	1
3.47692990303	1
3.47692990303	1
3.47692990303	1
3.47905302048	1
3.47905302048	1
3.57963585854	-1
3.57963585854	-1
3.58814096451	1
3.58814096451	1
3.58814096451	1
3.72843790054	1
3.74132585526	-1
3.87954282761	1
3.87954282761	1
3.94283604622	-1
4.24557495117	-1
4.43715500832	-1
4.45832490921	-1
4.45832490921	-1
4.45832490921	-1
4.45832490921	-1
4.45832490921	-1
4.45832490921	-1
4.45832490921	-1
4.54286503792	-1
4.55049991608	-1
4.55049991608	-1
4.55049991608	-1
4.55049991608	-1
4.55049991608	-1
4.55049991608	-1
4.55049991608	-1
4.6470348835	-1
4.6470348835	-1
4.6470348835	-1
4.68647694588	-1
4.80036091805	-1
4.86026000977	-1
4.86026000977	-1
4.86026000977	-1
4.91596102715	-1
5.02999997139	-1
5.03912401199	1
5.84962797165	-1
6.06122994423	-1
6.08099603653	1
6.08245396614	1
6.08245396614	1
6.08245396614	1
6.08340787888	1
6.08340787888	1
6.08494901657	1
6.08494901657	1
6.08494901657	1
6.08494901657	1
6.08494901657	1
6.08507299423	1
6.08507299423	1
6.08507299423	1
6.83511781693	-1
6.98505997658	-1
7.04756999016	-1
7.04756999016	-1
7.04756999016	-1
7.04756999016	-1
7.04756999016	-1
7.04756999016	-1
7.04756999016	-1
7.07033491135	-1
7.07038283348	-1
7.07038283348	-1
7.07038283348	-1
7.07038283348	-1
7.07038283348	-1
7.07038283348	-1
7.07038283348	-1
7.07239794731	1
7.16132187843	-1
7.16132187843	-1
7.16132187843	-1
7.16132187843	-1
7.16132187843	-1
7.16132187843	-1
7.16132187843	-1
7.18623495102	1
7.19152593613	-1
7.25005602837	-1
7.25005602837	-1
7.25005602837	-1
7.26010894775	-1
7.26010894775	-1
7.26010894775	-1
7.26010894775	-1
7.26010894775	-1
7.26010894775	-1
7.26747298241	-1
7.26747298241	-1
7.26747298241	-1
7.26747298241	-1
7.33929204941	1
7.34892487526	-1
7.35651493073	-1
7.35651493073	-1
7.35651493073	-1
7.35651493073	-1
7.35651493073	-1
7.35651493073	-1
7.37106084824	-1
7.45322704315	1
7.46444702148	-1
7.46444702148	-1
7.46444702148	-1
7.46444702148	-1
7.46444702148	-1
7.46444702148	-1
7.46444702148	-1
7.46444702148	-1
7.46444702148	-1
7.46444702148	-1
7.46479701996	-1
7.46479701996	-1
7.46479701996	-1
7.46479701996	-1
7.46479701996	-1
7.46479701996	-1
7.47382593155	-1
7.5441069603	-1
7.5441069603	-1
7.5441069603	-1
7.5441069603	-1
7.5441069603	-1
7.5441069603	-1
7.5441069603	-1
7.56382989883	-1
7.56394481659	-1
7.56394481659	-1
7.56394481659	-1
7.56394481659	-1
7.56394481659	-1
7.56394481659	-1
7.64539504051	-1
7.64539504051	-1
7.64539504051	-1
7.64539504051	-1
7.64539504051	-1
7.64539504051	-1
7.64539504051	-1
7.64539504051	-1
7.64539504051	-1
7.69589400291	-1
7.69589400291	-1
7.69589400291	-1
7.69589400291	-1
7.69589400291	-1
7.69589400291	-1
7.69589400291	-1
7.69589400291	-1
7.86519289017	-1
8.43485283852	-1
8.54875898361	-1
8.55706787109	1
8.6710319519	1
8.6710319519	1
9.07845687866	1
9.13472390175	-1
9.19230389595	1
9.19230389595	1
9.33471894264	-1
9.53475499153	-1
9.63659882545	-1
9.63659882545	-1
9.63659882545	-1
9.63659882545	-1
9.63659882545	-1
9.63659882545	-1
9.63659882545	-1
9.74327087402	-1
9.74327087402	-1
9.74327087402	-1
9.74327087402	-1
9.74327087402	-1
9.74327087402	-1
9.74327087402	-1
9.74327087402	-1
9.77081298828	-1
9.77081298828	-1
9.77081298828	-1
9.77081298828	-1
9.85959005356	-1
9.85959005356	-1
9.90606784821	1
9.91223692894	1
9.91223692894	1
9.91223692894	1
9.91663193703	1
9.91663193703	1
9.919962883	1
9.919962883	1
9.919962883	1
9.92671704292	1
9.92671704292	1
9.94000601768	1
9.94000601768	1
9.94000601768	1
9.99076104164	-1
9.99076104164	-1
10.5573220253	-1
10.7468278408	-1
10.8607280254	-1
10.9623219967	-1
10.9623219967	-1
10.9623219967	-1
10.9623219967	-1
11.0717258453	-1
11.0717258453	-1
11.0717258453	-1
11.0717258453	-1
11.0717258453	-1
11.0717258453	-1
11.0783288479	1
11.0896320343	1
11.0896320343	1
11.0896320343	1
11.1643509865	-1
11.1643509865	-1
11.1643509865	-1
11.1643509865	-1
11.1643509865	-1
11.1643509865	-1
11.1643509865	-1
11.1643509865	-1
11.1643509865	-1
11.1647078991	-1
11.1647078991	-1
11.2489199638	-1
11.2489199638	-1
11.2489199638	-1
11.2489199638	-1
11.277477026	-1
11.277477026	-1
11.277477026	-1
11.277477026	-1
11.277477026	-1
11.277477026	-1
11.277477026	-1
11.277477026	-1
11.277477026	-1
11.3424088955	-1
11.3492779732	-1
11.3492779732	-1
11.3492779732	-1
11.3492779732	-1
11.3492779732	-1
11.3492779732	-1
11.3492779732	-1
11.3492779732	-1
11.3573558331	-1
11.3573558331	-1
11.3573558331	-1
11.3573558331	-1
11.3573558331	-1
11.3573558331	-1
11.3917238712	-1
11.3917238712	-1
11.3917238712	-1
11.4585168362	-1
11.4585168362	-1
11.4585168362	-1
11.4585168362	-1
11.4585168362	-1
11.4585168362	-1
11.4585168362	-1
11.4585168362	-1
11.4585168362	-1
11.4634230137	-1
11.4634230137	-1
11.4634230137	-1
11.4634230137	-1
11.4646189213	1
11.4699349403	-1
11.5611069202	-1
11.5611069202	-1
11.5611069202	-1
11.5611069202	-1
11.5611069202	-1
11.5611069202	-1
11.5611069202	-1
11.5611069202	-1
11.5611069202	-1
11.5614459515	-1
11.5614459515	-1
11.5614459515	-1
11.5614459515	-1
11.5614459515	-1
11.5614459515	-1
11.5718100071	-1
11.5718100071	-1
11.6497728825	-1
11.6497728825	-1
11.6497728825	-1
11.6497728825	-1
11.6497728825	-1
11.6497728825	-1
11.7371039391	-1
11.8081820011	1
11.8088548183	1
11.8088548183	1
11.8088548183	1
11.8518738747	-1
11.8518738747	-1
11.9349999428	1
11.9349999428	1
12.0870499611	1
12.4378099442	-1
12.4393219948	1
12.7402749062	-1
12.8931288719	-1
12.9562690258	-1
12.9562690258	-1
12.9562690258	-1
13.0626108646	-1
13.0626108646	-1
13.0626108646	-1
13.1248848438	1
13.1495218277	-1
13.1495218277	-1
13.1495218277	-1
13.1495218277	-1
13.1495218277	-1
13.1495218277	-1
13.1495218277	-1
13.2350230217	-1
13.2500739098	-1
13.2500739098	-1
13.2500739098	-1
13.2500739098	-1
13.2500739098	-1
13.2500739098	-1
13.2500739098	-1
13.2500739098	-1
13.2500739098	-1
13.2504179478	-1
13.2504179478	-1
13.2504179478	-1
13.2504179478	-1
13.2504179478	-1
13.2504179478	-1
13.2516870499	1
13.2723338604	-1
13.2723338604	-1
13.2723338604	-1
13.344481945	-1
13.3602199554	-1
13.3602199554	-1
13.3602199554	-1
13.3602199554	-1
13.3602199554	-1
13.3602199554	-1
13.3602199554	-1
13.3602199554	-1
13.3604550362	-1
13.3604550362	-1
13.3604550362	-1
13.3604550362	-1
13.3604550362	-1
13.3604550362	-1
13.3647320271	-1
13.3647320271	-1
13.3647320271	-1
13.3647320271	-1
13.4030079842	1
13.4415688515	-1
13.4415688515	-1
13.4415688515	-1
13.4415688515	-1
13.4415688515	-1
13.4415688515	-1
13.4415688515	-1
13.4415688515	-1
13.4415688515	-1
13.456619978	-1
13.456619978	-1
13.456619978	-1
13.4745800495	-1
13.4745800495	-1
13.4745800495	-1
13.4745800495	-1
13.4745800495	-1
13.4745800495	-1
13.4745800495	-1
13.5534849167	-1
13.5534849167	-1
13.5534849167	-1
13.5534849167	-1
13.5534849167	-1
13.5534849167	-1
13.5534849167	-1
13.5541789532	1
13.5801699162	-1
13.5802719593	-1
13.5802719593	-1
13.5802719593	-1
13.5802719593	-1
13.5802719593	-1
13.5802719593	-1
13.6608748436	-1
13.6608748436	-1
13.6608748436	-1
13.6608748436	-1
13.6608748436	-1
13.6608748436	-1
13.6608748436	-1
13.6608748436	-1
13.6608748436	-1
13.6887259483	-1
13.6887259483	-1
13.6887259483	-1
13.6887259483	-1
13.6887259483	-1
13.6887259483	-1
13.7570919991	-1
13.7570919991	-1
13.7570919991	-1
13.7570919991	-1
13.7570919991	-1
13.7570919991	-1
13.7570919991	-1
13.7570919991	-1
13.7570919991	-1
13.757434845	-1
13.7657968998	-1
13.7657968998	-1
13.7657968998	-1
13.7657968998	-1
13.7657968998	-1
13.7657968998	-1
13.8405768871	-1
13.8405768871	-1
13.8405768871	-1
13.8405768871	-1
13.8405768871	-1
13.8405768871	-1
13.8405768871	-1
13.8405768871	-1
13.8405768871	-1
13.8610758781	-1
13.8610758781	-1
13.8625838757	1
13.8651609421	-1
13.8651609421	-1
13.8651609421	-1
13.8651609421	-1
13.8651609421	-1
13.9531960487	-1
13.9531960487	-1
13.9531960487	-1
13.9531960487	-1
13.9531960487	-1
13.9531960487	-1
13.9531960487	-1
13.9531960487	-1
13.9531960487	-1
13.9618680477	-1
13.9618680477	-1
13.9618680477	-1
13.9618680477	-1
13.9618680477	-1
13.9618680477	-1
13.9618680477	-1
14.014991045	1
14.0618259907	-1
14.0618259907	-1
14.0618259907	-1
14.0618259907	-1
14.0618259907	-1
14.0618259907	-1
14.0618259907	-1
14.0618259907	-1
14.0618259907	-1
14.0720510483	-1
14.0720510483	-1
14.0720510483	-1
14.0720510483	-1
14.0720510483	-1
14.0720510483	-1
14.1499679089	-1
14.1499679089	-1
14.1499679089	-1
14.1658148766	-1
14.1710999012	-1
14.1710999012	-1
14.1710999012	-1
14.1710999012	-1
14.1710999012	-1
14.1710999012	-1
14.1710999012	-1
14.1769390106	1
14.2613708973	-1
14.2613708973	-1
14.2613708973	-1
14.2613708973	-1
14.2613708973	-1
14.2613708973	-1
14.2613708973	-1
14.2613708973	-1
14.2613708973	-1
14.2617199421	-1
14.2617199421	-1
14.2617199421	-1
14.2617199421	-1
14.2617199421	-1
14.2617199421	-1
14.2617199421	-1
14.2680008411	-1
14.3459758759	-1
14.3459758759	-1
14.3459758759	-1
14.3459758759	-1
14.3459758759	-1
14.3459758759	-1
14.3459758759	-1
14.3678328991	-1
14.3679409027	-1
14.3679409027	-1
14.3679409027	-1
14.3679409027	-1
14.3679409027	-1
14.3679409027	-1
14.3679409027	-1
14.4555888176	-1
14.4555888176	-1
14.4555888176	-1
14.4555888176	-1
14.4555888176	-1
14.4555888176	-1
14.4555888176	-1
14.4555888176	-1
14.4555888176	-1
14.4558990002	-1
14.4558990002	-1
14.4558990002	-1
14.4558990002	-1
14.4558990002	-1
14.4558990002	-1
14.5511510372	-1
14.5511510372	-1
14.5511510372	-1
14.5511510372	-1
14.5511510372	-1
14.5511510372	-1
14.5511510372	-1
14.5511510372	-1
14.5511510372	-1
14.5525689125	1
14.5585730076	-1
14.5585730076	-1
14.5585730076	-1
14.5585730076	-1
14.5585730076	-1
14.5585730076	-1
14.6408188343	-1
14.6408188343	-1
14.6408188343	-1
14.6408188343	-1
14.6408188343	-1
14.6408188343	-1
14.6408188343	-1
14.6408188343	-1
14.6408188343	-1
14.6727039814	-1
14.6727428436	1
14.6942880154	-1
14.6942880154	-1
14.6942880154	-1
14.6942880154	-1
14.6942880154	-1
14.6942880154	-1
14.7672328949	-1
14.7672328949	-1
14.7672328949	-1
14.7672328949	-1
14.7672328949	-1
14.7672328949	-1
14.7672328949	-1
14.7672328949	-1
14.7672328949	-1
14.7770290375	-1
14.7770290375	-1
14.7770290375	-1
14.7770290375	-1
14.7770290375	-1
14.8513588905	-1
14.8513588905	-1
14.8513588905	-1
14.9670898914	1
15.2145018578	1
15.542621851	-1
15.7414448261	-1
15.7430169582	1
15.8565850258	-1
15.8576140404	1
16.3503758907	-1
16.5436968803	-1
16.6495289803	-1
16.6495289803	-1
16.6495289803	-1
16.6495289803	-1
16.6495289803	-1
16.6495289803	-1
16.6495289803	-1
16.6695179939	1
16.7715189457	-1
16.8606698513	-1
16.8606698513	-1
16.8606698513	-1
16.8606698513	-1
16.8606698513	-1
16.8606698513	-1
16.9206819534	1
17.2420558929	-1
17.2433099747	1
17.7523858547	-1
17.9517018795	-1
18.0656039715	-1
18.0658109188	-1
18.0658109188	-1
18.0658109188	-1
18.0658109188	-1
18.3531858921	-1
21.8459498882	-1
22.0369670391	-1
22.1509919167	-1
22.1509919167	-1
26.6683309078	1
26.7538759708	-1
26.7821938992	1
26.9520440102	-1
28.1316440105	1
28.2460439205	1
28.2460439205	1
28.253068924	1
28.253068924	1
28.253068924	1
28.253068924	1
28.2547068596	1
28.2547068596	1
28.2547068596	1
28.2547068596	1
28.2566108704	1
28.2566108704	1
28.2566108704	1
28.2566108704	1
28.2567789555	1
28.2567789555	1
28.2567789555	1
28.2567789555	1
28.2567789555	1
29.0655219555	-1
29.2404718399	-1
