0.0	1
0.0	1
0.0739707946777	1
0.756035804749	-1
0.756035804749	-1
1.50975084305	-1
5.84004688263	-1
5.98353481293	-1
5.98512983322	-1
5.98512983322	-1
5.98512983322	-1
5.98512983322	-1
5.98512983322	-1
5.98512983322	-1
5.98512983322	-1
5.9858109951	-1
5.9858109951	-1
5.9858109951	-1
5.9858109951	-1
5.9858109951	-1
5.9858109951	-1
5.9858109951	-1
6.01950097084	1
6.05768799782	-1
6.05768799782	-1
6.09356093407	1
6.44086289406	-1
6.44185090065	1
6.44185090065	1
6.44185090065	1
6.44185090065	1
6.5158200264	1
6.56303691864	-1
6.56303691864	-1
6.56303691864	-1
6.56303691864	-1
6.56303691864	-1
6.56303691864	-1
6.56303691864	-1
6.56471681595	-1
6.56471681595	-1
6.56471681595	-1
6.56471681595	-1
6.56471681595	-1
6.56471681595	-1
6.56471681595	-1
6.56471681595	-1
6.56506896019	-1
6.56506896019	-1
6.56506896019	-1
6.56506896019	-1
6.56506896019	-1
6.56506896019	-1
6.56506896019	-1
6.56506896019	-1
6.5897898674	1
6.63758182526	-1
6.63758182526	-1
6.63758182526	-1
6.63758182526	-1
6.63758182526	-1
6.63758182526	-1
6.63769292831	-1
6.68754291534	-1
6.68754291534	-1
6.68754291534	-1
6.68754291534	-1
6.68754291534	-1
6.68754291534	-1
6.68754291534	-1
6.68754291534	-1
6.68789887428	-1
6.68789887428	-1
6.68789887428	-1
6.68789887428	-1
6.68789887428	-1
6.68789887428	-1
6.68789887428	-1
6.68814587593	-1
6.68814587593	-1
6.68814587593	-1
6.68814587593	-1
6.68814587593	-1
6.68814587593	-1
6.68814587593	-1
6.71242785454	-1
6.71336102486	1
6.76186800003	-1
6.76186800003	-1
6.76186800003	-1
6.76186800003	-1
6.76186800003	-1
6.76186800003	-1
6.78762698174	-1
6.88504481316	-1
6.88504481316	-1
6.88504481316	-1
6.88504481316	-1
6.88504481316	-1
6.88504481316	-1
6.88504481316	-1
6.88504481316	-1
6.8871049881	-1
6.8871049881	-1
6.8872179985	-1
6.8872179985	-1
6.8872179985	-1
6.8872179985	-1
6.8872179985	-1
6.8872179985	-1
6.8872179985	-1
6.90910696983	-1
6.9833419323	-1
7.03120183945	-1
7.03120183945	-1
7.03120183945	-1
7.03120183945	-1
7.05759882927	-1
7.11156702042	-1
7.11156702042	-1
7.11156702042	-1
7.11156702042	-1
7.11156702042	-1
7.11156702042	-1
7.11156702042	-1
7.11156702042	-1
7.11156702042	-1
7.11190986633	-1
7.11190986633	-1
7.11190986633	-1
7.11190986633	-1
7.11190986633	-1
7.131772995	-1
7.18757891655	-1
7.18757891655	-1
7.18757891655	-1
7.18757891655	-1
7.18757891655	-1
7.18757891655	-1
7.18757891655	-1
7.18757891655	-1
7.18814182281	1
7.20582079887	-1
7.32726192474	-1
7.32816195488	1
7.35113787651	1
7.35113787651	1
7.35164499283	1
7.35164499283	1
7.35164499283	1
7.35164499283	1
7.35323882103	1
7.35334682465	1
7.35334682465	1
7.35334682465	1
7.40215182304	1
7.71891689301	-1
7.81735992432	-1
7.81735992432	-1
7.81735992432	-1
7.81805586815	1
7.83306288719	-1
7.86488986015	-1
7.86488986015	-1
7.8698849678	-1
7.8698849678	-1
7.8698849678	-1
7.8698849678	-1
7.8698849678	-1
7.8698849678	-1
7.8698849678	-1
7.87810182571	-1
7.87821602821	-1
7.87821602821	-1
7.87821602821	-1
7.87821602821	-1
7.87821602821	-1
7.87821602821	-1
7.87821602821	-1
7.90310096741	1
7.93897986412	-1
7.97715687752	1
7.97715687752	1
8.00798988342	-1
8.00798988342	-1
8.02814102173	-1
8.02814102173	-1
8.02814102173	-1
8.02814102173	-1
8.02814102173	-1
8.02814102173	-1
8.02814102173	-1
8.031457901	-1
8.03158092499	-1
8.03158092499	-1
8.03158092499	-1
8.03158092499	-1
8.03158092499	-1
8.03158092499	-1
8.03158092499	-1
8.03219485283	-1
8.03219485283	-1
8.03219485283	-1
8.03219485283	-1
8.03219485283	-1
8.03219485283	-1
8.03219485283	-1
8.03219485283	-1
8.04217100143	1
8.04217100143	1
8.05140590668	-1
8.05141592026	1
8.05141592026	1
8.10249781609	-1
8.10249781609	-1
8.10262084007	-1
8.10262084007	-1
8.10262084007	-1
8.10262084007	-1
8.10262084007	-1
8.10262084007	-1
8.10262084007	-1
8.10262084007	-1
8.10298895836	-1
8.10298895836	-1
8.10298895836	-1
8.10298895836	-1
8.10298895836	-1
8.10298895836	-1
8.10298895836	-1
8.12563896179	-1
8.14951682091	-1
8.14951682091	-1
8.14951682091	-1
8.14951682091	-1
8.14951682091	-1
8.17909002304	-1
8.17909002304	-1
8.17909002304	-1
8.17909002304	-1
8.17909002304	-1
8.17909002304	-1
8.17909002304	-1
8.17909002304	-1
8.17909002304	-1
8.17945694923	-1
8.17945694923	-1
8.17945694923	-1
8.17945694923	-1
8.17945694923	-1
8.17945694923	-1
8.17945694923	-1
8.18005084991	-1
8.18005084991	-1
8.18005084991	-1
8.18005084991	-1
8.18005084991	-1
8.18005084991	-1
8.18005084991	-1
8.18148899078	1
8.22371101379	-1
8.22371101379	-1
8.22383379936	-1
8.22383379936	-1
8.22383379936	-1
8.22383379936	-1
8.22383379936	-1
8.22383379936	-1
8.22383379936	-1
8.22407984734	-1
8.22420287132	-1
8.22420287132	-1
8.22420287132	-1
8.22420287132	-1
8.22420287132	-1
8.22420287132	-1
8.22420287132	-1
8.22444796562	-1
8.22444796562	-1
8.22444796562	-1
8.22444796562	-1
8.22444796562	-1
8.22444796562	-1
8.22444796562	-1
8.25401902199	-1
8.25401902199	-1
8.25414180756	-1
8.25414180756	-1
8.25414180756	-1
8.25414180756	-1
8.25414180756	-1
8.25414180756	-1
8.25414180756	-1
8.25426793098	-1
8.27736592293	-1
8.27736592293	-1
8.27736592293	-1
8.27736592293	-1
8.27736592293	-1
8.27736592293	-1
8.27736592293	-1
8.27737188339	1
8.29712700844	-1
8.29712700844	-1
8.29712700844	-1
8.29712700844	-1
8.29712700844	-1
8.29712700844	-1
8.29712700844	-1
8.29749488831	-1
8.29749488831	-1
8.29749488831	-1
8.29749488831	-1
8.29749488831	-1
8.29749488831	-1
8.29749488831	-1
8.29749488831	-1
8.29868388176	-1
8.29868388176	-1
8.29880595207	-1
8.29880595207	-1
8.29880595207	-1
8.29880595207	-1
8.29880595207	-1
8.29880595207	-1
8.29880595207	-1
8.32804989815	-1
8.32807183266	-1
8.32807183266	-1
8.32807183266	-1
8.32807183266	-1
8.32807183266	-1
8.32807183266	-1
8.32807183266	-1
8.32807183266	-1
8.32807183266	-1
8.328540802	-1
8.328540802	-1
8.328540802	-1
8.328540802	-1
8.328540802	-1
8.32878684998	-1
8.32878684998	-1
8.32878684998	-1
8.32878684998	-1
8.32878684998	-1
8.32878684998	-1
8.32878684998	-1
8.32878684998	-1
8.33339381218	-1
8.33339381218	-1
8.33339381218	-1
8.33339381218	-1
8.33339381218	-1
8.33339381218	-1
8.33339381218	-1
8.33339381218	-1
8.33363986015	-1
8.33376288414	-1
8.33376288414	-1
8.33376288414	-1
8.33376288414	-1
8.33376288414	-1
8.33376288414	-1
8.33376288414	-1
8.37134885788	1
8.37134885788	1
8.37146496773	-1
8.37146496773	-1
8.37146496773	-1
8.37146496773	-1
8.37146496773	-1
8.37146496773	-1
8.37146496773	-1
8.3718328476	-1
8.3718328476	-1
8.3718328476	-1
8.3718328476	-1
8.3718328476	-1
8.3718328476	-1
8.3718328476	-1
8.3718328476	-1
8.40250992775	-1
8.40250992775	-1
8.40263295174	-1
8.40263295174	-1
8.40263295174	-1
8.40263295174	-1
8.40263295174	-1
8.40263295174	-1
8.40263295174	-1
8.40287899971	-1
8.4030020237	-1
8.4030020237	-1
8.4030020237	-1
8.4030020237	-1
8.4030020237	-1
8.4030020237	-1
8.4030020237	-1
8.40312600136	-1
8.40416884422	-1
8.40416884422	-1
8.40416884422	-1
8.40416884422	-1
8.40416884422	-1
8.40416884422	-1
8.44088888168	-1
8.44088888168	-1
8.44088888168	-1
8.44088888168	-1
8.44088888168	-1
8.44088888168	-1
8.44088888168	-1
8.44088888168	-1
8.44125580788	-1
8.44125580788	-1
8.44125580788	-1
8.44125580788	-1
8.44125580788	-1
8.44125580788	-1
8.44125580788	-1
8.44569897652	-1
8.44571590424	1
8.44571590424	1
8.44573187828	-1
8.44573187828	-1
8.44573187828	-1
8.44573187828	-1
8.44573187828	-1
8.44573187828	-1
8.44573187828	-1
8.44606781006	-1
8.44619083405	-1
8.44619083405	-1
8.44619083405	-1
8.44619083405	-1
8.44619083405	-1
8.44619083405	-1
8.44619083405	-1
8.44619083405	-1
8.47658085823	-1
8.47658085823	-1
8.47658085823	-1
8.47658085823	-1
8.47658085823	-1
8.47658085823	-1
8.47658085823	-1
8.47658085823	-1
8.47694993019	-1
8.47694993019	-1
8.47694993019	-1
8.47694993019	-1
8.47694993019	-1
8.47694993019	-1
8.47694993019	-1
8.47719597816	-1
8.47719597816	-1
8.47719597816	-1
8.47719597816	-1
8.47719597816	-1
8.47719597816	-1
8.47719597816	-1
8.47744083405	-1
8.49790000916	-1
8.49790000916	-1
8.49790000916	-1
8.49790000916	-1
8.49790000916	-1
8.49790000916	-1
8.49790000916	-1
8.49790000916	-1
8.498513937	-1
8.498513937	-1
8.498513937	-1
8.498513937	-1
8.498513937	-1
8.498513937	-1
8.498513937	-1
8.498513937	-1
8.50674700737	-1
8.50674700737	-1
8.50674700737	-1
8.50674700737	-1
8.50674700737	-1
8.50674700737	-1
8.50674700737	-1
8.50699186325	-1
8.50711488724	-1
8.50711488724	-1
8.50711488724	-1
8.50711488724	-1
8.50711488724	-1
8.50711488724	-1
8.50711488724	-1
8.50736093521	-1
8.52421498299	-1
8.52421498299	-1
8.52421498299	-1
8.52421498299	-1
8.52421498299	-1
8.52421498299	-1
8.52421498299	-1
8.52421498299	-1
8.52422380447	1
8.52422380447	1
8.52446079254	-1
8.5245578289	-1
8.5245578289	-1
8.5245578289	-1
8.5245578289	-1
8.5245578289	-1
8.5245578289	-1
8.5245578289	-1
8.52486991882	-1
8.52486991882	-1
8.52486991882	-1
8.52486991882	-1
8.52486991882	-1
8.52486991882	-1
8.52486991882	-1
8.52677083015	1
8.52677083015	1
8.55089998245	-1
8.55089998245	-1
8.55102181435	-1
8.55102181435	-1
8.55102181435	-1
8.55153298378	-1
8.60090494156	1
8.627794981	-1
8.74098086357	-1
8.7415869236	1
8.81555390358	1
9.0018928051	1
9.0018928051	1
9.1527299881	1
9.21409893036	-1
9.33803582191	-1
9.35978484154	-1
9.35978484154	-1
9.35978484154	-1
9.41208696365	-1
9.45726299286	-1
9.45726299286	-1
9.45726299286	-1
9.48619294167	-1
9.56165385246	-1
9.63579702377	-1
9.66009998322	1
9.70550489426	1
9.70550489426	1
9.70984983444	-1
9.7341299057	1
9.7341299057	1
10.1237139702	-1
10.3007838726	-1
10.3555698395	-1
10.3555698395	-1
10.3557639122	-1
10.3557639122	-1
10.3557639122	-1
10.3557639122	-1
10.3557639122	-1
10.3557639122	-1
10.3557639122	-1
10.3560099602	-1
10.3560099602	-1
10.3560099602	-1
10.3560099602	-1
10.3560099602	-1
10.3560099602	-1
10.3560099602	-1
10.3748328686	-1
10.3844578266	-1
10.3844578266	-1
10.3844578266	-1
10.3844578266	-1
10.3844578266	-1
10.3844578266	-1
10.3844578266	-1
10.3844578266	-1
10.4488828182	-1
10.4675610065	-1
10.4675610065	-1
10.4675610065	-1
10.4675610065	-1
10.4675610065	-1
10.4675610065	-1
10.4675610065	-1
10.4675610065	-1
10.4693529606	-1
10.4693529606	-1
10.4693529606	-1
10.4693529606	-1
10.4693529606	-1
10.4693529606	-1
10.4727528095	-1
10.4727528095	-1
10.4727528095	-1
10.4727528095	-1
10.4727528095	-1
10.4727528095	-1
10.4727528095	-1
10.4736528397	1
10.4744858742	-1
10.5230770111	-1
10.5230770111	-1
10.5230770111	-1
10.5230770111	-1
10.5230770111	-1
10.5230770111	-1
10.5230770111	-1
10.5233049393	-1
10.5233700275	-1
10.5233700275	-1
10.5233700275	-1
10.5233700275	-1
10.5233700275	-1
10.5233700275	-1
10.5233700275	-1
10.5233700275	-1
10.5421228409	-1
10.5421228409	-1
10.5421228409	-1
10.5421228409	-1
10.5421228409	-1
10.5421228409	-1
10.5421228409	-1
10.5421228409	-1
10.5424728394	-1
10.5424728394	-1
10.5424728394	-1
10.5424728394	-1
10.5424728394	-1
10.5424728394	-1
10.5424728394	-1
10.5424728394	-1
10.5477588177	1
10.5477588177	1
10.5528848171	-1
10.5528848171	-1
10.5528848171	-1
10.5528848171	-1
10.5528848171	-1
10.5528848171	-1
10.5528848171	-1
10.5528848171	-1
10.5528848171	-1
10.5528848171	-1
10.5532448292	-1
10.5532448292	-1
10.5532448292	-1
10.5532448292	-1
10.5532448292	-1
10.5534908772	-1
10.5534908772	-1
10.5534908772	-1
10.5534908772	-1
10.5534908772	-1
10.5534908772	-1
10.5534908772	-1
10.5534908772	-1
10.5977869034	-1
10.5977869034	-1
10.5977869034	-1
10.5977869034	-1
10.5977869034	-1
10.5977869034	-1
10.5977869034	-1
10.5977869034	-1
10.5981550217	-1
10.5981550217	-1
10.6163489819	-1
10.6163489819	-1
10.6163489819	-1
10.6163489819	-1
10.6163489819	-1
10.6163489819	-1
10.6163489819	-1
10.6165008545	-1
10.6165850163	-1
10.6165850163	-1
10.660697937	1
10.690666914	-1
10.6988728046	-1
10.6988728046	-1
10.6988728046	-1
10.7730798721	-1
11.0036568642	1
11.077682972	1
11.1830019951	-1
11.1841259003	1
11.6333270073	-1
11.6380159855	-1
11.6380159855	-1
11.6380159855	-1
11.6380159855	-1
11.6380159855	-1
11.6380159855	-1
11.6380159855	-1
11.6385319233	-1
11.6385319233	-1
11.6385319233	-1
11.6385319233	-1
11.6385319233	-1
11.6385319233	-1
11.6385319233	-1
11.6388988495	-1
11.6388988495	-1
11.6388988495	-1
11.6388988495	-1
11.6388988495	-1
11.6388988495	-1
11.6388988495	-1
11.6400430202	1
11.7123019695	-1
11.7123019695	-1
11.7762470245	-1
11.7762470245	-1
11.7762470245	-1
11.7762470245	-1
11.7762470245	-1
11.7762470245	-1
11.7762470245	-1
11.7867119312	-1
11.8970918655	-1
11.935022831	1
12.0090379715	1
12.5510168076	-1
12.5858898163	1
12.6598598957	1
13.0040569305	1
13.0780107975	1
13.2136428356	-1
13.2144539356	1
13.49710989	-1
13.609017849	-1
13.7817649841	-1
13.9109020233	-1
