0.0	1
0.111610174179	1
0.479505062103	-1
0.591159105301	-1
0.680118083954	-1
0.680118083954	-1
0.680118083954	-1
0.680118083954	-1
0.680118083954	-1
0.680118083954	-1
0.680118083954	-1
0.698670148849	-1
0.698670148849	-1
0.698670148849	-1
0.698670148849	-1
0.698670148849	-1
0.698670148849	-1
0.698670148849	-1
0.698670148849	-1
0.698670148849	-1
0.716892004013	1
0.719793081284	1
0.719793081284	1
0.719793081284	1
0.814665079117	-1
0.82853102684	1
0.82853102684	1
1.07832503319	-1
1.17903113365	-1
1.17903113365	-1
1.17903113365	-1
1.17903113365	-1
1.17903113365	-1
1.17903113365	-1
1.17903113365	-1
1.17903113365	-1
1.17903113365	-1
1.17939019203	-1
1.17939019203	-1
1.17939019203	-1
1.17939019203	-1
1.17939019203	-1
1.17939019203	-1
1.19730615616	-1
1.19730615616	-1
1.19730615616	-1
1.27985501289	-1
1.27985501289	-1
1.27985501289	-1
1.27985501289	-1
1.27985501289	-1
1.27985501289	-1
1.27985501289	-1
1.27985501289	-1
1.27985501289	-1
1.28020501137	-1
1.28020501137	-1
1.28020501137	-1
1.28020501137	-1
1.28020501137	-1
1.28020501137	-1
1.28045201302	-1
1.28045201302	-1
1.28045201302	-1
1.28045201302	-1
1.28045201302	-1
1.28045201302	-1
1.28045201302	-1
1.28045201302	-1
1.28099703789	1
1.29848909378	-1
1.29848909378	-1
1.29848909378	-1
1.29848909378	-1
1.29848909378	-1
1.29848909378	-1
1.29848909378	-1
1.37971401215	-1
1.37971401215	-1
1.37971401215	-1
1.37971401215	-1
1.37971401215	-1
1.37971401215	-1
1.37971401215	-1
1.37971401215	-1
1.37971401215	-1
1.3800599575	-1
1.3800599575	-1
1.3800599575	-1
1.3800599575	-1
1.3800599575	-1
1.3800599575	-1
1.38030600548	-1
1.38030600548	-1
1.38030600548	-1
1.38030600548	-1
1.38030600548	-1
1.38030600548	-1
1.38030600548	-1
1.38030600548	-1
1.39266395569	1
1.39803504944	-1
1.39803504944	-1
1.39803504944	-1
1.39803504944	-1
1.39803504944	-1
1.39803504944	-1
1.39803504944	-1
1.39803504944	-1
1.39803504944	-1
1.47972607613	-1
1.48044204712	-1
1.48044204712	-1
1.48044204712	-1
1.48044204712	-1
1.48044204712	-1
1.48044204712	-1
1.48044204712	-1
1.48044204712	-1
1.48067116737	-1
1.48067116737	-1
1.48067116737	-1
1.48067116737	-1
1.48067116737	-1
1.48067116737	-1
1.48104000092	-1
1.48104000092	-1
1.48104000092	-1
1.48104000092	-1
1.48104000092	-1
1.48104000092	-1
1.48104000092	-1
1.48104000092	-1
1.49821805954	-1
1.49821805954	-1
1.49821805954	-1
1.49821805954	-1
1.49821805954	-1
1.49821805954	-1
1.49821805954	-1
1.54422903061	1
1.60439014435	1
1.60439014435	1
1.60439014435	1
1.63474106789	1
1.63474106789	1
1.63770604134	1
1.63770604134	1
1.63770604134	1
1.63770604134	1
1.63927006721	1
1.63927006721	1
1.63927006721	1
1.63927006721	1
1.87756609917	-1
1.97809100151	-1
1.97809100151	-1
1.97809100151	-1
1.97809100151	-1
2.04728198051	1
2.04783916473	1
2.04783916473	1
2.04783916473	1
2.14092516899	-1
2.18028903008	-1
2.18028903008	-1
2.18028903008	-1
2.18028903008	-1
2.18028903008	-1
2.18028903008	-1
2.18028903008	-1
2.18028903008	-1
2.18028903008	-1
2.18063116074	-1
2.18063116074	-1
2.18063116074	-1
2.18063116074	-1
2.18063116074	-1
2.18063116074	-1
2.18087816238	-1
2.18087816238	-1
2.18087816238	-1
2.18087816238	-1
2.18087816238	-1
2.18087816238	-1
2.18087816238	-1
2.18087816238	-1
2.19693017006	-1
2.19693017006	-1
2.19693017006	-1
2.19693017006	-1
2.19693017006	-1
2.19693017006	-1
2.19693017006	-1
2.27147698402	1
2.27147698402	1
2.27808618546	-1
2.27808618546	-1
2.27808618546	-1
2.27808618546	-1
2.27808618546	-1
2.27808618546	-1
2.27808618546	-1
2.27808618546	-1
2.27808618546	-1
2.2784371376	-1
2.2784371376	-1
2.2784371376	-1
2.2784371376	-1
2.2784371376	-1
2.2784371376	-1
2.27868413925	-1
2.27868413925	-1
2.27868413925	-1
2.27868413925	-1
2.27868413925	-1
2.27868413925	-1
2.27868413925	-1
2.27868413925	-1
2.29716706276	-1
2.29716706276	-1
2.29716706276	-1
2.29716706276	-1
2.29716706276	-1
2.29716706276	-1
2.29716706276	-1
2.29716706276	-1
2.29716706276	-1
2.38034415245	-1
2.38051795959	-1
2.38051795959	-1
2.38051795959	-1
2.38051795959	-1
2.38051795959	-1
2.38051795959	-1
2.38051795959	-1
2.38051795959	-1
2.38076400757	-1
2.38076400757	-1
2.38076400757	-1
2.38076400757	-1
2.38076400757	-1
2.38076400757	-1
2.38113212585	-1
2.38113212585	-1
2.38113212585	-1
2.38113212585	-1
2.38113212585	-1
2.38113212585	-1
2.38113212585	-1
2.38113212585	-1
2.38358807564	1
2.39884209633	-1
2.39884209633	-1
2.39884209633	-1
2.39884209633	-1
2.39884209633	-1
2.39884209633	-1
2.39884209633	-1
2.39884209633	-1
2.39884209633	-1
2.47844815254	-1
2.47844815254	-1
2.47844815254	-1
2.47844815254	-1
2.47844815254	-1
2.47844815254	-1
2.47844815254	-1
2.47844815254	-1
2.47844815254	-1
2.47877907753	-1
2.47877907753	-1
2.47877907753	-1
2.47877907753	-1
2.47877907753	-1
2.47877907753	-1
2.4790251255	-1
2.4790251255	-1
2.4790251255	-1
2.4790251255	-1
2.4790251255	-1
2.4790251255	-1
2.4790251255	-1
2.4790251255	-1
2.49548101425	1
2.49672102928	-1
2.49672102928	-1
2.49672102928	-1
2.49672102928	-1
2.49672102928	-1
2.49672102928	-1
2.49672102928	-1
2.49672102928	-1
2.49672102928	-1
2.57719802856	-1
2.57719802856	-1
2.57719802856	-1
2.57719802856	-1
2.57719802856	-1
2.57719802856	-1
2.57719802856	-1
2.57719802856	-1
2.57719802856	-1
2.57754898071	-1
2.57754898071	-1
2.57754898071	-1
2.57754898071	-1
2.57754898071	-1
2.57754898071	-1
2.57779312134	-1
2.57779312134	-1
2.57779312134	-1
2.57779312134	-1
2.57779312134	-1
2.57779312134	-1
2.57779312134	-1
2.57779312134	-1
2.59537196159	-1
2.59551715851	-1
2.59551715851	-1
2.59551715851	-1
2.59551715851	-1
2.59551715851	-1
2.59551715851	-1
2.59551715851	-1
2.59551715851	-1
2.60743498802	1
2.67724013329	-1
2.67724013329	-1
2.67724013329	-1
2.67724013329	-1
2.67724013329	-1
2.67724013329	-1
2.67724013329	-1
2.67724013329	-1
2.67724013329	-1
2.67758703232	-1
2.67758703232	-1
2.67758703232	-1
2.67758703232	-1
2.67758703232	-1
2.67783117294	-1
2.67783117294	-1
2.67783117294	-1
2.67783117294	-1
2.67783117294	-1
2.67783117294	-1
2.67783117294	-1
2.67783117294	-1
2.69564008713	-1
2.69568514824	-1
2.69568514824	-1
2.69568514824	-1
2.69568514824	-1
2.69568514824	-1
2.69568514824	-1
2.69568514824	-1
2.69568514824	-1
2.71925115585	-1
2.72055101395	1
2.78421711922	-1
2.78421711922	-1
2.78421711922	-1
2.78421711922	-1
2.78421711922	-1
2.78421711922	-1
2.78421711922	-1
2.78421711922	-1
2.78421711922	-1
2.78456616402	-1
2.78456616402	-1
2.78456616402	-1
2.78456616402	-1
2.78456616402	-1
2.78514313698	-1
2.78514313698	-1
2.78514313698	-1
2.78514313698	-1
2.78514313698	-1
2.78514313698	-1
2.78514313698	-1
2.78514313698	-1
2.78542900085	-1
2.78542900085	-1
2.78542900085	-1
2.78542900085	-1
2.78542900085	-1
2.78542900085	-1
2.78542900085	-1
2.78542900085	-1
2.78569817543	-1
2.79543614388	-1
2.79543614388	-1
2.79543614388	-1
2.79543614388	-1
2.87217617035	1
2.87729215622	-1
2.87729215622	-1
2.87729215622	-1
2.87729215622	-1
2.87729215622	-1
2.87729215622	-1
2.87729215622	-1
2.87729215622	-1
2.87729215622	-1
2.87764215469	-1
2.87764215469	-1
2.8776819706	-1
2.8776819706	-1
2.8776819706	-1
2.8776819706	-1
2.8776819706	-1
2.8776819706	-1
2.8776819706	-1
2.8776819706	-1
2.87791419029	-1
2.87791419029	-1
2.87791419029	-1
2.87791419029	-1
2.87791419029	-1
2.87791419029	-1
2.87791419029	-1
2.87791419029	-1
2.8831281662	-1
2.88317799568	-1
2.88317799568	-1
2.88317799568	-1
2.88317799568	-1
2.89550900459	-1
2.8955540657	-1
2.8955540657	-1
2.8955540657	-1
2.89796209335	1
2.89796209335	1
2.89796209335	1
2.92709898949	1
2.92709898949	1
2.97667312622	-1
2.97667312622	-1
2.97667312622	-1
2.97667312622	-1
2.97667312622	-1
2.97667312622	-1
2.97667312622	-1
2.97708106041	-1
2.97726607323	-1
2.97726607323	-1
2.97726607323	-1
2.97726607323	-1
2.97726607323	-1
2.97726607323	-1
2.97726607323	-1
2.97726607323	-1
2.97751116753	-1
2.97751116753	-1
2.97751116753	-1
2.97751116753	-1
2.97751116753	-1
2.97751116753	-1
2.97751116753	-1
2.98308205605	-1
2.98308205605	-1
2.98308205605	-1
2.98308205605	-1
2.98308205605	-1
2.98308205605	-1
2.98308205605	-1
2.98308205605	-1
2.98308205605	-1
2.99524617195	-1
2.99524617195	-1
2.99524617195	-1
2.99524617195	-1
2.99524617195	-1
2.99524617195	-1
3.0771241188	-1
3.0771241188	-1
3.0771241188	-1
3.0771241188	-1
3.0771241188	-1
3.0771241188	-1
3.0771241188	-1
3.0771241188	-1
3.0771241188	-1
3.07756996155	-1
3.07756996155	-1
3.07756996155	-1
3.07756996155	-1
3.07756996155	-1
3.07756996155	-1
3.07756996155	-1
3.07756996155	-1
3.07793903351	-1
3.07793903351	-1
3.07793903351	-1
3.07793903351	-1
3.07793903351	-1
3.07793903351	-1
3.07793903351	-1
3.09526395798	-1
3.09540700912	-1
3.09540700912	-1
3.09540700912	-1
3.09540700912	-1
3.09540700912	-1
3.09540700912	-1
3.09540700912	-1
3.09580111504	1
3.09580111504	1
3.17738413811	-1
3.17738413811	-1
3.17738413811	-1
3.17738413811	-1
3.17738413811	-1
3.17738413811	-1
3.17738413811	-1
3.17738413811	-1
3.17738413811	-1
3.17775201797	-1
3.17775201797	-1
3.17775201797	-1
3.17775201797	-1
3.17775201797	-1
3.17775201797	-1
3.17775201797	-1
3.18315911293	-1
3.18328118324	-1
3.18328118324	-1
3.18328118324	-1
3.18328118324	-1
3.18328118324	-1
3.18328118324	-1
3.18328118324	-1
3.1957321167	-1
3.19585514069	-1
3.19585514069	-1
3.19585514069	-1
3.19809699059	1
3.19809699059	1
3.19809699059	1
3.31922101974	-1
3.31923413277	1
3.31923413277	1
3.47610712051	1
3.47610712051	1
3.5759999752	-1
3.67814803123	-1
3.67814803123	-1
3.67814803123	-1
3.67814803123	-1
3.67814803123	-1
3.67814803123	-1
3.67814803123	-1
3.67814803123	-1
3.67814803123	-1
3.6785171032	-1
3.6785171032	-1
3.6785171032	-1
3.6785171032	-1
3.6785171032	-1
3.6785171032	-1
3.67876195908	-1
3.67876195908	-1
3.67876195908	-1
3.67876195908	-1
3.67876195908	-1
3.67876195908	-1
3.67876195908	-1
3.67876195908	-1
3.68014907837	1
3.69709205627	-1
3.69709205627	-1
3.69709205627	-1
3.69709205627	-1
3.69709205627	-1
3.69709205627	-1
3.69709205627	-1
3.69709205627	-1
3.69709205627	-1
3.69745898247	-1
3.69745898247	-1
3.69745898247	-1
3.69745898247	-1
3.7917239666	1
3.7917239666	1
3.80048704147	-1
3.80048704147	-1
3.80048704147	-1
3.80061006546	-1
3.80061006546	-1
3.80061006546	-1
3.98313617706	1
3.98313617706	1
4.00125813484	-1
4.00125813484	-1
4.30175709724	-1
4.3020761013	-1
4.3020761013	-1
4.3020761013	-1
4.3020761013	-1
4.3020761013	-1
4.37659502029	-1
4.37670016289	-1
4.37670016289	-1
4.37670016289	-1
4.37670016289	-1
4.37670016289	-1
4.37670016289	-1
4.37670016289	-1
4.37670016289	-1
4.38309597969	-1
4.38309597969	-1
4.38309597969	-1
4.38309597969	-1
4.38309597969	-1
4.38309597969	-1
4.38309597969	-1
4.38309597969	-1
4.38309597969	-1
4.38343811035	-1
4.38343811035	-1
4.38343811035	-1
4.38343811035	-1
4.38343811035	-1
4.38343811035	-1
4.38343811035	-1
4.38420701027	1
4.39502716064	-1
4.39513206482	-1
4.39513206482	-1
4.47653007507	-1
4.47653007507	-1
4.47653007507	-1
4.47653007507	-1
4.47653007507	-1
4.47653007507	-1
4.47653007507	-1
4.47653007507	-1
4.47653007507	-1
4.47688102722	-1
4.47688102722	-1
4.47688102722	-1
4.47688102722	-1
4.47710704803	-1
4.47710704803	-1
4.47710704803	-1
4.47710704803	-1
4.47710704803	-1
4.47710704803	-1
4.47710704803	-1
4.47710704803	-1
4.49465417862	-1
4.49470615387	-1
4.49470615387	-1
4.49470615387	-1
4.49470615387	-1
4.49470615387	-1
4.49470615387	-1
4.49470615387	-1
4.49470615387	-1
4.49572205544	1
4.57751107216	-1
4.57751107216	-1
4.57751107216	-1
4.57751107216	-1
4.57751107216	-1
4.57751107216	-1
4.57751107216	-1
4.57751107216	-1
4.57751107216	-1
4.57776999474	-1
4.57776999474	-1
4.57776999474	-1
4.57776999474	-1
4.57776999474	-1
4.57776999474	-1
4.57810807228	-1
4.57810807228	-1
4.57810807228	-1
4.57810807228	-1
4.57810807228	-1
4.57810807228	-1
4.57810807228	-1
4.57810807228	-1
4.59577012062	-1
4.59577012062	-1
4.59577012062	-1
4.59577012062	-1
4.59577012062	-1
4.59577012062	-1
4.59577012062	-1
4.59577012062	-1
4.59577012062	-1
4.67743206024	-1
4.6777381897	-1
4.6777381897	-1
4.6777381897	-1
4.6777381897	-1
4.6777381897	-1
4.6777381897	-1
4.6777381897	-1
4.6777381897	-1
4.67798113823	-1
4.67798113823	-1
4.67798113823	-1
4.67798113823	-1
4.67798113823	-1
4.67828917503	-1
4.67828917503	-1
4.67828917503	-1
4.67828917503	-1
4.67828917503	-1
4.67828917503	-1
4.67828917503	-1
4.67828917503	-1
4.67857813835	1
4.83111405373	1
4.83717012405	-1
4.83717012405	-1
4.98310899734	1
4.98310899734	1
5.47643208504	-1
5.47731614113	1
5.87668418884	-1
6.02517199516	-1
6.02517199516	-1
10.0008120537	1
