0.0	1
0.0	1
0.0871930122375	1
0.68262887001	-1
0.68262887001	-1
0.735688924789	-1
0.735688924789	-1
0.735688924789	-1
0.735688924789	-1
0.735688924789	-1
0.735688924789	-1
0.735688924789	-1
0.735915899277	-1
0.735915899277	-1
0.735915899277	-1
0.735915899277	-1
0.765892028809	1
0.769891023636	-1
0.8531229496	1
0.908877849579	-1
0.908877849579	-1
0.908877849579	-1
0.908877849579	-1
0.908877849579	-1
0.91294002533	-1
1.27462697029	-1
1.2756228447	1
1.2756228447	1
1.2756228447	1
1.2756228447	1
1.36281895638	1
1.51229000092	-1
1.54398202896	-1
1.54398202896	-1
1.54561686516	-1
1.54561686516	-1
1.54561686516	-1
1.54561686516	-1
1.54561686516	-1
1.54561686516	-1
1.54561686516	-1
1.54561686516	-1
1.58559393883	-1
1.58559393883	-1
1.58559393883	-1
1.58559393883	-1
1.58559393883	-1
1.58559393883	-1
1.58559393883	-1
1.58559393883	-1
1.63144493103	-1
1.63149404526	-1
1.63149404526	-1
1.63149404526	-1
1.63149404526	-1
1.63149404526	-1
1.63167691231	-1
1.75560498238	-1
1.75560498238	-1
1.75560498238	-1
1.75560498238	-1
1.75560498238	-1
1.75585484505	-1
1.75585484505	-1
1.75585484505	-1
1.75585484505	-1
1.75585484505	-1
1.75585484505	-1
1.75585484505	-1
1.75622296333	-1
1.75622296333	-1
1.75622296333	-1
1.75622296333	-1
1.75622296333	-1
1.75622296333	-1
1.75622296333	-1
1.75622296333	-1
1.75650000572	-1
1.75650000572	-1
1.75650000572	-1
1.75650000572	-1
1.75650000572	-1
1.75650000572	-1
1.75650000572	-1
1.75650000572	-1
1.84286594391	-1
1.84286594391	-1
1.84286594391	-1
1.84286594391	-1
1.84286594391	-1
1.84286594391	-1
1.84286594391	-1
1.84300899506	-1
1.84321689606	-1
1.84321689606	-1
1.84321689606	-1
1.84321689606	-1
1.84321689606	-1
1.84321689606	-1
1.84321689606	-1
1.84400296211	1
1.84400486946	-1
1.88133001328	-1
1.88133001328	-1
1.88133001328	-1
1.88133001328	-1
1.88133001328	-1
1.88133001328	-1
1.88133001328	-1
1.88133001328	-1
1.88209605217	-1
1.88209605217	-1
1.88209605217	-1
1.88209605217	-1
1.88209605217	-1
1.88209605217	-1
1.88209605217	-1
1.93144488335	1
1.93164300919	-1
1.97571206093	-1
1.97571206093	-1
1.97610902786	-1
1.97610902786	-1
1.97610902786	-1
1.97610902786	-1
1.97610902786	-1
1.97610902786	-1
1.97610902786	-1
1.97642993927	-1
1.9767999649	-1
1.9767999649	-1
1.9767999649	-1
1.9767999649	-1
1.9767999649	-1
1.9767999649	-1
1.98496603966	-1
1.98496603966	-1
1.98496603966	-1
1.98496603966	-1
1.98496603966	-1
1.98496603966	-1
1.98496603966	-1
2.01916193962	-1
2.0192129612	1
2.06848883629	1
2.06848883629	1
2.068557024	1
2.068557024	1
2.068557024	1
2.07027792931	1
2.07027792931	1
2.07027792931	1
2.07027792931	1
2.14629292488	1
2.21422290802	-1
2.35677504539	-1
2.57497501373	-1
2.5764298439	-1
2.5764298439	-1
2.57722783089	-1
2.57722783089	-1
2.57722783089	-1
2.57722783089	-1
2.57722783089	-1
2.57722783089	-1
2.57722783089	-1
2.57747292519	-1
2.57747292519	-1
2.57747292519	-1
2.57747292519	-1
2.57747292519	-1
2.57747292519	-1
2.57747292519	-1
2.66356492043	-1
2.75109100342	-1
2.76311802864	1
2.77982401848	-1
2.77982401848	-1
2.80556488037	-1
2.80556488037	-1
2.80556488037	-1
2.80701994896	-1
2.80701994896	-1
2.80724382401	-1
2.80724382401	-1
2.80724382401	-1
2.80724382401	-1
2.80724382401	-1
2.80724382401	-1
2.80724382401	-1
2.80748987198	-1
2.80748987198	-1
2.80748987198	-1
2.80748987198	-1
2.80748987198	-1
2.80748987198	-1
2.80748987198	-1
2.80785799026	-1
2.80785799026	-1
2.80785799026	-1
2.80785799026	-1
2.80785799026	-1
2.80785799026	-1
2.80785799026	-1
2.80785799026	-1
2.83276104927	-1
2.83276104927	-1
2.83276104927	-1
2.83276104927	-1
2.83276104927	-1
2.83276104927	-1
2.83300590515	-1
2.83300590515	-1
2.83300590515	-1
2.83424901962	1
2.83424901962	1
2.83863782883	-1
2.83863782883	-1
2.83876085281	-1
2.83876085281	-1
2.83876085281	-1
2.8388838768	-1
2.8388838768	-1
2.85020685196	1
2.86537790298	1
2.86537790298	1
2.89553594589	-1
2.89553594589	-1
2.89553594589	-1
2.89553594589	-1
2.89553594589	-1
2.89553594589	-1
2.89553594589	-1
2.89572191238	-1
2.89572191238	-1
2.89589595795	-1
2.89589595795	-1
2.89589595795	-1
2.89589595795	-1
2.89589595795	-1
2.89589595795	-1
2.89589595795	-1
2.89614200592	-1
2.89614200592	-1
2.89614200592	-1
2.89614200592	-1
2.89614200592	-1
2.89614200592	-1
2.89614200592	-1
2.89651083946	-1
2.89651083946	-1
2.89651083946	-1
2.92019486427	-1
2.92019486427	-1
2.92019486427	-1
2.92019486427	-1
2.92019486427	-1
2.92019486427	-1
2.92043089867	-1
2.92049002647	-1
2.92049002647	-1
2.92049002647	-1
2.93761301041	1
2.93761301041	1
3.02538394928	-1
3.0372979641	-1
3.0372979641	-1
3.0372979641	-1
3.0372979641	-1
3.0372979641	-1
3.0372979641	-1
3.0372979641	-1
3.03792405128	-1
3.03792405128	-1
3.03792405128	-1
3.03927993774	-1
3.03927993774	-1
3.03927993774	-1
3.03927993774	-1
3.03927993774	-1
3.03927993774	-1
3.03927993774	-1
3.03927993774	-1
3.03927993774	-1
3.03964090347	-1
3.03964090347	-1
3.03964090347	-1
3.03964090347	-1
3.03964090347	-1
3.03964090347	-1
3.03964090347	-1
3.03978991508	-1
3.03978991508	-1
3.03978991508	-1
3.03978991508	-1
3.03978991508	-1
3.04013395309	-1
3.04013395309	-1
3.04013395309	-1
3.04013395309	-1
3.04013395309	-1
3.04013395309	-1
3.04013395309	-1
3.04049992561	-1
3.04049992561	-1
3.04049992561	-1
3.04062390327	-1
3.04062390327	-1
3.04062390327	-1
3.04062390327	-1
3.04062390327	-1
3.04062390327	-1
3.04062390327	-1
3.04317998886	1
3.07393288612	-1
3.07404494286	-1
3.07404494286	-1
3.07404494286	-1
3.07404494286	-1
3.07404494286	-1
3.07404494286	-1
3.07404494286	-1
3.07429003716	-1
3.07429003716	-1
3.07429003716	-1
3.07429003716	-1
3.07429003716	-1
3.07429003716	-1
3.07429003716	-1
3.07429003716	-1
3.12706303596	-1
3.12706303596	-1
3.12706303596	-1
3.12706303596	-1
3.12706303596	-1
3.12706303596	-1
3.12720704079	-1
3.12741184235	-1
3.12741184235	-1
3.12741184235	-1
3.12741184235	-1
3.12741184235	-1
3.12741184235	-1
3.12741184235	-1
3.12765884399	-1
3.12765884399	-1
3.12765884399	-1
3.12765884399	-1
3.12765884399	-1
3.12765884399	-1
3.12765884399	-1
3.12802696228	-1
3.12802696228	-1
3.12802696228	-1
3.12802696228	-1
3.12802696228	-1
3.12802696228	-1
3.12802696228	-1
3.12802696228	-1
3.12830686569	-1
3.12830686569	-1
3.12830686569	-1
3.12830686569	-1
3.12830686569	-1
3.12830686569	-1
3.12830686569	-1
3.12863993645	-1
3.12863993645	-1
3.12863993645	-1
3.12863993645	-1
3.12863993645	-1
3.12863993645	-1
3.12863993645	-1
3.12896704674	-1
3.12896704674	-1
3.12896704674	-1
3.12913203239	-1
3.12913203239	-1
3.12913203239	-1
3.12913203239	-1
3.12913203239	-1
3.12913203239	-1
3.12913203239	-1
3.12913203239	-1
3.12950205803	-1
3.12950205803	-1
3.12950205803	-1
3.12950205803	-1
3.12950205803	-1
3.12950205803	-1
3.12950205803	-1
3.17021393776	1
3.17021393776	1
3.21438288689	-1
3.21477389336	-1
3.21477389336	-1
3.21477389336	-1
3.21477389336	-1
3.21477389336	-1
3.21477389336	-1
3.21477389336	-1
3.21490287781	-1
3.26691102982	-1
3.26691102982	-1
3.26691102982	-1
3.26691102982	-1
3.26691102982	-1
3.26691102982	-1
3.26691102982	-1
3.26705098152	-1
3.26736283302	-1
3.26736283302	-1
3.26736283302	-1
3.26736283302	-1
3.26736283302	-1
3.26736283302	-1
3.26736283302	-1
3.26825284958	1
3.27173495293	-1
3.27185297012	-1
3.27185297012	-1
3.27185297012	-1
3.27185297012	-1
3.27185297012	-1
3.27185297012	-1
3.27185297012	-1
3.27209305763	-1
3.27209305763	-1
3.27209305763	-1
3.27209305763	-1
3.27209305763	-1
3.27209305763	-1
3.27209305763	-1
3.27209305763	-1
3.27325701714	-1
3.27423596382	-1
3.27423596382	-1
3.27423596382	-1
3.27423596382	-1
3.27423596382	-1
3.27423596382	-1
3.27423596382	-1
3.27423596382	-1
3.27446985245	-1
3.27446985245	-1
3.27446985245	-1
3.27446985245	-1
3.27446985245	-1
3.27446985245	-1
3.27446985245	-1
3.28523802757	-1
3.28523802757	-1
3.28523802757	-1
3.28523802757	-1
3.28523802757	-1
3.28523802757	-1
3.28523802757	-1
3.28523802757	-1
3.28558897972	-1
3.28558897972	-1
3.28558897972	-1
3.28558897972	-1
3.28558897972	-1
3.28558897972	-1
3.28558897972	-1
3.28558897972	-1
3.28595805168	-1
3.28595805168	-1
3.28595805168	-1
3.28595805168	-1
3.28595805168	-1
3.28595805168	-1
3.28595805168	-1
3.28620386124	-1
3.35460591316	-1
3.35460591316	-1
3.35460591316	-1
3.35460591316	-1
3.35460591316	-1
3.35498404503	1
3.35498404503	1
3.39411783218	1
3.39411783218	1
3.46452999115	-1
3.58894395828	-1
3.6549808979	-1
3.6549808979	-1
3.6550860405	-1
3.6550860405	-1
3.6550860405	-1
3.6550860405	-1
3.6550860405	-1
3.6550860405	-1
3.6550860405	-1
3.6550860405	-1
3.71268796921	-1
3.74394202232	-1
3.74394202232	-1
3.7451069355	1
3.76095986366	-1
3.76095986366	-1
3.76095986366	-1
3.76095986366	-1
3.8001139164	-1
3.83239293098	1
4.00037884712	-1
4.15292000771	-1
4.21770596504	-1
4.21770596504	-1
4.21770596504	-1
4.27683496475	-1
4.27766394615	1
4.36506605148	1
4.37807297707	-1
4.49031996727	1
4.56504583359	-1
4.56504583359	-1
4.58292484283	1
4.66995501518	1
4.691822052	-1
5.05054688454	-1
5.05119800568	-1
5.05119800568	-1
5.0522480011	-1
5.0522480011	-1
5.0522480011	-1
5.0522480011	-1
5.0522480011	-1
5.0522480011	-1
5.0522480011	-1
5.0522480011	-1
5.0524559021	1
5.05261087418	-1
5.05261087418	-1
5.05261087418	-1
5.05319094658	-1
5.05319094658	-1
5.05319094658	-1
5.13797283173	-1
5.13797283173	-1
5.27481985092	-1
5.27481985092	-1
5.27481985092	-1
5.27481985092	-1
5.27481985092	-1
5.27531599998	-1
5.27531599998	-1
5.27531599998	-1
5.27531599998	-1
5.27531599998	-1
5.27531599998	-1
5.27531599998	-1
5.27570390701	-1
5.27570390701	-1
5.27607488632	-1
5.27607488632	-1
5.27607488632	-1
5.27607488632	-1
5.27607488632	-1
5.27607488632	-1
5.27607488632	-1
5.27691483498	1
5.29404497147	-1
5.29481196404	1
5.29481196404	1
5.36217284203	-1
5.36387705803	1
5.45520401001	-1
5.45649385452	-1
5.45649385452	-1
5.45649385452	-1
5.45649385452	-1
5.45649385452	-1
5.45649385452	-1
5.45649385452	-1
5.45649385452	-1
5.45677804947	-1
5.45677804947	-1
5.45697689056	-1
5.45697689056	-1
5.45697689056	-1
5.45709991455	-1
5.45709991455	-1
5.45709991455	-1
5.45709991455	-1
5.45709991455	-1
5.45709991455	-1
5.45709991455	-1
5.48631191254	-1
5.48652696609	-1
5.48652696609	-1
5.48652696609	-1
5.48652696609	-1
5.48652696609	-1
5.54369401932	-1
5.57688593864	1
5.70217299461	1
5.92442393303	-1
5.92445802689	-1
5.92445802689	-1
6.01171994209	-1
6.01171994209	-1
6.01171994209	-1
6.14684700966	-1
6.14684700966	-1
6.14684700966	-1
6.14684700966	-1
6.14684700966	-1
6.14772701263	-1
6.14775586128	-1
6.14775586128	-1
6.14775586128	-1
6.14775586128	-1
6.14775586128	-1
6.14775586128	-1
6.14825987816	-1
6.14825987816	-1
6.14825987816	-1
6.23430585861	-1
6.37013602257	-1
6.37013602257	-1
6.37013602257	-1
6.37013602257	-1
6.37013602257	-1
6.37112903595	-1
6.37112903595	-1
6.37129092216	-1
6.37129092216	-1
6.37129092216	-1
6.37129092216	-1
6.37129092216	-1
6.37129092216	-1
6.37129092216	-1
6.37129092216	-1
6.37180399895	-1
6.37180399895	-1
6.37180399895	-1
6.37180399895	-1
6.37180399895	-1
6.37180399895	-1
6.37180399895	-1
6.37180399895	-1
6.37210893631	1
6.45734095573	-1
6.45734095573	-1
6.45734095573	-1
6.45734095573	-1
6.45734095573	-1
6.45734095573	-1
6.45734095573	-1
6.45734095573	-1
6.45815587044	-1
6.45934796333	1
6.60468196869	-1
6.60515785217	-1
6.60515785217	-1
6.60515785217	-1
6.60515785217	-1
6.60515785217	-1
6.60515785217	-1
6.60515785217	-1
6.60540390015	-1
6.60540390015	-1
6.60540390015	-1
6.60784983635	-1
6.60784983635	-1
6.60784983635	-1
6.60784983635	-1
6.60784983635	-1
6.60784983635	-1
6.60784983635	-1
6.60784983635	-1
6.60814785957	-1
6.60827088356	-1
6.60827088356	-1
6.60827088356	-1
6.60827088356	-1
6.60827088356	-1
6.60827088356	-1
6.60827088356	-1
6.69269990921	-1
6.69369697571	1
6.84887099266	-1
6.84887099266	-1
6.84887099266	-1
6.84887099266	-1
6.84887099266	-1
6.85198283195	-1
6.85198283195	-1
6.85198283195	-1
6.85198283195	-1
6.85198283195	-1
6.85198283195	-1
6.85198283195	-1
6.85313487053	-1
6.85313487053	-1
6.85313487053	-1
6.85313487053	-1
6.85313487053	-1
6.85313487053	-1
6.85313487053	-1
6.8543639183	-1
6.85629701614	-1
6.85629701614	-1
6.85629701614	-1
6.85629701614	-1
6.85629701614	-1
6.85629701614	-1
6.85629701614	-1
6.85684084892	-1
6.85684084892	-1
6.85684084892	-1
6.85684084892	-1
6.85684084892	-1
6.85684084892	-1
6.85684084892	-1
6.93792891502	-1
6.93792891502	-1
6.93792891502	-1
6.93792891502	-1
6.9673910141	1
7.09402990341	1
7.81550502777	-1
7.8163189888	1
8.3354408741	-1
8.48691797256	-1
9.49194288254	1
10.4927399158	1
10.5800600052	1
