0.0	1
0.100265979767	1
0.906304121017	-1
1.07928705215	-1
1.10209608078	-1
1.10209608078	-1
1.10209608078	-1
1.10209608078	-1
1.10209608078	-1
1.10209608078	-1
1.10209608078	-1
1.15808391571	-1
1.15808391571	-1
1.15808391571	-1
1.15808391571	-1
1.15808391571	-1
1.15808391571	-1
1.15808391571	-1
1.15808391571	-1
1.18279004097	1
1.28019404411	-1
1.28330802917	1
1.60449409485	-1
1.74432492256	-1
1.74534392357	1
1.74548006058	1
1.74548006058	1
1.74548006058	1
1.74548006058	1
1.8450820446	-1
1.86640095711	-1
1.86640095711	-1
1.86640095711	-1
1.86640095711	-1
2.17863798141	-1
2.23720502853	-1
2.23720502853	-1
2.23720502853	-1
2.23720502853	-1
2.23720502853	-1
2.23720502853	-1
2.23720502853	-1
2.23720502853	-1
2.26958394051	-1
2.26958394051	-1
2.26958394051	-1
2.26958394051	-1
2.26958394051	-1
2.26958394051	-1
2.26958394051	-1
2.30354499817	-1
2.30354499817	-1
2.30354499817	-1
2.30354499817	-1
2.30354499817	-1
2.30354499817	-1
2.30354499817	-1
2.36857700348	-1
2.36857700348	-1
2.39431810379	-1
2.39431810379	-1
2.39431810379	-1
2.39431810379	-1
2.39431810379	-1
2.42710399628	-1
2.48125004768	-1
2.48876690865	-1
2.48876690865	-1
2.48876690865	-1
2.48876690865	-1
2.48876690865	-1
2.48876690865	-1
2.48876690865	-1
2.51221394539	-1
2.51221394539	-1
2.51221394539	-1
2.51221394539	-1
2.51221394539	-1
2.51221394539	-1
2.51221394539	-1
2.54141807556	-1
2.54141807556	-1
2.54141807556	-1
2.54141807556	-1
2.54141807556	-1
2.54141807556	-1
2.54141807556	-1
2.54241490364	1
2.58208703995	-1
2.63397502899	-1
2.63397502899	-1
2.63397502899	-1
2.63397502899	-1
2.63397502899	-1
2.63397502899	-1
2.63397502899	-1
2.63397502899	-1
2.66715812683	-1
2.66824293137	1
2.72538900375	-1
2.72538900375	-1
2.72538900375	-1
2.72538900375	-1
2.72538900375	-1
2.72538900375	-1
2.72538900375	-1
2.72538900375	-1
2.82586598396	-1
2.82586598396	-1
2.82586598396	-1
2.86090397835	-1
2.86090397835	-1
2.86090397835	-1
2.86090397835	-1
2.86090397835	-1
2.86090397835	-1
2.86090397835	-1
2.89672493935	-1
2.89672493935	-1
2.89672493935	-1
2.89672493935	-1
2.89672493935	-1
2.89672493935	-1
2.89672493935	-1
2.93524193764	-1
3.000426054	-1
3.000426054	-1
3.000426054	-1
3.035998106	-1
3.05715298653	-1
3.05715298653	-1
3.05715298653	-1
3.05715298653	-1
3.05715298653	-1
3.05715298653	-1
3.1365749836	-1
3.13757896423	1
3.14208912849	-1
3.14208912849	-1
3.14208912849	-1
3.14208912849	-1
3.2391500473	1
3.25527906418	1
3.25527906418	1
3.25527906418	1
3.28227806091	1
3.28227806091	1
3.28227806091	1
3.28227806091	1
3.28383994102	1
3.28403806686	1
3.28403806686	1
3.28403806686	1
3.75056290627	-1
3.88845205307	-1
3.88845205307	-1
3.96507406235	-1
3.96507406235	-1
3.96507406235	-1
3.97661995888	1
4.00326895714	-1
4.00326895714	-1
4.00326895714	-1
4.00326895714	-1
4.00326895714	-1
4.00326895714	-1
4.00326895714	-1
4.03196191788	-1
4.03196191788	-1
4.03196191788	-1
4.03196191788	-1
4.03196191788	-1
4.03196191788	-1
4.03196191788	-1
4.07688999176	1
4.07688999176	1
4.09586811066	-1
4.09586811066	-1
4.09586811066	-1
4.09586811066	-1
4.09586811066	-1
4.18577194214	-1
4.18577194214	-1
4.18577194214	-1
4.18577194214	-1
4.18577194214	-1
4.18577194214	-1
4.18577194214	-1
4.18577194214	-1
4.19842100143	1
4.29777002335	-1
4.29777002335	-1
4.29777002335	-1
4.29777002335	-1
4.29777002335	-1
4.29777002335	-1
4.29777002335	-1
4.29777002335	-1
4.29777002335	-1
4.32640600204	-1
4.32640600204	-1
4.32640600204	-1
4.32640600204	-1
4.32640600204	-1
4.32640600204	-1
4.32640600204	-1
4.32643890381	1
4.36198210716	-1
4.36198210716	-1
4.36198210716	-1
4.36198210716	-1
4.36198210716	-1
4.36198210716	-1
4.42876911163	-1
4.42876911163	-1
4.42876911163	-1
4.42876911163	-1
4.42876911163	-1
4.42876911163	-1
4.42876911163	-1
4.42876911163	-1
4.4288020134	1
4.46038198471	-1
4.46038198471	-1
4.46038198471	-1
4.46038198471	-1
4.52258300781	-1
4.52258300781	-1
4.52258300781	-1
4.52258300781	-1
4.52258300781	-1
4.52258300781	-1
4.52258300781	-1
4.52258300781	-1
4.55141711235	-1
4.55141711235	-1
4.55141711235	-1
4.55141711235	-1
4.55145001411	1
4.61275100708	-1
4.61275100708	-1
4.61275100708	-1
4.61275100708	-1
4.61275100708	-1
4.61275100708	-1
4.61275100708	-1
4.61275100708	-1
4.63691806793	-1
4.63691806793	-1
4.63691806793	-1
4.63691806793	-1
4.63691806793	-1
4.63691806793	-1
4.63691806793	-1
4.66471290588	1
4.69371294975	-1
4.69371294975	-1
4.69371294975	-1
4.69371294975	-1
4.69371294975	-1
4.69371294975	-1
4.75595211983	-1
4.75595211983	-1
4.75595211983	-1
4.75595211983	-1
4.75595211983	-1
4.75595211983	-1
4.75595211983	-1
4.75595211983	-1
4.78508496284	-1
4.78508496284	-1
4.78508496284	-1
4.78508496284	-1
4.78508496284	-1
4.78508496284	-1
4.78508496284	-1
4.84147691727	-1
4.84147691727	-1
4.84147691727	-1
4.90057706833	-1
4.90057706833	-1
4.90057706833	-1
4.90057706833	-1
4.90057706833	-1
4.90057706833	-1
4.90057706833	-1
4.90057706833	-1
4.92846989632	-1
4.92846989632	-1
4.92846989632	-1
4.92846989632	-1
4.92846989632	-1
4.92846989632	-1
4.92846989632	-1
4.96551609039	-1
5.03344511986	-1
5.03344511986	-1
5.03344511986	-1
5.07148694992	-1
5.07148694992	-1
5.07148694992	-1
5.07148694992	-1
5.07148694992	-1
5.07148694992	-1
5.07148694992	-1
5.11156892776	-1
5.11156892776	-1
5.11156892776	-1
5.11156892776	-1
5.11156892776	-1
5.11156892776	-1
5.11156892776	-1
5.11261510849	1
5.20599412918	-1
5.20599412918	-1
5.20599412918	-1
5.20599412918	-1
5.20599412918	-1
5.20599412918	-1
5.20599412918	-1
5.20599412918	-1
5.23950505257	-1
5.23996090889	1
5.3064289093	-1
5.3131480217	-1
5.3131480217	-1
5.3131480217	-1
5.3131480217	-1
5.3131480217	-1
5.3131480217	-1
5.3131480217	-1
5.35996699333	-1
5.35996699333	-1
5.35996699333	-1
5.35996699333	-1
5.35996699333	-1
5.35996699333	-1
5.35996699333	-1
5.41369009018	-1
5.43822407722	-1
5.43822407722	-1
5.43822407722	-1
5.43822407722	-1
5.43822407722	-1
5.47262907028	-1
5.51139593124	-1
5.51139593124	-1
5.51139593124	-1
5.51139593124	-1
5.51139593124	-1
5.51139593124	-1
5.51139593124	-1
5.5158970356	1
5.54952597618	-1
5.54952597618	-1
5.54952597618	-1
5.54952597618	-1
5.54952597618	-1
5.54952597618	-1
5.54952597618	-1
5.61552810669	-1
5.62588405609	-1
5.62588405609	-1
5.62588405609	-1
5.62588405609	-1
5.62588405609	-1
5.62588405609	-1
5.62588405609	-1
5.70084309578	-1
5.70084309578	-1
5.70084309578	-1
5.70084309578	-1
5.70084309578	-1
5.70084309578	-1
5.70084309578	-1
5.70084309578	-1
5.80155897141	-1
5.80155897141	-1
5.80155897141	-1
5.80155897141	-1
5.80155897141	-1
5.80155897141	-1
5.80155897141	-1
5.80155897141	-1
5.80155897141	-1
5.83746600151	-1
5.83746600151	-1
5.83746600151	-1
5.83746600151	-1
5.91631603241	-1
5.91631603241	-1
5.95960211754	-1
5.95960211754	-1
5.95960211754	-1
5.95960211754	-1
5.95960211754	-1
5.95960211754	-1
5.95960211754	-1
5.99809503555	-1
5.99809503555	-1
5.99809503555	-1
5.99809503555	-1
5.99809503555	-1
5.99809503555	-1
5.99809503555	-1
6.02851009369	1
6.08091592789	-1
6.08091592789	-1
6.08091592789	-1
6.08091592789	-1
6.08091592789	-1
6.08091592789	-1
6.08091592789	-1
6.08091592789	-1
6.12017607689	-1
6.1746969223	-1
6.1746969223	-1
6.1746969223	-1
6.1746969223	-1
6.1746969223	-1
6.1746969223	-1
6.1746969223	-1
6.22871899605	-1
6.29232311249	-1
6.29232311249	-1
6.29232311249	-1
6.29232311249	-1
6.29232311249	-1
6.29232311249	-1
6.29232311249	-1
6.29232311249	-1
6.29281592369	1
6.32650709152	-1
6.32650709152	-1
6.32650709152	-1
6.32650709152	-1
6.32650709152	-1
6.32650709152	-1
6.32650709152	-1
6.38044691086	-1
6.39643907547	-1
6.39643907547	-1
6.39643907547	-1
6.39643907547	-1
6.39643907547	-1
6.39643907547	-1
6.39643907547	-1
6.46651911736	-1
6.46651911736	-1
6.46651911736	-1
6.46651911736	-1
6.46651911736	-1
6.46651911736	-1
6.46651911736	-1
6.46651911736	-1
6.48275399208	1
6.57103490829	-1
6.57103490829	-1
6.57103490829	-1
6.57103490829	-1
6.57103490829	-1
6.57103490829	-1
6.57103490829	-1
6.57103490829	-1
6.57103490829	-1
6.60077810287	-1
6.60077810287	-1
6.60077810287	-1
6.60077810287	-1
6.60077810287	-1
6.60077810287	-1
6.60077810287	-1
6.66876602173	-1
6.66876602173	-1
6.66876602173	-1
6.66876602173	-1
6.66876602173	-1
6.66876602173	-1
6.66876602173	-1
6.73356199265	-1
6.73356199265	-1
6.73356199265	-1
6.73356199265	-1
6.73356199265	-1
6.73356199265	-1
6.73356199265	-1
6.73356199265	-1
6.76854300499	-1
6.76854300499	-1
6.76854300499	-1
6.76854300499	-1
6.76854300499	-1
6.76854300499	-1
6.76854300499	-1
6.83515906334	-1
6.83515906334	-1
6.83515906334	-1
6.83515906334	-1
6.83515906334	-1
6.83515906334	-1
6.8839070797	-1
6.90044212341	-1
6.90044212341	-1
6.90044212341	-1
6.90044212341	-1
6.90044212341	-1
6.90044212341	-1
6.90044212341	-1
6.93049001694	-1
6.93049001694	-1
6.93146800995	1
7.00114607811	-1
7.00243592262	-1
7.00243592262	-1
7.00243592262	-1
7.00243592262	-1
7.00243592262	-1
7.00243592262	-1
7.00243592262	-1
7.06832504272	-1
7.06832504272	-1
7.06836009026	1
7.06836009026	1
7.10127711296	-1
7.10127711296	-1
7.10127711296	-1
7.10127711296	-1
7.20338892937	-1
7.20338892937	-1
7.20363807678	1
7.28863096237	-1
7.28863096237	-1
7.28863096237	-1
7.30436611176	1
7.30436611176	1
7.75716495514	-1
7.78394794464	-1
7.78394794464	-1
7.78394794464	-1
7.78394794464	-1
7.84957003593	-1
7.84957003593	-1
7.98491001129	-1
7.98491001129	-1
7.99670791626	1
8.00668406487	1
8.00668406487	1
8.00668406487	1
8.09709596634	1
8.42378807068	-1
8.58418297768	-1
8.84489011765	-1
8.91890192032	-1
8.91890192032	-1
8.91890192032	-1
8.91890192032	-1
8.91890192032	-1
8.91890192032	-1
8.91890192032	-1
8.91890192032	-1
8.95963096619	-1
8.95963096619	-1
8.95963096619	-1
8.95963096619	-1
8.95963096619	-1
8.95963096619	-1
8.95963096619	-1
9.03933501244	-1
9.03933501244	-1
9.03933501244	-1
9.03933501244	-1
9.03933501244	-1
9.03933501244	-1
9.03933501244	-1
9.03933501244	-1
9.11792993546	-1
9.11792993546	-1
9.11792993546	-1
9.11792993546	-1
9.11792993546	-1
9.11792993546	-1
9.11792993546	-1
9.11792993546	-1
9.14764308929	1
9.15467596054	-1
9.15467596054	-1
9.15467596054	-1
9.15467596054	-1
9.15467596054	-1
9.15467596054	-1
9.15467596054	-1
9.24725294113	-1
9.25122499466	-1
9.25122499466	-1
9.25122499466	-1
9.25122499466	-1
9.25122499466	-1
9.25122499466	-1
9.25122499466	-1
9.33973312378	-1
9.33973312378	-1
9.38271808624	-1
9.38271808624	-1
9.38271808624	-1
9.38271808624	-1
9.38271808624	-1
9.38271808624	-1
9.38271808624	-1
9.45219397545	-1
9.48292994499	1
9.50132012367	-1
9.50132012367	-1
9.50132012367	-1
9.50132012367	-1
9.50132012367	-1
9.50132012367	-1
9.50132012367	-1
9.50132012367	-1
9.54589390755	-1
9.54589390755	-1
9.54589390755	-1
9.54589390755	-1
9.54589390755	-1
9.54589390755	-1
9.54589390755	-1
9.61977005005	1
9.62414193153	-1
9.62414193153	-1
9.62414193153	-1
9.62414193153	-1
9.62414193153	-1
9.62414193153	-1
9.62414193153	-1
9.62414193153	-1
9.69950294495	-1
9.69950294495	-1
9.69950294495	-1
9.69950294495	-1
9.69950294495	-1
9.69950294495	-1
9.69950294495	-1
9.69950294495	-1
9.71999907494	1
9.73879599571	-1
9.79983901978	-1
9.85959196091	1
9.86947703362	-1
9.86947703362	-1
9.86947703362	-1
9.86947703362	-1
9.86947703362	-1
9.86947703362	-1
9.86947703362	-1
9.86947703362	-1
9.90742993355	-1
9.90742993355	-1
9.90742993355	-1
9.90742993355	-1
9.90742993355	-1
9.90742993355	-1
9.90742993355	-1
9.99302506447	-1
9.99302506447	-1
9.99302506447	-1
9.99302506447	-1
9.99302506447	-1
9.99302506447	-1
9.99302506447	-1
9.99302506447	-1
10.000868082	1
10.1056449413	-1
10.1056449413	-1
10.1056449413	-1
10.1056449413	-1
10.1056449413	-1
10.1056449413	-1
10.1056449413	-1
10.1378200054	-1
10.1734011173	-1
10.1734011173	-1
10.1734011173	-1
10.1734011173	-1
10.1734011173	-1
10.1734011173	-1
10.1734011173	-1
10.201925993	-1
10.201925993	-1
10.201925993	-1
10.201925993	-1
10.201925993	-1
10.201925993	-1
10.201925993	-1
10.2413051128	1
10.2900259495	-1
10.2900259495	-1
10.2900259495	-1
10.2900259495	-1
10.2900259495	-1
10.2900259495	-1
10.2900259495	-1
10.2900259495	-1
10.3241539001	-1
10.3994209766	-1
10.3994209766	-1
10.3994209766	-1
10.3994209766	-1
10.3994209766	-1
10.3994209766	-1
10.3994209766	-1
10.3994209766	-1
10.4328639507	-1
10.4780759811	1
10.6156609058	1
11.001019001	1
11.1038401127	-1
11.1046209335	1
11.5852639675	-1
11.7324309349	-1
11.7324309349	-1
12.0018041134	1
13.0027060509	1
13.1030170918	1
13.1030170918	1
13.4906520844	-1
13.591080904	-1
14.6464700699	-1
