0.0	1
0.0	1
0.0629949569702	1
0.203521966934	-1
0.203521966934	-1
0.306056976318	-1
0.326505899429	-1
0.326505899429	-1
0.326505899429	-1
0.326505899429	-1
0.326505899429	-1
0.326505899429	-1
0.338151931763	1
0.369278907776	-1
0.369278907776	-1
0.375522851944	-1
0.375522851944	-1
0.375522851944	-1
0.375522851944	-1
0.375522851944	-1
0.375522851944	-1
0.375522851944	-1
0.401171922684	1
0.418401956558	-1
0.438677072525	-1
0.513042926788	-1
0.514492988586	1
0.514492988586	1
0.514492988586	1
0.514492988586	1
0.577462911606	1
0.597957849503	-1
0.606090068817	-1
0.606090068817	-1
0.606090068817	-1
0.606090068817	-1
0.606090068817	-1
0.606090068817	-1
0.606090068817	-1
0.61407494545	-1
0.614122867584	-1
0.614122867584	-1
0.614122867584	-1
0.614122867584	-1
0.614122867584	-1
0.614122867584	-1
0.627889871597	-1
0.627889871597	-1
0.662528038025	-1
0.662528038025	-1
0.662528038025	-1
0.662528038025	-1
0.662528038025	-1
0.662528038025	-1
0.669378042221	-1
0.669378042221	-1
0.669425010681	-1
0.669425010681	-1
0.669425010681	-1
0.669425010681	-1
0.669425010681	-1
0.669425010681	-1
0.669739961624	-1
0.669739961624	-1
0.669739961624	-1
0.669739961624	-1
0.669739961624	-1
0.669739961624	-1
0.669739961624	-1
0.678073883057	-1
0.678109884262	-1
0.678109884262	-1
0.678109884262	-1
0.678109884262	-1
0.678109884262	-1
0.678109884262	-1
0.678109884262	-1
0.678442955017	-1
0.678565979004	-1
0.678565979004	-1
0.678565979004	-1
0.678565979004	-1
0.678565979004	-1
0.678565979004	-1
0.678565979004	-1
0.732689857483	-1
0.73281288147	-1
0.73281288147	-1
0.73281288147	-1
0.73281288147	-1
0.73281288147	-1
0.732935905457	-1
0.733058929443	-1
0.733058929443	-1
0.733058929443	-1
0.733058929443	-1
0.733058929443	-1
0.733058929443	-1
0.733058929443	-1
0.733058929443	-1
0.733736038208	1
0.741328954697	-1
0.741328954697	-1
0.741538047791	-1
0.741538047791	-1
0.741538047791	-1
0.741538047791	-1
0.741538047791	-1
0.741538047791	-1
0.741538047791	-1
0.741538047791	-1
0.741782903671	-1
0.782350063324	-1
0.782350063324	-1
0.793346881866	-1
0.793346881866	-1
0.793346881866	-1
0.793346881866	-1
0.795877933502	-1
0.798045873642	-1
0.798045873642	-1
0.798045873642	-1
0.798045873642	-1
0.798045873642	-1
0.798045873642	-1
0.798079967499	1
0.805142879486	-1
0.820996046066	-1
0.820996046066	-1
0.820996046066	-1
0.820996046066	-1
0.820996046066	-1
0.820996046066	-1
0.820996046066	-1
0.835761070251	-1
0.837426900864	-1
0.837426900864	-1
0.866016864777	-1
0.866016864777	-1
0.866016864777	-1
0.866016864777	-1
0.866016864777	-1
0.866016864777	-1
0.866016864777	-1
0.866051912308	1
0.868305921555	-1
0.951200962067	1
0.951200962067	1
0.954180955887	1
0.954180955887	1
0.954180955887	1
0.954180955887	1
0.954180955887	1
0.955843925476	1
0.955843925476	1
0.955843925476	1
0.955843925476	1
0.96703004837	1
1.13419008255	-1
1.1548140049	-1
1.1548140049	-1
1.15528297424	-1
1.15528297424	-1
1.15528297424	-1
1.15528297424	-1
1.15528297424	-1
1.15528297424	-1
1.15528297424	-1
1.15993595123	-1
1.16937398911	-1
1.16937398911	-1
1.16937398911	-1
1.16937398911	-1
1.16937398911	-1
1.16937398911	-1
1.16937398911	-1
1.16937398911	-1
1.1948530674	-1
1.1948530674	-1
1.1948530674	-1
1.20746302605	-1
1.20746302605	-1
1.20746302605	-1
1.20746302605	-1
1.20746302605	-1
1.20746302605	-1
1.21589994431	-1
1.21589994431	-1
1.21802902222	-1
1.21802902222	-1
1.21802902222	-1
1.21802902222	-1
1.21802902222	-1
1.21802902222	-1
1.21827697754	-1
1.21827697754	-1
1.21827697754	-1
1.21827697754	-1
1.21827697754	-1
1.21827697754	-1
1.21827697754	-1
1.21827697754	-1
1.21852302551	-1
1.21914505959	1
1.23256897926	-1
1.23256897926	-1
1.23256897926	-1
1.23256897926	-1
1.23256897926	-1
1.23256897926	-1
1.23256897926	-1
1.23281502724	-1
1.23281502724	-1
1.23281502724	-1
1.23281502724	-1
1.23281502724	-1
1.24379992485	1
1.24379992485	1
1.25323605537	-1
1.27078294754	-1
1.27078294754	-1
1.27078294754	-1
1.27078294754	-1
1.27078294754	-1
1.27078294754	-1
1.27907705307	-1
1.27907705307	-1
1.27920007706	-1
1.27920007706	-1
1.27920007706	-1
1.27920007706	-1
1.27920007706	-1
1.27920007706	-1
1.27920007706	-1
1.27920007706	-1
1.27944588661	-1
1.27944588661	-1
1.27944588661	-1
1.27969098091	-1
1.27969098091	-1
1.27969098091	-1
1.27981305122	-1
1.27981305122	-1
1.27981305122	-1
1.27981305122	-1
1.27981305122	-1
1.28183603287	-1
1.28214287758	1
1.28530502319	-1
1.28530502319	-1
1.28530502319	-1
1.28530502319	-1
1.28530502319	-1
1.28530502319	-1
1.28530502319	-1
1.34237599373	-1
1.34491586685	-1
1.34491586685	-1
1.34491586685	-1
1.34491586685	-1
1.34491586685	-1
1.34528398514	-1
1.34528398514	-1
1.34528398514	-1
1.34528398514	-1
1.34528398514	-1
1.34528398514	-1
1.34528398514	-1
1.34541296959	-1
1.34541702271	1
1.34589791298	-1
1.34589791298	-1
1.34589791298	-1
1.34589791298	-1
1.34589791298	-1
1.34589791298	-1
1.34589791298	-1
1.34647297859	-1
1.3465950489	-1
1.3465950489	-1
1.3465950489	-1
1.3465950489	-1
1.3465950489	-1
1.3465950489	-1
1.3465950489	-1
1.34683990479	-1
1.34691500664	-1
1.34691500664	-1
1.34691500664	-1
1.34691500664	-1
1.34691500664	-1
1.34691500664	-1
1.3798520565	-1
1.3798520565	-1
1.38134694099	-1
1.38134694099	-1
1.38134694099	-1
1.3818590641	-1
1.3818590641	-1
1.3818590641	-1
1.3818590641	-1
1.3818590641	-1
1.3818590641	-1
1.3818590641	-1
1.38241195679	-1
1.39824199677	-1
1.39824199677	-1
1.39824199677	-1
1.39824199677	-1
1.39824199677	-1
1.39824199677	-1
1.39824199677	-1
1.39824199677	-1
1.39824199677	-1
1.40805101395	-1
1.40805101395	-1
1.40817403793	-1
1.40817403793	-1
1.40817403793	-1
1.40817403793	-1
1.40817403793	-1
1.40817403793	-1
1.40841984749	-1
1.40841984749	-1
1.40841984749	-1
1.40841984749	-1
1.40841984749	-1
1.40841984749	-1
1.40841984749	-1
1.40841984749	-1
1.40878796577	-1
1.40878796577	-1
1.40878796577	-1
1.40878796577	-1
1.40878796577	-1
1.40878796577	-1
1.40878796577	-1
1.40878796577	-1
1.40974092484	1
1.40974092484	1
1.40985298157	-1
1.40985298157	-1
1.40985298157	-1
1.40985298157	-1
1.40985298157	-1
1.40985298157	-1
1.40985298157	-1
1.40985298157	-1
1.4101190567	-1
1.41372394562	-1
1.41372394562	-1
1.41372394562	-1
1.41372394562	-1
1.41372394562	-1
1.41372394562	-1
1.41372394562	-1
1.42744398117	-1
1.42744398117	-1
1.42744398117	-1
1.42744398117	-1
1.42744398117	-1
1.42744398117	-1
1.42744398117	-1
1.42781305313	-1
1.42781305313	-1
1.42781305313	-1
1.42781305313	-1
1.42793607712	-1
1.42805886269	-1
1.42805886269	-1
1.42805886269	-1
1.42805886269	-1
1.42805886269	-1
1.42830395699	-1
1.42830395699	-1
1.42830395699	-1
1.42830395699	-1
1.42830395699	-1
1.42830395699	-1
1.42830395699	-1
1.42830395699	-1
1.45619702339	-1
1.45619702339	-1
1.45619702339	-1
1.45619702339	-1
1.45619702339	-1
1.45619702339	-1
1.45619702339	-1
1.45619702339	-1
1.45644187927	-1
1.4701230526	-1
1.4701230526	-1
1.4701230526	-1
1.4701230526	-1
1.4701230526	-1
1.4701230526	-1
1.4701230526	-1
1.4701230526	-1
1.47048997879	-1
1.47048997879	-1
1.47048997879	-1
1.47048997879	-1
1.47048997879	-1
1.47048997879	-1
1.47048997879	-1
1.47048997879	-1
1.47085905075	-1
1.47085905075	-1
1.47085905075	-1
1.47085905075	-1
1.47085905075	-1
1.47085905075	-1
1.47085905075	-1
1.47110390663	-1
1.47321391106	-1
1.47321391106	-1
1.47321391106	-1
1.47321391106	-1
1.47321391106	-1
1.47321391106	-1
1.47321391106	-1
1.4732260704	1
1.4732260704	1
1.47345995903	-1
1.47348403931	-1
1.47348403931	-1
1.47348403931	-1
1.47348403931	-1
1.47348403931	-1
1.47348403931	-1
1.47348403931	-1
1.47370791435	-1
1.49865007401	-1
1.49865007401	-1
1.49865007401	-1
1.49865007401	-1
1.49865007401	-1
1.49865007401	-1
1.49865007401	-1
1.49865007401	-1
1.51832985878	-1
1.51832985878	-1
1.51834988594	-1
1.51834988594	-1
1.51834988594	-1
1.51834988594	-1
1.51834988594	-1
1.51834988594	-1
1.51869702339	-1
1.51869702339	-1
1.51869702339	-1
1.51869702339	-1
1.51869702339	-1
1.51869702339	-1
1.51869702339	-1
1.51896286011	-1
1.51908588409	-1
1.51908588409	-1
1.51908588409	-1
1.51908588409	-1
1.51908588409	-1
1.51908588409	-1
1.51908588409	-1
1.51933193207	-1
1.51970100403	-1
1.51970100403	-1
1.51970100403	-1
1.51970100403	-1
1.51970100403	-1
1.51970100403	-1
1.51970100403	-1
1.52660298347	-1
1.52672505379	-1
1.52672505379	-1
1.52672505379	-1
1.52672505379	-1
1.52672505379	-1
1.52672505379	-1
1.52672505379	-1
1.53798794746	-1
1.53799796104	1
1.53799796104	1
1.54636406898	-1
1.54636406898	-1
1.54636406898	-1
1.54636406898	-1
1.54636406898	-1
1.54636406898	-1
1.54636406898	-1
1.5466299057	-1
1.5536339283	-1
1.5536339283	-1
1.5536339283	-1
1.5536339283	-1
1.5536339283	-1
1.5536339283	-1
1.5536339283	-1
1.5536339283	-1
1.57001686096	-1
1.57001686096	-1
1.57001686096	-1
1.57001686096	-1
1.57001686096	-1
1.57001686096	-1
1.57001686096	-1
1.57001686096	-1
1.57001686096	-1
1.57820892334	-1
1.57820892334	-1
1.60124897957	-1
1.60124897957	-1
1.60126900673	1
1.61718702316	1
1.61718702316	1
1.66840195656	-1
1.66842293739	1
1.66842293739	1
1.66842293739	1
1.73171591759	-1
1.73171591759	-1
1.92184305191	-1
1.97326493263	-1
1.97326493263	-1
1.97326493263	-1
1.97326493263	-1
1.98503684998	-1
2.04830002785	-1
2.04830002785	-1
2.04893708229	1
2.1116399765	-1
2.15100598335	1
2.15100598335	1
2.16243195534	-1
2.16243195534	-1
2.16243195534	-1
2.16243195534	-1
2.16243195534	-1
2.16243195534	-1
2.16243195534	-1
2.21259903908	-1
2.26203393936	-1
2.26203393936	-1
2.2759180069	-1
2.2759180069	-1
2.2759180069	-1
2.47155189514	-1
2.53474807739	-1
2.63634300232	-1
2.65809607506	1
2.68921208382	1
2.68921208382	1
2.72120094299	-1
2.72124385834	1
2.89195585251	-1
2.89797902107	-1
2.89797902107	-1
2.89797902107	-1
2.89797902107	-1
2.89797902107	-1
2.89797902107	-1
2.91155791283	-1
2.91155791283	-1
2.91161298752	-1
2.91161298752	-1
2.91161298752	-1
2.91161298752	-1
2.91161298752	-1
2.91161298752	-1
2.93514895439	-1
2.93514895439	-1
2.93525385857	-1
2.93525385857	-1
2.93525385857	-1
2.93525385857	-1
2.93525385857	-1
2.93525385857	-1
2.93525385857	-1
2.95278000832	-1
2.95312905312	-1
2.95312905312	-1
2.95312905312	-1
2.95312905312	-1
2.95312905312	-1
2.95312905312	-1
2.95312905312	-1
2.95485305786	-1
2.95501303673	-1
2.95501303673	-1
2.95501303673	-1
2.95501303673	-1
2.95501303673	-1
2.95501303673	-1
2.95501303673	-1
2.95525789261	-1
2.95525789261	-1
2.95525789261	-1
2.95525789261	-1
2.95525789261	-1
2.95525789261	-1
2.95525789261	-1
2.9568669796	1
2.96104192734	-1
2.96692895889	-1
2.96692895889	-1
2.96692895889	-1
2.96692895889	-1
2.96692895889	-1
2.96692895889	-1
2.96692895889	-1
2.96721887589	-1
2.96736192703	-1
2.96736192703	-1
2.96736192703	-1
2.96736192703	-1
2.96736192703	-1
2.96736192703	-1
2.96736192703	-1
3.01163196564	-1
3.01173901558	-1
3.01173901558	-1
3.01173901558	-1
3.01173901558	-1
3.01173901558	-1
3.01173901558	-1
3.01173901558	-1
3.01427507401	-1
3.01432490349	-1
3.01432490349	-1
3.01432490349	-1
3.01432490349	-1
3.01432490349	-1
3.01432490349	-1
3.01432490349	-1
3.01432490349	-1
3.01572990417	-1
3.01572990417	-1
3.01572990417	-1
3.01572990417	-1
3.01572990417	-1
3.01572990417	-1
3.01572990417	-1
3.01572990417	-1
3.02533793449	-1
3.02546095848	-1
3.02546095848	-1
3.02546095848	-1
3.02546095848	-1
3.02546095848	-1
3.02546095848	-1
3.02640199661	-1
3.02640199661	-1
3.02645802498	1
3.02660703659	-1
3.02660703659	-1
3.02660703659	-1
3.02660703659	-1
3.02660703659	-1
3.02660703659	-1
3.02660703659	-1
3.02660703659	-1
3.02697396278	-1
3.02697396278	-1
3.02697396278	-1
3.02697396278	-1
3.02697396278	-1
3.03011798859	-1
3.03011798859	-1
3.03255486488	-1
3.03255486488	-1
3.03255486488	-1
3.03255486488	-1
3.03255486488	-1
3.03255486488	-1
3.03255486488	-1
3.03835892677	-1
3.04406690598	-1
3.04406690598	-1
3.04417800903	-1
3.04417800903	-1
3.04417800903	-1
3.04417800903	-1
3.04417800903	-1
3.06797194481	-1
3.06945800781	-1
3.06945800781	-1
3.06945800781	-1
3.06945800781	-1
3.06945800781	-1
3.06945800781	-1
3.06945800781	-1
3.06996107101	-1
3.07059407234	-1
3.07059407234	-1
3.07059407234	-1
3.07059407234	-1
3.07059407234	-1
3.07059407234	-1
3.07059407234	-1
3.07074689865	-1
3.0844168663	-1
3.0844168663	-1
3.0844168663	-1
3.0844168663	-1
3.0844168663	-1
3.0844168663	-1
3.0844168663	-1
3.0844168663	-1
3.09551095963	-1
3.09554505348	1
3.09554505348	1
3.19497489929	1
3.19497489929	1
3.53193497658	-1
3.56211495399	1
3.62512993813	1
3.87649106979	-1
4.07299900055	-1
4.17244696617	-1
4.17244696617	-1
