0.0	1
0.100399017334	1
0.360032081604	-1
0.526651144028	-1
0.54518699646	-1
0.54518699646	-1
0.54518699646	-1
0.54518699646	-1
0.54518699646	-1
0.54518699646	-1
0.54518699646	-1
0.561715126038	1
0.661816120148	1
0.729124069214	-1
0.729124069214	-1
0.729124069214	-1
0.729124069214	-1
0.729124069214	-1
0.729124069214	-1
0.729124069214	-1
0.729124069214	-1
0.745783090591	-1
0.981745004654	-1
1.11865615845	-1
1.12024497986	1
1.1203930378	1
1.1203930378	1
1.1203930378	1
1.1203930378	1
1.21909999847	-1
1.30380702019	-1
1.30380702019	-1
1.30380702019	-1
1.30380702019	-1
1.48695516586	-1
1.62687301636	-1
1.62687301636	-1
1.62687301636	-1
1.62687301636	-1
1.62687301636	-1
1.64125299454	-1
1.64125299454	-1
1.64125299454	-1
1.64125299454	-1
1.64125299454	-1
1.64125299454	-1
1.64125299454	-1
1.65739798546	-1
1.65739798546	-1
1.65739798546	-1
1.66329598427	-1
1.67500901222	-1
1.67500901222	-1
1.67500901222	-1
1.72740101814	-1
1.72740101814	-1
1.72740101814	-1
1.72740101814	-1
1.72740101814	-1
1.72740101814	-1
1.75389409065	-1
1.75389409065	-1
1.75389409065	-1
1.75389409065	-1
1.75389409065	-1
1.75389409065	-1
1.75389409065	-1
1.75389409065	-1
1.76468420029	-1
1.76468420029	-1
1.79313015938	-1
1.80771112442	-1
1.80771112442	-1
1.80771112442	-1
1.80771112442	-1
1.80771112442	-1
1.80771112442	-1
1.80771112442	-1
1.80771112442	-1
1.8279299736	-1
1.82910108566	1
1.84598398209	-1
1.84598398209	-1
1.84598398209	-1
1.84598398209	-1
1.84598398209	-1
1.84598398209	-1
1.84598398209	-1
1.86847114563	-1
1.86847114563	-1
1.86847114563	-1
1.86847114563	-1
1.86847114563	-1
1.86847114563	-1
1.86847114563	-1
1.89476299286	-1
1.89476299286	-1
1.89476299286	-1
1.89476299286	-1
1.89476299286	-1
1.89476299286	-1
1.89476299286	-1
1.89476299286	-1
1.89476299286	-1
1.90820097923	-1
1.90820097923	-1
1.90820097923	-1
1.90820097923	-1
1.90820097923	-1
1.90820097923	-1
1.90820097923	-1
1.92309999466	-1
1.92321419716	-1
1.92321419716	-1
1.92321419716	-1
1.92321419716	-1
1.92321419716	-1
1.94644498825	-1
1.94644498825	-1
1.94644498825	-1
1.94647312164	1
1.96889019012	-1
1.96889019012	-1
1.96889019012	-1
1.96889019012	-1
1.96889019012	-1
1.96889019012	-1
1.96889019012	-1
1.96889019012	-1
1.99518299103	-1
1.99518299103	-1
1.99518299103	-1
2.0189499855	-1
2.0189499855	-1
2.03250598907	-1
2.03250598907	-1
2.03250598907	-1
2.03250598907	-1
2.03250598907	-1
2.04386997223	-1
2.08338499069	1
2.12830400467	-1
2.12830400467	-1
2.18376398087	1
2.18376398087	1
2.22006797791	1
2.22006797791	1
2.22006797791	1
2.22020506859	1
2.22020506859	1
2.22020506859	1
2.22178196907	1
2.22178196907	1
2.22178196907	1
2.22178196907	1
2.55044913292	-1
2.64332103729	-1
2.64332103729	-1
2.64332103729	-1
2.64727210999	-1
2.64727210999	-1
2.64727210999	-1
2.64727210999	-1
2.64727210999	-1
2.6642100811	-1
2.6642100811	-1
2.6642100811	-1
2.6642100811	-1
2.6642100811	-1
2.6642100811	-1
2.6642100811	-1
2.6642100811	-1
2.67506217957	-1
2.68149209023	-1
2.68149209023	-1
2.68149209023	-1
2.68149209023	-1
2.74452519417	-1
2.74909210205	-1
2.74909210205	-1
2.74909210205	-1
2.74909210205	-1
2.74909210205	-1
2.74909210205	-1
2.74909210205	-1
2.76166605949	-1
2.76166605949	-1
2.76166605949	-1
2.78615808487	-1
2.78615808487	-1
2.78615808487	-1
2.78615808487	-1
2.78615808487	-1
2.78615808487	-1
2.78615808487	-1
2.78615808487	-1
2.78615808487	-1
2.78693604469	1
2.78850412369	-1
2.78850412369	-1
2.78850412369	-1
2.78850412369	-1
2.78850412369	-1
2.78850412369	-1
2.78850412369	-1
2.81921410561	-1
2.81921410561	-1
2.81921410561	-1
2.81921410561	-1
2.81921410561	-1
2.81921410561	-1
2.81921410561	-1
2.81921410561	-1
2.81921410561	-1
2.81921410561	-1
2.84977912903	-1
2.84977912903	-1
2.84999012947	-1
2.84999012947	-1
2.84999012947	-1
2.84999012947	-1
2.84999012947	-1
2.84999012947	-1
2.84999012947	-1
2.84999012947	-1
2.85035920143	-1
2.85035920143	-1
2.88698911667	1
2.91116404533	-1
2.91116404533	-1
2.91116404533	-1
2.91116404533	-1
2.91116404533	-1
2.91116404533	-1
2.91116404533	-1
2.93366217613	-1
2.93779611588	-1
2.93779611588	-1
2.93779611588	-1
2.93779611588	-1
2.93779611588	-1
2.93779611588	-1
2.93779611588	-1
2.9403591156	-1
2.9403591156	-1
2.95008301735	-1
2.95008301735	-1
2.95008301735	-1
2.95008301735	-1
2.95008301735	-1
2.95008301735	-1
2.95008301735	-1
2.95008301735	-1
2.95063304901	-1
2.95063304901	-1
2.95066618919	-1
2.95066618919	-1
2.95066618919	-1
2.95066618919	-1
2.95066618919	-1
2.95066618919	-1
2.95066618919	-1
2.95738220215	-1
2.95738220215	-1
2.95738220215	-1
2.96094512939	-1
2.96094512939	-1
2.96094512939	-1
2.96094512939	-1
2.96094512939	-1
2.96094512939	-1
2.99690413475	-1
2.99690413475	-1
2.99690413475	-1
2.99690413475	-1
2.99690413475	-1
2.99690413475	-1
2.99690413475	-1
2.99690413475	-1
2.99693608284	1
3.01187801361	-1
3.01187801361	-1
3.01187801361	-1
3.01187801361	-1
3.01187801361	-1
3.01187801361	-1
3.01187801361	-1
3.01187801361	-1
3.03239512444	-1
3.03239512444	-1
3.03239512444	-1
3.03239512444	-1
3.03239512444	-1
3.03239512444	-1
3.03239512444	-1
3.03239512444	-1
3.04488801956	-1
3.04488801956	-1
3.04488801956	-1
3.04488801956	-1
3.04488801956	-1
3.04488801956	-1
3.04488801956	-1
3.04488801956	-1
3.0576581955	-1
3.06117796898	-1
3.06117796898	-1
3.06117796898	-1
3.06117796898	-1
3.06117796898	-1
3.06117796898	-1
3.06117796898	-1
3.07546305656	-1
3.07546305656	-1
3.07546305656	-1
3.07546305656	-1
3.07546305656	-1
3.07546305656	-1
3.07546305656	-1
3.07546305656	-1
3.08055114746	-1
3.08055114746	-1
3.08055114746	-1
3.08055114746	-1
3.08055114746	-1
3.08055114746	-1
3.08055114746	-1
3.08055114746	-1
3.09189915657	-1
3.09189915657	-1
3.09201312065	-1
3.09201312065	-1
3.09201312065	-1
3.09201312065	-1
3.09201312065	-1
3.09201312065	-1
3.09225702286	-1
3.09225702286	-1
3.09225702286	-1
3.09225702286	-1
3.09225702286	-1
3.09225702286	-1
3.09225702286	-1
3.09225702286	-1
3.10614609718	-1
3.10614609718	-1
3.10614609718	-1
3.10614609718	-1
3.10614609718	-1
3.10614609718	-1
3.10614609718	-1
3.10614609718	-1
3.10617899895	1
3.10617899895	1
3.10649013519	-1
3.10649013519	-1
3.10649013519	-1
3.10649013519	-1
3.10649013519	-1
3.10649013519	-1
3.10649013519	-1
3.10649013519	-1
3.13337016106	-1
3.13337016106	-1
3.13337016106	-1
3.13337016106	-1
3.13337016106	-1
3.13337016106	-1
3.13337016106	-1
3.13337016106	-1
3.1337890625	-1
3.1337890625	-1
3.1337890625	-1
3.1337890625	-1
3.1337890625	-1
3.1337890625	-1
3.1337890625	-1
3.1337890625	-1
3.14543008804	-1
3.14543008804	-1
3.14543008804	-1
3.14543008804	-1
3.14543008804	-1
3.14543008804	-1
3.14543008804	-1
3.14572715759	-1
3.14572715759	-1
3.14585018158	-1
3.14585018158	-1
3.14585018158	-1
3.14585018158	-1
3.14585018158	-1
3.14585018158	-1
3.14585018158	-1
3.17588114738	-1
3.17593312263	-1
3.17593312263	-1
3.17593312263	-1
3.17593312263	-1
3.17593312263	-1
3.17593312263	-1
3.17593312263	-1
3.17623901367	-1
3.17636203766	-1
3.17636203766	-1
3.17636203766	-1
3.17636203766	-1
3.17636203766	-1
3.17636203766	-1
3.17636203766	-1
3.20792102814	-1
3.20792102814	-1
3.20792102814	-1
3.20792102814	-1
3.20792102814	-1
3.20792102814	-1
3.20792102814	-1
3.20792102814	-1
3.2079679966	1
3.2079679966	1
3.2194211483	-1
3.22958612442	-1
3.22958612442	-1
3.22958612442	-1
3.22958612442	-1
3.22958612442	-1
3.22958612442	-1
3.22958612442	-1
3.22958612442	-1
3.2360291481	-1
3.2360291481	-1
3.2360291481	-1
3.2360291481	-1
3.2360291481	-1
3.2360291481	-1
3.2360291481	-1
3.23712801933	1
3.23712801933	1
3.23712801933	1
3.23955202103	-1
3.24317502975	-1
3.24317502975	-1
3.24317502975	-1
3.24317502975	-1
3.24317502975	-1
3.24317502975	-1
3.24317502975	-1
3.24833607674	-1
3.25230813026	-1
3.25230813026	-1
3.25230813026	-1
3.25230813026	-1
3.25230813026	-1
3.25230813026	-1
3.25230813026	-1
3.25738811493	-1
3.26120400429	-1
3.26120400429	-1
3.26120400429	-1
3.26120400429	-1
3.26120400429	-1
3.26120400429	-1
3.26120400429	-1
3.26572918892	-1
3.27216100693	-1
3.27216100693	-1
3.27216100693	-1
3.27216100693	-1
3.27216100693	-1
3.27216100693	-1
3.27216100693	-1
3.27708601952	-1
3.27720212936	-1
3.27720212936	-1
3.27720212936	-1
3.27720212936	-1
3.27720212936	-1
3.27720212936	-1
3.27720212936	-1
3.28175711632	-1
3.28175711632	-1
3.28175711632	-1
3.28175711632	-1
3.28175711632	-1
3.28175711632	-1
3.28175711632	-1
3.28175711632	-1
3.28542399406	-1
3.28542399406	-1
3.28542399406	-1
3.28542399406	-1
3.28542399406	-1
3.28542399406	-1
3.28542399406	-1
3.28542399406	-1
3.29335403442	1
3.29335403442	1
3.30869913101	-1
3.30869913101	-1
3.30871605873	1
3.30873417854	-1
3.30873417854	-1
3.30873417854	-1
3.30873417854	-1
3.30873417854	-1
3.30873417854	-1
3.37793302536	-1
3.39689707756	-1
3.39689707756	-1
3.39689707756	-1
3.39689707756	-1
3.39689707756	-1
3.39689707756	-1
3.39689707756	-1
3.39689707756	-1
3.4515171051	1
3.4515171051	1
3.55799508095	1
3.55799508095	1
3.59805512428	-1
3.70411300659	-1
3.84232497215	-1
3.89446616173	-1
3.89446616173	-1
3.89446616173	-1
3.8945851326	-1
3.8945851326	-1
3.8945851326	-1
3.8945851326	-1
3.8945851326	-1
4.02623605728	-1
4.02623605728	-1
4.02623605728	-1
4.02623605728	-1
4.0373570919	-1
4.0373570919	-1
4.03884100914	1
4.04135203362	-1
4.04135203362	-1
4.06393003464	-1
4.06393003464	-1
4.06393003464	-1
4.18807005882	-1
4.18807005882	-1
4.18807005882	-1
4.18807005882	-1
4.1881070137	1
4.1881070137	1
4.49545717239	-1
4.6644551754	-1
4.80271100998	-1
4.80271100998	-1
4.81949806213	1
4.84884405136	1
4.84884405136	1
4.84884405136	1
5.25889897346	-1
5.26278710365	-1
5.26278710365	-1
5.26278710365	-1
5.26305699348	-1
5.26305699348	-1
5.26305699348	-1
5.26305699348	-1
5.26305699348	-1
5.26305699348	-1
5.26393914223	-1
5.26393914223	-1
5.26393914223	-1
5.26393914223	-1
5.26393914223	-1
5.26393914223	-1
5.26393914223	-1
5.27832102776	-1
5.29549312592	-1
5.29549312592	-1
5.29549312592	-1
5.29549312592	-1
5.29549312592	-1
5.29549312592	-1
5.29549312592	-1
5.29549312592	-1
5.29647898674	-1
5.29647898674	-1
5.29660701752	-1
5.29660701752	-1
5.29660701752	-1
5.29660701752	-1
5.29660701752	-1
5.29701018333	-1
5.29833006859	1
5.29895615578	-1
5.29895615578	-1
5.29895615578	-1
5.29895615578	-1
5.29955005646	-1
5.36309313774	-1
5.36309313774	-1
5.36309313774	-1
5.36319708824	-1
5.36319708824	-1
5.36322999001	-1
5.36322999001	-1
5.36322999001	-1
5.36344099045	-1
5.36344099045	-1
5.36344099045	-1
5.36346912384	-1
5.36346912384	-1
5.36346912384	-1
5.36366701126	-1
5.42454600334	-1
5.42454600334	-1
5.42454600334	-1
5.42846012115	-1
5.42846012115	-1
5.42846012115	-1
5.43255519867	-1
5.43255519867	-1
5.43642401695	-1
5.43642401695	-1
5.43642401695	-1
5.43937397003	-1
5.43937397003	-1
5.43937397003	-1
5.43937397003	-1
5.43937397003	-1
5.43937397003	-1
5.44154500961	-1
5.44154500961	-1
5.44154500961	-1
5.44154500961	-1
5.44154500961	-1
5.44154500961	-1
5.442456007	-1
5.44304609299	-1
5.44304609299	-1
5.44304609299	-1
5.44304609299	-1
5.44304609299	-1
5.44304609299	-1
5.44364714622	1
5.45710897446	-1
5.45710897446	-1
5.45710897446	-1
5.45710897446	-1
5.45710897446	-1
5.45710897446	-1
5.45710897446	-1
5.45710897446	-1
5.45745897293	-1
5.45745897293	-1
5.45745897293	-1
5.46357798576	-1
5.46357798576	-1
5.46357798576	-1
5.46357798576	-1
5.46357798576	-1
5.46357798576	-1
5.46357798576	-1
5.46372413635	-1
5.46392917633	-1
5.46392917633	-1
5.46392917633	-1
5.46392917633	-1
5.46392917633	-1
5.46392917633	-1
5.46392917633	-1
5.46417617798	-1
5.46430015564	-1
5.46430015564	-1
5.46430015564	-1
5.50459218025	1
5.50459218025	1
5.50459218025	1
5.52875614166	-1
5.52875614166	-1
5.52875614166	-1
5.52875614166	-1
5.52875614166	-1
5.52875614166	-1
5.52898716927	-1
5.52898716927	-1
5.52898716927	-1
5.52898716927	-1
5.52898716927	-1
5.52898716927	-1
5.52898716927	-1
5.52898716927	-1
5.52935504913	-1
5.52935504913	-1
5.52935504913	-1
5.52935504913	-1
5.52935504913	-1
5.52935504913	-1
5.52935504913	-1
5.52935504913	-1
5.58250403404	-1
5.58250403404	-1
5.58250403404	-1
5.58250403404	-1
5.58250403404	-1
5.58250403404	-1
5.58250403404	-1
5.58250403404	-1
5.58254218102	1
5.58420801163	-1
5.58704710007	-1
5.58704710007	-1
5.58704710007	-1
5.58704710007	-1
5.58704710007	-1
5.58704710007	-1
5.58704710007	-1
5.58880710602	-1
5.59781908989	-1
5.59781908989	-1
5.59781908989	-1
5.59781908989	-1
6.01455211639	-1
6.05438017845	1
6.15457010269	1
6.70729517937	-1
6.70834112167	1
6.85758018494	-1
6.85858798027	1
7.29500699043	-1
7.4945499897	-1
7.59499812126	-1
10.4124560356	-1
10.4130680561	1
10.5624351501	-1
