0.0	1
0.100081920624	1
0.633354902267	-1
0.780611038208	-1
0.840350866318	-1
0.840350866318	-1
0.840350866318	-1
0.840350866318	-1
0.840350866318	-1
0.840350866318	-1
0.840350866318	-1
0.840350866318	-1
0.874039888382	-1
0.874039888382	-1
0.874039888382	-1
0.874039888382	-1
0.874039888382	-1
0.874039888382	-1
0.874039888382	-1
0.902104854584	1
0.981137037277	-1
1.00228905678	1
1.40198707581	-1
1.40247797966	1
1.40252399445	1
1.40252399445	1
1.40252399445	1
1.40252399445	1
1.55254507065	-1
1.62009000778	-1
1.62009000778	-1
1.62009000778	-1
1.62009000778	-1
1.62009000778	-1
1.62009000778	-1
1.62009000778	-1
1.62009000778	-1
1.65537500381	-1
1.65537500381	-1
1.65537500381	-1
1.65537500381	-1
1.65537500381	-1
1.65537500381	-1
1.65537500381	-1
1.69193196297	1
1.69807291031	-1
1.69807291031	-1
1.69807291031	-1
1.69807291031	-1
1.69807291031	-1
1.69807291031	-1
1.69807291031	-1
1.76741290092	-1
1.76741290092	-1
1.79991197586	-1
1.79991197586	-1
1.79991197586	-1
1.79991197586	-1
1.79991197586	-1
1.83798384666	-1
1.89151287079	-1
1.91270899773	-1
1.91270899773	-1
1.91270899773	-1
1.91270899773	-1
1.91270899773	-1
1.91270899773	-1
1.91270899773	-1
1.95510601997	-1
1.95510601997	-1
1.95510601997	-1
1.95510601997	-1
1.95510601997	-1
1.95510601997	-1
1.95510601997	-1
1.99501895905	-1
1.99501895905	-1
1.99501895905	-1
1.99501895905	-1
1.99501895905	-1
1.99501895905	-1
1.99501895905	-1
2.0139708519	1
2.10019087791	-1
2.10019087791	-1
2.10019087791	-1
2.10019087791	-1
2.10019087791	-1
2.10019087791	-1
2.10019087791	-1
2.10019087791	-1
2.10019087791	-1
2.16588687897	-1
2.16588687897	-1
2.16588687897	-1
2.16588687897	-1
2.16588687897	-1
2.16588687897	-1
2.16588687897	-1
2.21388792992	-1
2.29975605011	-1
2.29975605011	-1
2.29975605011	-1
2.35107588768	-1
2.37278485298	-1
2.37278485298	-1
2.37278485298	-1
2.37278485298	-1
2.37278485298	-1
2.37278485298	-1
2.37278485298	-1
2.45178294182	-1
2.61158895493	-1
2.67492604256	-1
2.67492604256	-1
2.67492604256	-1
2.67492604256	-1
2.67492604256	-1
2.67492604256	-1
2.67492604256	-1
2.67492604256	-1
2.71029186249	-1
2.71029186249	-1
2.71029186249	-1
2.71029186249	-1
2.71029186249	-1
2.71029186249	-1
2.71029186249	-1
2.74334406853	-1
2.74334406853	-1
2.74334406853	-1
2.74334406853	-1
2.74334406853	-1
2.74334406853	-1
2.74334406853	-1
2.80910086632	-1
2.80910086632	-1
2.81019496918	1
2.95116305351	-1
2.95116305351	-1
2.95218586922	1
2.97013306618	1
2.97013306618	1
2.97013306618	1
2.99012494087	1
2.99012494087	1
2.99012494087	1
2.99012494087	1
2.99197387695	1
2.99214196205	1
2.99214196205	1
2.99214196205	1
3.33722496033	-1
3.71727204323	-1
3.81771802902	-1
3.89852595329	-1
3.89852595329	-1
3.89852595329	-1
4.0161550045	-1
4.0161550045	-1
4.0161550045	-1
4.01884698868	1
4.02916789055	1
4.02916789055	1
4.02916789055	1
4.0507068634	-1
4.0507068634	-1
4.0507068634	-1
4.0507068634	-1
4.0507068634	-1
4.0507068634	-1
4.0507068634	-1
4.11548304558	-1
4.11548304558	-1
4.11548304558	-1
4.11548304558	-1
4.11548304558	-1
4.11548304558	-1
4.11548304558	-1
4.11548304558	-1
4.15337491035	-1
4.15337491035	-1
4.15337491035	-1
4.15337491035	-1
4.15337491035	-1
4.15337491035	-1
4.15337491035	-1
4.15337491035	-1
4.18509507179	-1
4.22393393517	-1
4.22393393517	-1
4.22393393517	-1
4.29310798645	-1
4.29310798645	-1
4.29310798645	-1
4.29310798645	-1
4.29310798645	-1
4.32022285461	1
4.36599206924	-1
4.36599206924	-1
4.36599206924	-1
4.36599206924	-1
4.36599206924	-1
4.36599206924	-1
4.36599206924	-1
4.36599206924	-1
4.40115499496	-1
4.43862891197	-1
4.43862891197	-1
4.43862891197	-1
4.43862891197	-1
4.43862891197	-1
4.43862891197	-1
4.43862891197	-1
4.51132893562	-1
4.51132893562	-1
4.51132893562	-1
4.51132893562	-1
4.51132893562	-1
4.51132893562	-1
4.51132893562	-1
4.51132893562	-1
4.58958601952	-1
4.58958601952	-1
4.58958601952	-1
4.58958601952	-1
4.58958601952	-1
4.58958601952	-1
4.58958601952	-1
4.58958601952	-1
4.66548490524	-1
4.66548490524	-1
4.66548490524	-1
4.76573896408	-1
4.83311104774	-1
4.83311104774	-1
4.83311104774	-1
4.83311104774	-1
4.83311104774	-1
4.83311104774	-1
4.83311104774	-1
4.83311104774	-1
4.86953902245	-1
4.86953902245	-1
4.86953902245	-1
4.86953902245	-1
4.86953902245	-1
4.86953902245	-1
4.93107390404	-1
4.93142604828	1
4.99691700935	-1
4.99691700935	-1
4.99691700935	-1
4.99691700935	-1
4.99691700935	-1
4.99691700935	-1
4.99691700935	-1
4.99691700935	-1
5.03734207153	-1
5.03734207153	-1
5.03734207153	-1
5.03734207153	-1
5.03734207153	-1
5.03734207153	-1
5.03734207153	-1
5.07859492302	-1
5.07859492302	-1
5.07859492302	-1
5.07859492302	-1
5.07859492302	-1
5.07859492302	-1
5.07859492302	-1
5.13789200783	-1
5.13905787468	1
5.19734501839	-1
5.19734501839	-1
5.19734501839	-1
5.19734501839	-1
5.19734501839	-1
5.19734501839	-1
5.19734501839	-1
5.19734501839	-1
5.28075003624	-1
5.28075003624	-1
5.28075003624	-1
5.28075003624	-1
5.28075003624	-1
5.28075003624	-1
5.28075003624	-1
5.28075003624	-1
5.32349085808	-1
5.32349085808	-1
5.32349085808	-1
5.32349085808	-1
5.32349085808	-1
5.32349085808	-1
5.32349085808	-1
5.3792719841	-1
5.38039207458	1
5.49210906029	-1
5.528195858	-1
5.528195858	-1
5.528195858	-1
5.528195858	-1
5.528195858	-1
5.56829190254	-1
5.56829190254	-1
5.56829190254	-1
5.56829190254	-1
5.56829190254	-1
5.56829190254	-1
5.56829190254	-1
5.62864303589	-1
5.78182792664	-1
5.81781101227	-1
5.81781101227	-1
5.81781101227	-1
5.81781101227	-1
5.81781101227	-1
5.81781101227	-1
5.81781101227	-1
5.85458803177	-1
5.85458803177	-1
5.85458803177	-1
5.85458803177	-1
5.85458803177	-1
5.85458803177	-1
5.85458803177	-1
5.96670508385	-1
5.96670508385	-1
5.96670508385	-1
5.96670508385	-1
5.96670508385	-1
5.96670508385	-1
5.96670508385	-1
5.96670508385	-1
5.96670508385	-1
6.02955508232	-1
6.02955508232	-1
6.02955508232	-1
6.02955508232	-1
6.02955508232	-1
6.02955508232	-1
6.02955508232	-1
6.07379508018	-1
6.07379508018	-1
6.07379508018	-1
6.07379508018	-1
6.07379508018	-1
6.07379508018	-1
6.07379508018	-1
6.08403086662	1
6.15680885315	-1
6.15680885315	-1
6.15680885315	-1
6.15680885315	-1
6.15680885315	-1
6.15680885315	-1
6.15680885315	-1
6.15680885315	-1
6.26821088791	-1
6.26821088791	-1
6.26821088791	-1
6.30351805687	-1
6.30351805687	-1
6.30351805687	-1
6.30351805687	-1
6.30351805687	-1
6.30351805687	-1
6.30351805687	-1
6.33194994926	1
6.33921384811	-1
6.33921384811	-1
6.33921384811	-1
6.33921384811	-1
6.33921384811	-1
6.33921384811	-1
6.33921384811	-1
6.37446308136	-1
6.37446308136	-1
6.37446308136	-1
6.37446308136	-1
6.37446308136	-1
6.37446308136	-1
6.37446308136	-1
6.43138289452	-1
6.4521510601	-1
6.4521510601	-1
6.4521510601	-1
6.4521510601	-1
6.4521510601	-1
6.4521510601	-1
6.4521510601	-1
6.52470707893	-1
6.52470707893	-1
6.54448485374	1
6.59682202339	-1
6.59682202339	-1
6.59682202339	-1
6.59682202339	-1
6.59682202339	-1
6.59682202339	-1
6.59682202339	-1
6.59682202339	-1
6.63205695152	-1
6.63205695152	-1
6.63205695152	-1
6.63205695152	-1
6.63205695152	-1
6.63205695152	-1
6.68346405029	1
6.68346405029	1
6.70697402954	-1
6.70697402954	-1
6.70697402954	-1
6.70697402954	-1
6.70697402954	-1
6.70697402954	-1
6.70697402954	-1
6.70697402954	-1
6.74247598648	-1
6.74247598648	-1
6.74247598648	-1
6.74247598648	-1
6.74247598648	-1
6.74247598648	-1
6.74247598648	-1
6.81378507614	-1
6.81378507614	-1
6.81378507614	-1
6.81378507614	-1
6.81378507614	-1
6.81378507614	-1
6.81378507614	-1
6.81378507614	-1
6.91478395462	-1
6.91478395462	-1
6.91478395462	-1
6.91478395462	-1
6.91478395462	-1
6.91478395462	-1
6.91478395462	-1
6.91478395462	-1
6.91478395462	-1
6.98742389679	-1
6.98742389679	-1
6.98742389679	-1
6.98742389679	-1
6.98742389679	-1
6.98742389679	-1
7.04340791702	-1
7.07259392738	-1
7.07259392738	-1
7.07259392738	-1
7.07259392738	-1
7.07259392738	-1
7.07259392738	-1
7.07259392738	-1
7.11091899872	-1
7.11091899872	-1
7.11091899872	-1
7.11091899872	-1
7.11091899872	-1
7.11091899872	-1
7.11091899872	-1
7.1118979454	1
7.18661403656	-1
7.18661403656	-1
7.18661403656	-1
7.18661403656	-1
7.18661403656	-1
7.18661403656	-1
7.18661403656	-1
7.18661403656	-1
7.22480893135	-1
7.2872209549	-1
7.28780007362	1
7.29810404778	-1
7.29810404778	-1
7.29810404778	-1
7.29810404778	-1
7.29810404778	-1
7.29810404778	-1
7.29810404778	-1
7.38286495209	-1
7.38286495209	-1
7.38286495209	-1
7.38286495209	-1
7.38286495209	-1
7.38286495209	-1
7.38286495209	-1
7.38286495209	-1
7.48861598969	-1
7.50290298462	-1
7.50290298462	-1
7.50290298462	-1
7.50290298462	-1
7.50290298462	-1
7.50290298462	-1
7.50290298462	-1
7.54188203812	-1
7.54188203812	-1
7.54188203812	-1
7.54188203812	-1
7.54188203812	-1
7.54188203812	-1
7.54188203812	-1
7.54188203812	-1
7.60433602333	1
7.74349188805	1
7.74349188805	1
7.93126702309	-1
8.07505893707	-1
8.07593202591	1
8.17609000206	1
8.92102003098	-1
9.0321290493	-1
9.0321290493	-1
9.0321290493	-1
9.0321290493	-1
9.0321290493	-1
9.0321290493	-1
9.0321290493	-1
9.0321290493	-1
9.15992498398	-1
9.15992498398	-1
9.17666506767	-1
9.17666506767	-1
9.17666506767	-1
9.17666506767	-1
9.36057186127	-1
9.58251690865	-1
9.68281388283	-1
10.4438509941	-1
10.5130698681	-1
10.5130698681	-1
10.5130698681	-1
10.5130698681	-1
10.6609230042	-1
10.7613699436	-1
10.7613699436	-1
10.7873709202	1
10.8094620705	1
10.8094620705	1
10.8094620705	1
10.8098380566	1
10.8098380566	1
10.8615548611	-1
10.8879220486	1
11.7854468822	-1
11.8890578747	-1
11.8890578747	-1
11.8890578747	-1
11.9226360321	-1
11.9226360321	-1
11.9226360321	-1
11.9226360321	-1
11.9226360321	-1
11.9226360321	-1
11.9226360321	-1
11.9554610252	-1
11.9554610252	-1
11.9554610252	-1
11.9554610252	-1
11.9554610252	-1
11.9554610252	-1
11.9554610252	-1
11.9890859127	-1
11.9890859127	-1
11.9890859127	-1
11.9890859127	-1
11.9890859127	-1
11.9890859127	-1
11.9890859127	-1
12.0353889465	-1
12.0584900379	-1
12.0584900379	-1
12.0584900379	-1
12.0584900379	-1
12.0584900379	-1
12.0584900379	-1
12.1358349323	-1
12.1805210114	-1
12.1805210114	-1
12.1805210114	-1
12.1805210114	-1
12.1805210114	-1
12.1805210114	-1
12.1805210114	-1
12.1805210114	-1
12.2205560207	-1
12.2205560207	-1
12.2205560207	-1
12.2205560207	-1
12.2205560207	-1
12.2205560207	-1
12.2205560207	-1
12.237074852	1
12.2574379444	-1
12.2574379444	-1
12.2574379444	-1
12.2574379444	-1
12.2574379444	-1
12.2574379444	-1
12.2574379444	-1
12.3309528828	-1
12.3309528828	-1
12.3309528828	-1
12.3309528828	-1
12.3309528828	-1
12.3309528828	-1
12.3309528828	-1
12.3309528828	-1
12.3371100426	1
12.432051897	-1
12.432051897	-1
12.432051897	-1
12.432051897	-1
12.432051897	-1
12.432051897	-1
12.432051897	-1
12.432051897	-1
12.432051897	-1
12.4635760784	-1
12.4635760784	-1
12.4635760784	-1
12.4635760784	-1
12.5294559002	-1
12.5294559002	-1
12.5647799969	-1
12.5647799969	-1
12.5647799969	-1
12.5647799969	-1
12.5647799969	-1
12.5647799969	-1
12.5647799969	-1
12.599449873	-1
12.599449873	-1
12.599449873	-1
12.599449873	-1
12.599449873	-1
12.599449873	-1
12.599449873	-1
12.6403169632	-1
12.6403169632	-1
12.6403169632	-1
12.6403169632	-1
12.6403169632	-1
12.6403169632	-1
12.6403169632	-1
12.7270569801	-1
12.7270569801	-1
12.7270569801	-1
12.7270569801	-1
12.7270569801	-1
12.7270569801	-1
12.7270569801	-1
12.7270569801	-1
12.7281558514	1
12.8462469578	-1
12.8462469578	-1
12.8462469578	-1
12.8462469578	-1
12.8462469578	-1
12.8462469578	-1
12.8462469578	-1
12.8462469578	-1
12.8462469578	-1
12.8880980015	-1
12.8880980015	-1
12.8880980015	-1
12.8880980015	-1
12.9561910629	-1
12.9561910629	-1
13.0252449512	-1
13.0252449512	-1
13.0252449512	-1
13.0252449512	-1
13.0252449512	-1
13.0252449512	-1
13.0252449512	-1
13.0858108997	1
13.9020159245	-1
13.9032280445	1
14.7683160305	-1
14.9156079292	-1
14.9156079292	-1
14.9156079292	-1
14.9156079292	-1
14.9156079292	-1
14.9156079292	-1
14.9156079292	-1
14.9156079292	-1
14.9509348869	-1
14.9509348869	-1
14.9509348869	-1
14.9509348869	-1
14.9509348869	-1
14.9509348869	-1
14.9509348869	-1
15.0478188992	-1
15.048940897	1
15.0678579807	-1
15.0678579807	-1
15.0678579807	-1
15.0678579807	-1
15.0678579807	-1
15.0678579807	-1
15.0678579807	-1
15.1092529297	-1
15.1092529297	-1
15.1092529297	-1
15.1092529297	-1
15.1092529297	-1
15.3581709862	-1
15.4227640629	-1
15.4227640629	-1
15.4227640629	-1
15.4227640629	-1
15.4873099327	1
15.5876739025	1
16.0319828987	-1
16.1843419075	-1
16.6088039875	-1
16.6488418579	1
16.7489578724	1
17.2967870235	-1
17.2973480225	1
17.7783050537	-1
17.9152400494	-1
17.9152400494	-1
21.2703180313	-1
