0.0	-1
0.000988006591797	1
0.135082006454	-1
0.269134998322	1
0.385687112808	-1
0.385702133179	1
0.58685708046	1
1.69484305382	-1
2.0958571434	-1
2.32161617279	-1
2.50946617126	-1
2.68009114265	-1
2.80540108681	-1
3.03460001945	-1
3.08226013184	-1
3.08226013184	-1
3.08226013184	-1
3.08226013184	-1
3.08226013184	-1
3.08226013184	-1
3.08226013184	-1
3.08226013184	-1
3.09043598175	-1
3.09043598175	-1
3.09043598175	-1
3.09043598175	-1
3.09043598175	-1
3.09043598175	-1
3.09043598175	-1
3.10718798637	1
3.19062805176	-1
3.19062805176	-1
3.30706715584	1
3.53722906113	-1
3.53827214241	1
3.53841495514	1
3.53841495514	1
3.53841495514	1
3.53841495514	1
3.74863004684	-1
3.7514770031	-1
3.7514770031	-1
3.7514770031	-1
3.7514770031	-1
3.7514770031	-1
3.7514770031	-1
3.75896215439	-1
3.75896215439	-1
3.75896215439	-1
3.75896215439	-1
3.75896215439	-1
3.75896215439	-1
3.75896215439	-1
3.75896215439	-1
3.76517605782	-1
3.76517605782	-1
3.76517605782	-1
3.76517605782	-1
3.76517605782	-1
3.76517605782	-1
3.76517605782	-1
3.76517605782	-1
3.77072405815	-1
3.77072405815	-1
3.77072405815	-1
3.77072405815	-1
3.77072405815	-1
3.77072405815	-1
3.77072405815	-1
3.8386220932	-1
3.8395011425	1
3.8445110321	-1
3.8445110321	-1
3.8445110321	-1
3.8445110321	-1
3.8445110321	-1
3.8445110321	-1
3.8445110321	-1
3.85987997055	-1
3.85987997055	-1
3.85987997055	-1
3.85987997055	-1
3.85987997055	-1
3.85987997055	-1
3.85987997055	-1
3.86743211746	-1
3.86743211746	-1
3.86743211746	-1
3.86743211746	-1
3.86743211746	-1
3.86743211746	-1
3.86743211746	-1
3.86843895912	-1
3.8870651722	-1
3.8870651722	-1
3.8870651722	-1
3.8870651722	-1
3.8870651722	-1
3.8870651722	-1
3.8870651722	-1
3.8870651722	-1
3.94842100143	-1
3.94842100143	-1
3.94842100143	-1
3.94842100143	-1
3.94842100143	-1
3.94842100143	-1
3.94842100143	-1
3.94846200943	1
3.96275401115	-1
3.98601818085	-1
3.98601818085	-1
3.98601818085	-1
3.98601818085	-1
4.07731199265	-1
4.07731199265	-1
4.07731199265	-1
4.07731199265	-1
4.07731199265	-1
4.07731199265	-1
4.07731199265	-1
4.07731199265	-1
4.08136606216	-1
4.08136606216	-1
4.08136606216	-1
4.08136606216	-1
4.08136606216	-1
4.08136606216	-1
4.08136606216	-1
4.08597397804	-1
4.08597397804	-1
4.08597397804	-1
4.08597397804	-1
4.08597397804	-1
4.08597397804	-1
4.08597397804	-1
4.0925681591	-1
4.09600806236	-1
4.09600806236	-1
4.09600806236	-1
4.09600806236	-1
4.09600806236	-1
4.19098806381	-1
4.19171714783	1
4.20159602165	-1
4.20159602165	-1
4.20159602165	-1
4.20159602165	-1
4.20159602165	-1
4.20159602165	-1
4.20159602165	-1
4.29574298859	-1
4.33812618256	1
4.33812618256	1
4.33812618256	1
4.34100818634	1
4.34100818634	1
4.34100818634	1
4.34118103981	1
4.34118103981	1
4.34118103981	1
4.39700317383	-1
4.78329014778	-1
4.93467211723	-1
4.93467211723	-1
4.93467211723	-1
4.9485771656	-1
4.9485771656	-1
4.95400309563	-1
4.95400309563	-1
4.95400309563	-1
4.95400309563	-1
4.95400309563	-1
4.95400309563	-1
4.95874404907	-1
4.95874404907	-1
4.95874404907	-1
4.95874404907	-1
4.95874404907	-1
4.95874404907	-1
4.95874404907	-1
4.96311497688	-1
4.96416115761	1
4.97160816193	1
4.97160816193	1
4.97160816193	1
4.97872114182	-1
4.97872114182	-1
4.97872114182	-1
5.02312898636	-1
5.02312898636	-1
5.02312898636	-1
5.02312898636	-1
5.02312898636	-1
5.02312898636	-1
5.02312898636	-1
5.02312898636	-1
5.03342795372	-1
5.03342795372	-1
5.03342795372	-1
5.03342795372	-1
5.03342795372	-1
5.03342795372	-1
5.03342795372	-1
5.03342795372	-1
5.03551006317	-1
5.03551006317	-1
5.03551006317	-1
5.03551006317	-1
5.05622696877	-1
5.05662417412	-1
5.05662417412	-1
5.05662417412	-1
5.05662417412	-1
5.05662417412	-1
5.05662417412	-1
5.05718398094	1
5.05718398094	1
5.05718398094	1
5.05823016167	-1
5.05823016167	-1
5.05823016167	-1
5.05823016167	-1
5.05823016167	-1
5.05823016167	-1
5.05823016167	-1
5.05823016167	-1
5.08381915092	-1
5.08381915092	-1
5.08381915092	-1
5.08381915092	-1
5.08381915092	-1
5.08381915092	-1
5.08381915092	-1
5.08381915092	-1
5.08381915092	-1
5.10075116158	-1
5.10075116158	-1
5.10075116158	-1
5.10075116158	-1
5.10075116158	-1
5.10075116158	-1
5.10075116158	-1
5.10075116158	-1
5.12009716034	-1
5.12009716034	-1
5.12069606781	-1
5.12069606781	-1
5.12069606781	-1
5.12069606781	-1
5.12069606781	-1
5.12069606781	-1
5.13399815559	-1
5.13399815559	-1
5.13399815559	-1
5.13399815559	-1
5.13399815559	-1
5.1886780262	-1
5.19896817207	-1
5.19896817207	-1
5.19896817207	-1
5.19896817207	-1
5.19896817207	-1
5.19896817207	-1
5.19896817207	-1
5.19896817207	-1
5.19993805885	-1
5.19993805885	-1
5.19993805885	-1
5.19993805885	-1
5.19993805885	-1
5.19993805885	-1
5.19993805885	-1
5.2006289959	-1
5.2006289959	-1
5.2006289959	-1
5.2006289959	-1
5.2006289959	-1
5.2006289959	-1
5.2006289959	-1
5.20173406601	1
5.20991206169	-1
5.20991206169	-1
5.20991206169	-1
5.21056199074	-1
5.21056199074	-1
5.21056199074	-1
5.21056199074	-1
5.21056199074	-1
5.21056199074	-1
5.22831106186	-1
5.22831106186	-1
5.22831106186	-1
5.22831106186	-1
5.22831106186	-1
5.22831106186	-1
5.22831106186	-1
5.22927999496	-1
5.22927999496	-1
5.22927999496	-1
5.22927999496	-1
5.22927999496	-1
5.22927999496	-1
5.22927999496	-1
5.22927999496	-1
5.22964715958	-1
5.24350905418	-1
5.24350905418	-1
5.24350905418	-1
5.24350905418	-1
5.24350905418	-1
5.24350905418	-1
5.24350905418	-1
5.24350905418	-1
5.24385905266	-1
5.24385905266	-1
5.24385905266	-1
5.24385905266	-1
5.24385905266	-1
5.24385905266	-1
5.24385905266	-1
5.2454199791	-1
5.28028202057	-1
5.28028202057	-1
5.28028202057	-1
5.28028202057	-1
5.28028202057	-1
5.28028202057	-1
5.28028202057	-1
5.28028202057	-1
5.28260111809	-1
5.28260111809	-1
5.28260111809	-1
5.28260111809	-1
5.28260111809	-1
5.28260111809	-1
5.28260111809	-1
5.29173612595	-1
5.29273796082	-1
5.29273796082	-1
5.29273796082	-1
5.29273796082	-1
5.29273796082	-1
5.29273796082	-1
5.29273796082	-1
5.29423213005	-1
5.29503107071	-1
5.29503107071	-1
5.29503107071	-1
5.29503107071	-1
5.29503107071	-1
5.29503107071	-1
5.29503107071	-1
5.29586315155	-1
5.31340312958	-1
5.31340312958	-1
5.31340312958	-1
5.31340312958	-1
5.31340312958	-1
5.31340312958	-1
5.31340312958	-1
5.31340312958	-1
5.31343603134	1
5.31343603134	1
5.32764101028	-1
5.32764101028	-1
5.32764101028	-1
5.32764101028	-1
5.32764101028	-1
5.32764101028	-1
5.32764101028	-1
5.3574681282	-1
5.35893297195	-1
5.35893297195	-1
5.35893297195	-1
5.35893297195	-1
5.35893297195	-1
5.35893297195	-1
5.35893297195	-1
5.35893297195	-1
5.36001801491	-1
5.36001801491	-1
5.36001801491	-1
5.36001801491	-1
5.36001801491	-1
5.36001801491	-1
5.36001801491	-1
5.36001801491	-1
5.36018800735	-1
5.37112498283	-1
5.37112498283	-1
5.37112498283	-1
5.37112498283	-1
5.37112498283	-1
5.37112498283	-1
5.37112498283	-1
5.37112498283	-1
5.37152314186	-1
5.37152314186	-1
5.37152314186	-1
5.37152314186	-1
5.37152314186	-1
5.37152314186	-1
5.37152314186	-1
5.37171506882	-1
5.39576911926	-1
5.39576911926	-1
5.39576911926	-1
5.39576911926	-1
5.39576911926	-1
5.39576911926	-1
5.39576911926	-1
5.39624404907	-1
5.41083097458	-1
5.41083097458	-1
5.41083097458	-1
5.41083097458	-1
5.41083097458	-1
5.41083097458	-1
5.41083097458	-1
5.41424298286	-1
5.43155002594	-1
5.43155002594	-1
5.43155002594	-1
5.43155002594	-1
5.43155002594	-1
5.43155002594	-1
5.43155002594	-1
5.43155002594	-1
5.4315700531	1
5.4315700531	1
5.43882203102	-1
5.43882203102	-1
5.43882203102	-1
5.43882203102	-1
5.43882203102	-1
5.43882203102	-1
5.43882203102	-1
5.43912696838	-1
5.43912696838	-1
5.43912696838	-1
5.43912696838	-1
5.43912696838	-1
5.43912696838	-1
5.43912696838	-1
5.43952798843	-1
5.43952798843	-1
5.45761203766	-1
5.45761203766	-1
5.45761203766	-1
5.45761203766	-1
5.45761203766	-1
5.45761203766	-1
5.45761203766	-1
5.45761203766	-1
5.45850014687	-1
5.45850014687	-1
5.45850014687	-1
5.45850014687	-1
5.45850014687	-1
5.45850014687	-1
5.45850014687	-1
5.4863049984	-1
5.4863049984	-1
5.48764801025	-1
5.48764801025	-1
5.48764801025	-1
5.48764801025	-1
5.48764801025	-1
5.48764801025	-1
5.48764801025	-1
5.48764801025	-1
5.48764801025	-1
5.48800611496	-1
5.48800611496	-1
5.48800611496	-1
5.48800611496	-1
5.50554418564	-1
5.50554418564	-1
5.50554418564	-1
5.50610995293	-1
5.50610995293	-1
5.50610995293	-1
5.50610995293	-1
5.50610995293	-1
5.50610995293	-1
5.52535700798	-1
5.52535700798	-1
5.52552318573	-1
5.52552318573	-1
5.52552318573	-1
5.52552318573	-1
5.52552318573	-1
5.52552318573	-1
5.52552318573	-1
5.54851198196	-1
5.54855203629	1
5.54855203629	1
5.55999708176	-1
5.55999708176	-1
5.55999708176	-1
5.56167697906	1
5.56167697906	1
5.56167697906	1
5.77842617035	-1
5.77847695351	1
5.77847695351	1
5.8868060112	-1
6.0320930481	-1
6.33862709999	-1
6.42881202698	-1
6.42881202698	-1
6.42881202698	-1
6.68252110481	1
6.87019515038	-1
6.87023806572	1
6.93742513657	-1
6.93742513657	-1
6.93742513657	-1
6.93742513657	-1
7.07791495323	1
7.27675104141	1
8.35292816162	-1
8.50037097931	-1
8.63428211212	-1
8.65773010254	-1
8.65773010254	-1
8.65773010254	-1
8.65773010254	-1
8.65773010254	-1
8.65773010254	-1
8.65773010254	-1
8.66522407532	-1
8.66552209854	1
8.7426211834	-1
8.7426211834	-1
8.7426211834	-1
8.7426211834	-1
8.7426211834	-1
8.7426211834	-1
8.7426211834	-1
8.7426211834	-1
8.76615810394	-1
8.76615810394	-1
8.76615810394	-1
8.76615810394	-1
8.76615810394	-1
8.76615810394	-1
8.76615810394	-1
8.77351617813	-1
8.77351617813	-1
8.77362203598	-1
8.77362203598	-1
8.77362203598	-1
8.77362203598	-1
8.77362203598	-1
8.77362203598	-1
8.98275113106	-1
9.02195501328	1
9.22653412819	1
9.5909011364	-1
9.63161706924	-1
9.63161706924	-1
9.63161706924	-1
9.63161706924	-1
9.63161706924	-1
9.63161706924	-1
9.63161706924	-1
9.63161706924	-1
9.64412903786	-1
9.64412903786	-1
9.64412903786	-1
9.64412903786	-1
9.64412903786	-1
9.64412903786	-1
9.64412903786	-1
9.64412903786	-1
9.65003800392	-1
9.65102696419	-1
9.65102696419	-1
9.65102696419	-1
9.65102696419	-1
9.65102696419	-1
9.65102696419	-1
9.70781898499	-1
9.70781898499	-1
9.70984315872	-1
9.70984315872	-1
9.70984315872	-1
9.70984315872	-1
9.70984315872	-1
9.70984315872	-1
9.71709108353	-1
9.71709108353	-1
9.71740198135	-1
9.71740198135	-1
9.71740198135	-1
9.71740198135	-1
9.71740198135	-1
9.71740198135	-1
9.71740198135	-1
9.71946501732	-1
9.71946501732	-1
9.71946501732	-1
9.71946501732	-1
9.71946501732	-1
9.71946501732	-1
9.71946501732	-1
9.72054004669	1
9.74003601074	-1
9.74003601074	-1
9.74003601074	-1
9.74003601074	-1
9.74003601074	-1
9.74003601074	-1
9.74003601074	-1
9.74003601074	-1
9.76585006714	-1
9.76585006714	-1
9.76756906509	-1
9.76756906509	-1
9.76756906509	-1
9.76756906509	-1
9.76756906509	-1
9.76756906509	-1
9.78534603119	-1
9.78534603119	-1
9.78534603119	-1
9.78799796104	-1
9.78799796104	-1
9.78799796104	-1
9.78799796104	-1
9.78799796104	-1
9.78799796104	-1
9.79083514214	-1
9.79318809509	-1
9.79318809509	-1
9.79318809509	-1
9.79318809509	-1
9.79318809509	-1
9.79318809509	-1
9.79318809509	-1
9.79686808586	-1
9.80003905296	-1
9.80003905296	-1
9.80003905296	-1
9.80003905296	-1
9.80003905296	-1
9.80003905296	-1
9.80003905296	-1
9.81639504433	-1
9.81639504433	-1
9.81639504433	-1
9.81639504433	-1
9.81639504433	-1
9.81639504433	-1
9.81639504433	-1
9.81639504433	-1
9.82294416428	-1
9.82294416428	-1
9.82425498962	-1
9.82425498962	-1
9.82425498962	-1
9.82425498962	-1
9.82425498962	-1
9.82425498962	-1
9.82425498962	-1
9.83459806442	-1
9.83463096619	1
9.83463096619	1
9.83582901955	-1
9.83582901955	-1
9.83582901955	-1
9.83582901955	-1
9.83582901955	-1
9.83582901955	-1
9.83755397797	-1
9.83755397797	-1
9.83755397797	-1
9.83755397797	-1
9.83755397797	-1
9.94651603699	1
10.146559	1
11.5239050388	-1
12.6402010918	-1
12.6549940109	-1
12.6549940109	-1
12.6549940109	-1
12.6549940109	-1
12.6549940109	-1
12.6549940109	-1
12.6549940109	-1
12.7487280369	-1
12.7487280369	-1
12.7487280369	-1
12.7487280369	-1
12.7487280369	-1
12.7487280369	-1
12.7487280369	-1
12.7637851238	-1
12.7637851238	-1
12.7637851238	-1
12.7637851238	-1
12.7637851238	-1
12.7637851238	-1
12.7637851238	-1
12.7637851238	-1
12.8572349548	-1
12.8572349548	-1
12.8572349548	-1
12.8719201088	-1
12.8719201088	-1
12.8719201088	-1
12.8719201088	-1
12.8719201088	-1
12.8719201088	-1
12.8719201088	-1
12.981276989	1
13.0192961693	1
13.0192961693	1
13.0192961693	1
15.4330770969	-1
15.4340221882	1
15.544686079	-1
15.854501009	-1
15.9753479958	-1
16.0836560726	-1
18.3668031693	-1
