0.0	-1
0.0	-1
0.00100898742676	1
0.0928440093994	1
0.183851957321	-1
0.184616088867	1
0.270191907883	-1
0.270241975784	1
0.375286102295	-1
0.382393121719	-1
0.382393121719	-1
0.382393121719	-1
0.382393121719	-1
0.382393121719	-1
0.382393121719	-1
0.382393121719	-1
0.382393121719	-1
0.382622003555	-1
0.382622003555	-1
0.382622003555	-1
0.382622003555	-1
0.382622003555	-1
0.382622003555	-1
0.382622003555	-1
0.382622003555	-1
0.382988929749	-1
0.382988929749	-1
0.382988929749	-1
0.382988929749	-1
0.382988929749	-1
0.382988929749	-1
0.382988929749	-1
0.382988929749	-1
0.390773057938	-1
0.390773057938	-1
0.390773057938	-1
0.390773057938	-1
0.390773057938	-1
0.390773057938	-1
0.390773057938	-1
0.390773057938	-1
0.43848490715	-1
0.43848490715	-1
0.43848490715	-1
0.43848490715	-1
0.43848490715	-1
0.43848490715	-1
0.43848490715	-1
0.438853025436	-1
0.438853025436	-1
0.438853025436	-1
0.438853025436	-1
0.438853025436	-1
0.438853025436	-1
0.438853025436	-1
0.438853025436	-1
0.446681022644	-1
0.446681022644	-1
0.446681022644	-1
0.446681022644	-1
0.446681022644	-1
0.446681022644	-1
0.446681022644	-1
0.446681022644	-1
0.446804046631	-1
0.446804046631	-1
0.446804046631	-1
0.446804046631	-1
0.446804046631	-1
0.446804046631	-1
0.446804046631	-1
0.446804046631	-1
0.447252035141	-1
0.447252035141	-1
0.447252035141	-1
0.447252035141	-1
0.447252035141	-1
0.447252035141	-1
0.447252035141	-1
0.447252035141	-1
0.448458909988	1
0.494859933853	-1
0.494859933853	-1
0.494859933853	-1
0.494859933853	-1
0.494859933853	-1
0.494859933853	-1
0.494859933853	-1
0.494859933853	-1
0.49521112442	-1
0.49521112442	-1
0.49521112442	-1
0.49521112442	-1
0.49521112442	-1
0.49521112442	-1
0.49521112442	-1
0.49521112442	-1
0.495580911636	-1
0.495580911636	-1
0.495580911636	-1
0.495580911636	-1
0.495580911636	-1
0.495580911636	-1
0.495580911636	-1
0.495580911636	-1
0.502239942551	-1
0.502239942551	-1
0.502239942551	-1
0.502239942551	-1
0.502239942551	-1
0.502239942551	-1
0.502239942551	-1
0.502665042877	-1
0.502665042877	-1
0.502665042877	-1
0.502665042877	-1
0.502665042877	-1
0.502665042877	-1
0.502665042877	-1
0.502665042877	-1
0.503739118576	1
0.515064001083	-1
0.515064001083	-1
0.515064001083	-1
0.515064001083	-1
0.515064001083	-1
0.515064001083	-1
0.515064001083	-1
0.515064001083	-1
0.515299081802	-1
0.515299081802	-1
0.515299081802	-1
0.515299081802	-1
0.515299081802	-1
0.515299081802	-1
0.515299081802	-1
0.515299081802	-1
0.515670061111	-1
0.515670061111	-1
0.515670061111	-1
0.515670061111	-1
0.515670061111	-1
0.515670061111	-1
0.515670061111	-1
0.515670061111	-1
0.55099606514	-1
0.55099606514	-1
0.55099606514	-1
0.55099606514	-1
0.55099606514	-1
0.55099606514	-1
0.55099606514	-1
0.55099606514	-1
0.551363945007	-1
0.551363945007	-1
0.551363945007	-1
0.551363945007	-1
0.551363945007	-1
0.551363945007	-1
0.551363945007	-1
0.551363945007	-1
0.557934999466	-1
0.557934999466	-1
0.557934999466	-1
0.557934999466	-1
0.557934999466	-1
0.557934999466	-1
0.557934999466	-1
0.557934999466	-1
0.570631980896	-1
0.570631980896	-1
0.570631980896	-1
0.570631980896	-1
0.570631980896	-1
0.570631980896	-1
0.570631980896	-1
0.570677042007	1
0.570677042007	1
0.570861101151	-1
0.570861101151	-1
0.570861101151	-1
0.570861101151	-1
0.570861101151	-1
0.570861101151	-1
0.570861101151	-1
0.570861101151	-1
0.571228027344	-1
0.571228027344	-1
0.571228027344	-1
0.571228027344	-1
0.571228027344	-1
0.571228027344	-1
0.571228027344	-1
0.571228027344	-1
0.571597099304	-1
0.571597099304	-1
0.571597099304	-1
0.571597099304	-1
0.571597099304	-1
0.571597099304	-1
0.571597099304	-1
0.571597099304	-1
0.589699983597	-1
0.589699983597	-1
0.589699983597	-1
0.589699983597	-1
0.589699983597	-1
0.589699983597	-1
0.589699983597	-1
0.589699983597	-1
0.590049028397	-1
0.590049028397	-1
0.590049028397	-1
0.590049028397	-1
0.590049028397	-1
0.590049028397	-1
0.590049028397	-1
0.590049028397	-1
0.590416908264	-1
0.590416908264	-1
0.590416908264	-1
0.590416908264	-1
0.590416908264	-1
0.590416908264	-1
0.590416908264	-1
0.590416908264	-1
0.607428073883	-1
0.607428073883	-1
0.607428073883	-1
0.607428073883	-1
0.607428073883	-1
0.607428073883	-1
0.607428073883	-1
0.607428073883	-1
0.607760906219	-1
0.607760906219	-1
0.607760906219	-1
0.607760906219	-1
0.607760906219	-1
0.607760906219	-1
0.607760906219	-1
0.60812997818	-1
0.60812997818	-1
0.60812997818	-1
0.60812997818	-1
0.60812997818	-1
0.60812997818	-1
0.60812997818	-1
0.60812997818	-1
0.608428955078	-1
0.608428955078	-1
0.608428955078	-1
0.608428955078	-1
0.608428955078	-1
0.608428955078	-1
0.608428955078	-1
0.608428955078	-1
0.626457929611	1
0.626457929611	1
0.626482963562	-1
0.626482963562	-1
0.626482963562	-1
0.626482963562	-1
0.626482963562	-1
0.626482963562	-1
0.626482963562	-1
0.626482963562	-1
0.626888990402	-1
0.626888990402	-1
0.626888990402	-1
0.626888990402	-1
0.626888990402	-1
0.626888990402	-1
0.626888990402	-1
0.626888990402	-1
0.627257108688	-1
0.627257108688	-1
0.627257108688	-1
0.627257108688	-1
0.627257108688	-1
0.627257108688	-1
0.627257108688	-1
0.627257108688	-1
0.640345096588	-1
0.640345096588	-1
0.640345096588	-1
0.640345096588	-1
0.640345096588	-1
0.640345096588	-1
0.640345096588	-1
0.640345096588	-1
0.64058804512	-1
0.64058804512	-1
0.64058804512	-1
0.64058804512	-1
0.64058804512	-1
0.64058804512	-1
0.64058804512	-1
0.64058804512	-1
0.640888929367	-1
0.640888929367	-1
0.640888929367	-1
0.640888929367	-1
0.640888929367	-1
0.640888929367	-1
0.640888929367	-1
0.6413230896	-1
0.6413230896	-1
0.6413230896	-1
0.6413230896	-1
0.6413230896	-1
0.6413230896	-1
0.6413230896	-1
0.6413230896	-1
0.641694068909	-1
0.641694068909	-1
0.641694068909	-1
0.641694068909	-1
0.641694068909	-1
0.641694068909	-1
0.641694068909	-1
0.641694068909	-1
0.643147945404	1
0.643147945404	1
0.643147945404	1
0.654200077057	-1
0.654200077057	-1
0.654200077057	-1
0.654200077057	-1
0.654200077057	-1
0.654200077057	-1
0.654200077057	-1
0.654200077057	-1
0.654658079147	-1
0.654658079147	-1
0.654658079147	-1
0.654658079147	-1
0.654658079147	-1
0.654658079147	-1
0.654658079147	-1
0.654658079147	-1
0.655025959015	-1
0.655025959015	-1
0.655025959015	-1
0.655025959015	-1
0.655025959015	-1
0.655025959015	-1
0.655025959015	-1
0.655025959015	-1
0.655395030975	-1
0.655395030975	-1
0.655395030975	-1
0.655395030975	-1
0.655395030975	-1
0.655395030975	-1
0.655395030975	-1
0.655395030975	-1
0.664222002029	-1
0.664222002029	-1
0.664222002029	-1
0.664222002029	-1
0.664222002029	-1
0.664222002029	-1
0.664222002029	-1
0.664222002029	-1
0.664494037628	-1
0.664494037628	-1
0.664494037628	-1
0.664494037628	-1
0.664494037628	-1
0.664494037628	-1
0.664494037628	-1
0.664957046509	-1
0.664957046509	-1
0.664957046509	-1
0.664957046509	-1
0.664957046509	-1
0.664957046509	-1
0.664957046509	-1
0.664957046509	-1
0.665230035782	-1
0.665230035782	-1
0.665230035782	-1
0.665230035782	-1
0.665230035782	-1
0.665230035782	-1
0.665230035782	-1
0.665230035782	-1
0.665695905685	-1
0.665695905685	-1
0.665695905685	-1
0.665695905685	-1
0.665695905685	-1
0.665695905685	-1
0.665695905685	-1
0.665695905685	-1
0.674356937408	-1
0.674356937408	-1
0.674356937408	-1
0.674356937408	-1
0.674356937408	-1
0.674356937408	-1
0.674356937408	-1
0.674356937408	-1
0.694473028183	-1
0.694473028183	-1
0.694473028183	-1
0.694473028183	-1
0.694473028183	-1
0.694473028183	-1
0.694473028183	-1
0.694473028183	-1
0.694513082504	1
0.694844007492	-1
0.694844007492	-1
0.694844007492	-1
0.694844007492	-1
0.694844007492	-1
0.694844007492	-1
0.694844007492	-1
0.694844007492	-1
0.695307016373	-1
0.695307016373	-1
0.695307016373	-1
0.695307016373	-1
0.695307016373	-1
0.695307016373	-1
0.695307016373	-1
0.695307016373	-1
0.695676088333	-1
0.695676088333	-1
0.695676088333	-1
0.695676088333	-1
0.695676088333	-1
0.695676088333	-1
0.695676088333	-1
0.695945978165	-1
0.695945978165	-1
0.695945978165	-1
0.695945978165	-1
0.695945978165	-1
0.695945978165	-1
0.695945978165	-1
0.695945978165	-1
0.709828138351	-1
0.709828138351	-1
0.709828138351	-1
0.709828138351	-1
0.709828138351	-1
0.709828138351	-1
0.709828138351	-1
0.709828138351	-1
0.710072040558	-1
0.710072040558	-1
0.710072040558	-1
0.710072040558	-1
0.710072040558	-1
0.710072040558	-1
0.710072040558	-1
0.710072040558	-1
0.710361003876	-1
0.710361003876	-1
0.710361003876	-1
0.710361003876	-1
0.710361003876	-1
0.710361003876	-1
0.710361003876	-1
0.710811138153	-1
0.710811138153	-1
0.710811138153	-1
0.710811138153	-1
0.710811138153	-1
0.710811138153	-1
0.710811138153	-1
0.710811138153	-1
0.711179018021	-1
0.711179018021	-1
0.711179018021	-1
0.711179018021	-1
0.711179018021	-1
0.711179018021	-1
0.711179018021	-1
0.711179018021	-1
0.711548089981	-1
0.711548089981	-1
0.711548089981	-1
0.711548089981	-1
0.711548089981	-1
0.711548089981	-1
0.711548089981	-1
0.711548089981	-1
0.711915969849	-1
0.711915969849	-1
0.711915969849	-1
0.711915969849	-1
0.711915969849	-1
0.711915969849	-1
0.711915969849	-1
0.712490081787	1
0.712490081787	1
0.712490081787	1
0.719841957092	-1
0.719841957092	-1
0.719841957092	-1
0.719841957092	-1
0.719841957092	-1
0.719841957092	-1
0.719841957092	-1
0.719841957092	-1
0.720086097717	-1
0.720086097717	-1
0.720086097717	-1
0.720086097717	-1
0.720086097717	-1
0.720086097717	-1
0.720086097717	-1
0.720086097717	-1
0.720360040665	-1
0.720360040665	-1
0.720360040665	-1
0.720360040665	-1
0.720360040665	-1
0.720360040665	-1
0.720360040665	-1
0.720360040665	-1
0.721394062042	-1
0.722074985504	1
0.722074985504	1
0.760119915009	-1
0.760119915009	-1
0.760119915009	-1
0.760119915009	-1
0.760119915009	-1
0.760119915009	-1
0.760119915009	-1
0.760349988937	-1
0.760349988937	-1
0.760349988937	-1
0.760349988937	-1
0.760349988937	-1
0.760349988937	-1
0.760349988937	-1
0.760349988937	-1
0.760620117188	-1
0.760620117188	-1
0.760620117188	-1
0.760620117188	-1
0.760620117188	-1
0.760620117188	-1
0.760620117188	-1
0.760620117188	-1
0.761084079742	-1
0.761084079742	-1
0.761084079742	-1
0.761084079742	-1
0.761084079742	-1
0.761084079742	-1
0.761084079742	-1
0.761084079742	-1
0.776667118073	-1
0.779638051987	-1
0.779638051987	-1
0.779638051987	-1
0.779638051987	-1
0.779638051987	-1
0.779638051987	-1
0.779638051987	-1
0.779638051987	-1
0.779865026474	-1
0.779865026474	-1
0.779865026474	-1
0.779865026474	-1
0.779865026474	-1
0.779865026474	-1
0.779865026474	-1
0.779865026474	-1
0.780232906342	-1
0.780232906342	-1
0.780232906342	-1
0.780232906342	-1
0.780232906342	-1
0.780232906342	-1
0.780232906342	-1
0.780232906342	-1
0.780601978302	-1
0.780601978302	-1
0.780601978302	-1
0.780601978302	-1
0.780601978302	-1
0.780601978302	-1
0.780601978302	-1
0.780601978302	-1
0.796621084213	-1
0.796621084213	-1
0.796621084213	-1
0.796621084213	-1
0.796621084213	-1
0.796621084213	-1
0.796621084213	-1
0.796962976456	-1
0.796962976456	-1
0.796962976456	-1
0.796962976456	-1
0.796962976456	-1
0.796962976456	-1
0.796962976456	-1
0.796962976456	-1
0.79723405838	-1
0.79723405838	-1
0.79723405838	-1
0.79723405838	-1
0.79723405838	-1
0.79723405838	-1
0.79723405838	-1
0.79723405838	-1
0.797478914261	-1
0.797478914261	-1
0.797478914261	-1
0.797478914261	-1
0.797478914261	-1
0.797478914261	-1
0.797478914261	-1
0.797478914261	-1
0.799016952515	1
0.799016952515	1
0.799016952515	1
0.815619945526	-1
0.815619945526	-1
0.815619945526	-1
0.815619945526	-1
0.815619945526	-1
0.815619945526	-1
0.815619945526	-1
0.815619945526	-1
0.815968036652	-1
0.815968036652	-1
0.815968036652	-1
0.815968036652	-1
0.815968036652	-1
0.815968036652	-1
0.815968036652	-1
0.815968036652	-1
0.816337108612	-1
0.816337108612	-1
0.816337108612	-1
0.816337108612	-1
0.816337108612	-1
0.816337108612	-1
0.816337108612	-1
0.816337108612	-1
0.81670498848	-1
0.81670498848	-1
0.81670498848	-1
0.81670498848	-1
0.81670498848	-1
0.81670498848	-1
0.81670498848	-1
0.81670498848	-1
0.83443903923	-1
0.83443903923	-1
0.83443903923	-1
0.83443903923	-1
0.83443903923	-1
0.83443903923	-1
0.83443903923	-1
0.834787130356	-1
0.834787130356	-1
0.834787130356	-1
0.834787130356	-1
0.834787130356	-1
0.834787130356	-1
0.834787130356	-1
0.834787130356	-1
0.835155963898	-1
0.835155963898	-1
0.835155963898	-1
0.835155963898	-1
0.835155963898	-1
0.835155963898	-1
0.835155963898	-1
0.835155963898	-1
0.835402011871	-1
0.835402011871	-1
0.835402011871	-1
0.835402011871	-1
0.835402011871	-1
0.835402011871	-1
0.835402011871	-1
0.835402011871	-1
0.855266094208	-1
0.855266094208	-1
0.855266094208	-1
0.855266094208	-1
0.855266094208	-1
0.855266094208	-1
0.906888961792	1
