0.0	1
0.0	1
0.0735809803009	1
0.236937046051	1
0.310538053513	1
0.740066051483	-1
0.740066051483	-1
1.30420994759	-1
1.30521202087	1
1.31568598747	1
1.31568598747	1
1.37923407555	1
1.56612801552	-1
2.08715605736	-1
2.29312992096	-1
2.2934589386	-1
2.2934589386	-1
2.2934589386	-1
2.2934589386	-1
2.2934589386	-1
2.2934589386	-1
2.2934589386	-1
2.29370498657	-1
2.29370498657	-1
2.29370498657	-1
2.29370498657	-1
2.29370498657	-1
2.29370498657	-1
2.29370498657	-1
2.32378005981	1
2.36329603195	-1
2.36329603195	-1
2.36329603195	-1
2.36329603195	-1
2.36329603195	-1
2.36329603195	-1
2.36329603195	-1
2.36838006973	-1
2.39736413956	1
3.07186794281	-1
3.0726339817	1
3.27153897285	-1
3.2718269825	-1
3.2718269825	-1
3.2718269825	-1
3.2718269825	-1
3.2718269825	-1
3.2718269825	-1
3.3422729969	-1
3.3422729969	-1
3.3422729969	-1
3.3422729969	-1
3.3422729969	-1
3.3455889225	-1
3.79069709778	-1
3.79069709778	-1
3.79069709778	-1
3.79069709778	-1
3.86451101303	-1
3.8652369976	1
3.93886995316	1
3.93886995316	1
3.98172307014	1
3.98172307014	1
3.98172307014	1
3.99326205254	1
3.99326205254	1
3.9939789772	1
3.9939789772	1
4.01259207726	1
4.57929897308	-1
4.69312310219	-1
4.69333314896	-1
4.69333314896	-1
4.69333314896	-1
4.69333314896	-1
4.70444393158	-1
4.7044980526	-1
4.7044980526	-1
4.7044980526	-1
4.7044980526	-1
4.7044980526	-1
4.7044980526	-1
4.75195097923	-1
4.75195097923	-1
4.75195097923	-1
4.75195097923	-1
4.75195097923	-1
4.75195097923	-1
4.75195097923	-1
4.75195097923	-1
4.76684808731	-1
4.80238008499	-1
4.80238008499	-1
4.80238008499	-1
4.80238008499	-1
4.80238008499	-1
4.80238008499	-1
4.80238008499	-1
4.81429696083	-1
4.81434798241	-1
4.81434798241	-1
4.81434798241	-1
4.81434798241	-1
4.81434798241	-1
4.81434798241	-1
4.81434798241	-1
4.8257651329	-1
4.82581210136	-1
4.82581210136	-1
4.82581210136	-1
4.82581210136	-1
4.82581210136	-1
4.82581210136	-1
4.82581210136	-1
4.82611608505	-1
4.82623910904	-1
4.82623910904	-1
4.82623910904	-1
4.82623910904	-1
4.82685303688	1
4.84060692787	-1
4.87623000145	-1
4.87623000145	-1
4.87623000145	-1
4.87623000145	-1
4.87623000145	-1
4.87623000145	-1
4.90207314491	1
4.91442704201	-1
4.91442704201	-1
4.91442704201	-1
4.91442704201	-1
4.91442704201	-1
4.91442704201	-1
4.91442704201	-1
4.91442704201	-1
4.91478395462	-1
4.91478395462	-1
4.91478395462	-1
4.91478395462	-1
4.91478395462	-1
4.91478395462	-1
4.91478395462	-1
4.91502904892	-1
4.91515207291	-1
4.91515207291	-1
4.91515207291	-1
4.91515207291	-1
4.91515207291	-1
4.91515207291	-1
4.91515207291	-1
4.95005607605	-1
4.96172213554	1
4.96172213554	1
4.96731805801	-1
4.96731805801	-1
4.96731805801	-1
4.96731805801	-1
4.96731805801	-1
4.96731805801	-1
4.96731805801	-1
5.01449799538	1
5.03587698936	-1
5.03633213043	-1
5.03633213043	-1
5.11072897911	-1
5.1174249649	1
5.5401570797	-1
5.71005105972	-1
5.71032309532	-1
5.71032309532	-1
5.71032309532	-1
5.71032309532	-1
5.71032309532	-1
5.71032309532	-1
5.76907515526	-1
5.76907515526	-1
5.76907515526	-1
5.77774810791	1
5.78383898735	-1
5.85137605667	1
5.85137605667	1
5.99263906479	-1
5.99387192726	1
6.06752896309	1
6.23742103577	1
6.57630610466	-1
6.57752013206	1
6.77229595184	-1
6.77269911766	-1
6.77269911766	-1
6.77269911766	-1
6.77269911766	-1
6.77269911766	-1
6.77269911766	-1
6.77269911766	-1
6.77316713333	-1
6.77316713333	-1
6.77316713333	-1
6.77316713333	-1
6.77316713333	-1
6.77316713333	-1
6.77316713333	-1
6.8032541275	-1
6.8032541275	-1
6.8032541275	-1
6.8032541275	-1
6.8032541275	-1
6.8032541275	-1
6.8032541275	-1
6.8032541275	-1
6.84645414352	-1
6.88437604904	-1
6.88437604904	-1
6.88437604904	-1
6.88437604904	-1
6.88437604904	-1
6.88437604904	-1
6.88437604904	-1
6.92022013664	-1
7.06906199455	-1
7.07194495201	-1
7.07194495201	-1
7.07194495201	-1
7.07194495201	-1
7.07194495201	-1
7.07194495201	-1
7.07194495201	-1
7.10097503662	1
7.14306211472	-1
7.14493203163	-1
7.14493203163	-1
7.14493203163	-1
7.14493203163	-1
7.17467713356	1
7.21877908707	-1
7.24835896492	1
7.24835896492	1
7.28004002571	-1
7.28004002571	-1
7.28004002571	-1
7.28004002571	-1
7.28004002571	-1
7.28004002571	-1
7.28004002571	-1
7.28004002571	-1
7.28040003777	-1
7.28040003777	-1
7.28040003777	-1
7.28040003777	-1
7.28040003777	-1
7.28040003777	-1
7.28040003777	-1
7.28064703941	-1
7.2808740139	-1
7.2808740139	-1
7.2808740139	-1
7.2808740139	-1
7.2808740139	-1
7.2808740139	-1
7.2808740139	-1
7.32248401642	-1
7.32252907753	1
7.32252907753	1
7.35425400734	-1
7.35425400734	-1
7.35425400734	-1
7.35425400734	-1
7.35425400734	-1
7.35425400734	-1
7.35425400734	-1
7.38114500046	-1
7.3963599205	-1
7.43574595451	1
7.86164212227	-1
8.09117102623	-1
8.16505002975	-1
8.16505002975	-1
8.19008111954	-1
8.19008111954	-1
8.19008111954	-1
8.19008111954	-1
8.23886108398	-1
8.24257993698	1
8.53097105026	-1
8.6442899704	-1
8.6442899704	-1
8.6442899704	-1
8.6442899704	-1
8.6442899704	-1
8.6442899704	-1
8.6442899704	-1
8.64628314972	-1
8.6489610672	1
8.67461395264	-1
8.67461395264	-1
8.67461395264	-1
8.67461395264	-1
8.67461395264	-1
8.67461395264	-1
8.67461395264	-1
8.67475295067	-1
8.67475295067	-1
8.67475295067	-1
8.67475295067	-1
8.67475295067	-1
8.67475295067	-1
8.67475295067	-1
8.7182290554	-1
8.7182290554	-1
8.7182290554	-1
8.7182290554	-1
8.7182290554	-1
8.7182290554	-1
8.7182290554	-1
8.7182290554	-1
8.71858000755	-1
8.71858000755	-1
8.71858000755	-1
8.71858000755	-1
8.71858000755	-1
8.71858000755	-1
8.71858000755	-1
8.71858000755	-1
8.71997308731	-1
8.72257900238	1
8.72257900238	1
8.74146795273	-1
8.74146795273	-1
8.74146795273	-1
8.74146795273	-1
8.74146795273	-1
8.74146795273	-1
8.74968409538	-1
8.74968409538	-1
8.74968409538	-1
8.74968409538	-1
8.74968409538	-1
8.74968409538	-1
8.74968409538	-1
8.74968409538	-1
8.75005102158	-1
8.75005102158	-1
8.75005102158	-1
8.75005102158	-1
8.75005102158	-1
8.75005102158	-1
8.75005102158	-1
8.75005102158	-1
8.79287815094	-1
8.79287815094	-1
8.79287815094	-1
8.79287815094	-1
8.79287815094	-1
8.79287815094	-1
8.79287815094	-1
8.79287815094	-1
8.79312610626	-1
8.79312610626	-1
8.79334306717	-1
8.79334306717	-1
8.79334306717	-1
8.79334306717	-1
8.79334306717	-1
8.79334306717	-1
8.79643011093	-1
8.79646897316	1
8.82351613045	-1
8.82351613045	-1
8.82351613045	-1
8.82351613045	-1
8.82351613045	-1
8.82351613045	-1
8.87027192116	-1
8.87369513512	1
8.87495112419	1
8.87495112419	1
8.94903898239	1
8.95022511482	-1
9.06233692169	1
9.06233692169	1
9.25231099129	-1
9.25359010696	1
9.32774114609	1
9.57666993141	-1
9.62561607361	-1
9.62561607361	-1
9.62561607361	-1
9.62561607361	-1
9.62561607361	-1
9.62561607361	-1
9.62561607361	-1
9.6258430481	-1
9.6258430481	-1
9.6258430481	-1
9.6258430481	-1
9.6258430481	-1
9.6258430481	-1
9.6258430481	-1
9.62668895721	-1
9.62668895721	-1
9.62668895721	-1
9.62668895721	-1
9.62668895721	-1
9.62668895721	-1
9.62668895721	-1
9.62668895721	-1
9.68981814384	-1
9.70565795898	1
9.70676112175	1
9.70676112175	1
9.73366498947	-1
9.73366498947	-1
9.73366498947	-1
9.73366498947	-1
9.73366498947	-1
9.73366498947	-1
9.73366498947	-1
9.76386594772	-1
9.76981902122	-1
9.76981902122	-1
9.76981902122	-1
9.76981902122	-1
9.76981902122	-1
9.76981902122	-1
9.76981902122	-1
9.77005314827	-1
9.77005314827	-1
9.77005314827	-1
9.77005314827	-1
9.77005314827	-1
9.77005314827	-1
9.77005314827	-1
9.77032995224	-1
9.77032995224	-1
9.77032995224	-1
9.77032995224	-1
9.77032995224	-1
9.77032995224	-1
9.77032995224	-1
9.77032995224	-1
9.77939200401	1
9.77939200401	1
9.77939200401	1
9.80833697319	-1
9.80833697319	-1
9.8084499836	-1
9.8084499836	-1
9.8084499836	-1
9.8084499836	-1
9.8084499836	-1
9.8084499836	-1
9.83217597008	-1
9.83217597008	-1
9.8439450264	-1
9.8439450264	-1
9.8439450264	-1
9.8439450264	-1
9.8439450264	-1
9.8439450264	-1
9.8439450264	-1
9.84409594536	-1
9.84409594536	-1
9.84409594536	-1
9.84409594536	-1
9.84409594536	-1
9.84409594536	-1
9.84409594536	-1
9.84443306923	-1
9.84443306923	-1
9.84443306923	-1
9.84443306923	-1
9.84443306923	-1
9.84443306923	-1
9.84443306923	-1
9.84477806091	-1
9.84490203857	-1
9.84490203857	-1
9.84490203857	-1
9.84490203857	-1
9.84490203857	-1
9.84490203857	-1
9.84490203857	-1
9.84490203857	-1
9.84512901306	-1
9.84512901306	-1
9.89033102989	1
9.90651893616	-1
9.90651893616	-1
9.90651893616	-1
9.90651893616	-1
9.90651893616	-1
9.90651893616	-1
9.90674710274	-1
9.90674710274	-1
9.90674710274	-1
9.90674710274	-1
9.90674710274	-1
9.90674710274	-1
9.90674710274	-1
9.90674710274	-1
9.90702795982	-1
9.90702795982	-1
9.90702795982	-1
9.90702795982	-1
9.90702795982	-1
9.90702795982	-1
9.90702795982	-1
9.91915607452	-1
9.92059707642	-1
9.92059707642	-1
9.92059707642	-1
9.92059707642	-1
9.92059707642	-1
9.92059707642	-1
9.92059707642	-1
9.92607498169	-1
9.92612314224	-1
9.92612314224	-1
9.92692899704	-1
9.92692899704	-1
9.92692899704	-1
9.92692899704	-1
9.92692899704	-1
9.92692899704	-1
9.92692899704	-1
9.92692899704	-1
9.92692899704	-1
9.96428704262	-1
9.96428704262	-1
9.96428704262	-1
9.96428704262	-1
9.96433615685	1
9.96433615685	1
9.98058104515	-1
9.98058104515	-1
9.98058104515	-1
9.98058104515	-1
9.99424314499	-1
10.168405056	-1
10.1686899662	-1
10.1686899662	-1
10.2421381474	-1
10.2774820328	1
10.3513081074	1
10.3513081074	1
10.3842360973	-1
10.3854329586	-1
10.3854329586	-1
10.3854329586	-1
10.3854329586	-1
10.3854329586	-1
10.3854329586	-1
10.3862719536	-1
10.3862719536	-1
10.3862719536	-1
10.3862719536	-1
10.3862719536	-1
10.3862719536	-1
10.3862719536	-1
10.3862719536	-1
10.3866240978	-1
10.3866240978	-1
10.3866240978	-1
10.3866240978	-1
10.3866240978	-1
10.3866240978	-1
10.3866240978	-1
10.3866240978	-1
10.4053709507	-1
10.4053709507	-1
10.4053709507	-1
10.4053709507	-1
10.4053709507	-1
10.4053709507	-1
10.4053709507	-1
10.4053709507	-1
10.4303340912	-1
10.4303340912	-1
10.4303510189	1
10.4305870533	-1
10.4305870533	-1
10.4305870533	-1
10.4305870533	-1
10.4305870533	-1
10.4305870533	-1
10.4591469765	-1
10.4649920464	-1
10.4649920464	-1
10.4649920464	-1
10.4649920464	-1
10.4649920464	-1
10.4649920464	-1
10.4649920464	-1
10.4652249813	-1
10.4652249813	-1
10.4652249813	-1
10.4652249813	-1
10.4652249813	-1
10.4652249813	-1
10.4652249813	-1
10.4652249813	-1
10.4868030548	-1
10.486907959	-1
10.486907959	-1
10.486907959	-1
10.486907959	-1
10.486907959	-1
10.486907959	-1
10.486907959	-1
10.4871520996	-1
10.4872760773	-1
10.4872760773	-1
10.4872760773	-1
10.4872760773	-1
10.4872760773	-1
10.4872760773	-1
10.4872760773	-1
10.5142109394	-1
10.5142230988	1
10.5144460201	-1
10.5144460201	-1
10.5144460201	-1
10.5144460201	-1
10.5144460201	-1
10.5144460201	-1
10.5144460201	-1
10.5147531033	-1
10.5147531033	-1
10.5147531033	-1
10.5147531033	-1
10.5147531033	-1
10.5147531033	-1
10.5147531033	-1
10.5147531033	-1
10.5389070511	-1
10.5389070511	-1
10.5389070511	-1
10.5389070511	-1
10.5389070511	-1
10.5389070511	-1
10.5389070511	-1
10.5390460491	-1
10.5458071232	-1
10.5458071232	-1
10.5459220409	-1
10.5459220409	-1
10.5459220409	-1
10.5459220409	-1
10.5459220409	-1
10.5459220409	-1
10.5968761444	-1
10.5968761444	-1
10.5968761444	-1
10.5968761444	-1
10.5968761444	-1
10.5969099998	1
10.6133000851	-1
10.710296154	1
10.7365181446	-1
10.8222739697	1
10.8222739697	1
11.1459290981	-1
11.2380480766	1
11.3116760254	1
11.5149769783	-1
11.6016199589	-1
11.6016199589	-1
11.6016199589	-1
11.6016199589	-1
11.6016199589	-1
11.6016199589	-1
11.6016199589	-1
11.6753840446	-1
11.6894681454	1
11.6987271309	1
11.6987271309	1
11.7724671364	1
11.9926741123	-1
12.226817131	-1
12.4823579788	-1
12.4827580452	-1
12.4827580452	-1
12.4827580452	-1
12.4827580452	-1
12.4827580452	-1
12.4827580452	-1
12.4827580452	-1
12.5563490391	-1
12.5752050877	-1
12.5752050877	-1
12.5752050877	-1
12.5752050877	-1
12.5752050877	-1
12.5752050877	-1
12.5752050877	-1
12.6307361126	-1
12.6322190762	-1
12.6322190762	-1
12.6322190762	-1
12.6322190762	-1
12.6322190762	-1
12.6322190762	-1
12.6322190762	-1
12.7045300007	-1
12.7347459793	-1
12.7347459793	-1
12.7347459793	-1
12.7347459793	-1
12.7347459793	-1
12.7347459793	-1
12.7347459793	-1
12.7732450962	-1
12.7734510899	-1
12.7734510899	-1
12.7734510899	-1
12.7734510899	-1
12.7734510899	-1
12.7734510899	-1
12.7734510899	-1
12.7783341408	-1
12.8783800602	-1
12.8783800602	-1
12.8783800602	-1
12.8783800602	-1
12.8783800602	-1
12.8783800602	-1
12.8783800602	-1
12.8788120747	-1
12.8788120747	-1
12.8788120747	-1
12.8788120747	-1
12.8788120747	-1
12.8788120747	-1
12.8788120747	-1
12.8788759708	1
