0.0	-1
3.69548797607e-05	1
0.189826011658	-1
0.209493875504	-1
0.209493875504	-1
0.209493875504	-1
0.209493875504	-1
0.209493875504	-1
0.209493875504	-1
0.209493875504	-1
0.209493875504	-1
0.209985017776	-1
0.209985017776	-1
0.209985017776	-1
0.209985017776	-1
0.209985017776	-1
0.209985017776	-1
0.209985017776	-1
0.209985017776	-1
0.319314956665	-1
0.319314956665	-1
0.319314956665	-1
0.319314956665	-1
0.319314956665	-1
0.319314956665	-1
0.319314956665	-1
0.319314956665	-1
0.320302963257	-1
0.320302963257	-1
0.320302963257	-1
0.320302963257	-1
0.320302963257	-1
0.320302963257	-1
0.320302963257	-1
0.320302963257	-1
0.320793867111	-1
0.320793867111	-1
0.320793867111	-1
0.320793867111	-1
0.320793867111	-1
0.320793867111	-1
0.320793867111	-1
0.427538871765	-1
0.427538871765	-1
0.427538871765	-1
0.427538871765	-1
0.427538871765	-1
0.427538871765	-1
0.427538871765	-1
0.427538871765	-1
0.428241014481	-1
0.428241014481	-1
0.428241014481	-1
0.428241014481	-1
0.428241014481	-1
0.428241014481	-1
0.428241014481	-1
0.428241014481	-1
0.428530931473	-1
0.428530931473	-1
0.428530931473	-1
0.428530931473	-1
0.428530931473	-1
0.428530931473	-1
0.428530931473	-1
0.428530931473	-1
0.429390907288	-1
0.429390907288	-1
0.429390907288	-1
0.429390907288	-1
0.429390907288	-1
0.429390907288	-1
0.429390907288	-1
0.429390907288	-1
0.429972887039	1
0.42999792099	-1
0.42999792099	-1
0.42999792099	-1
0.42999792099	-1
0.42999792099	-1
0.42999792099	-1
0.42999792099	-1
0.42999792099	-1
0.53259396553	-1
0.53259396553	-1
0.53259396553	-1
0.53259396553	-1
0.53259396553	-1
0.53259396553	-1
0.53259396553	-1
0.53259396553	-1
0.533953905106	-1
0.533953905106	-1
0.533953905106	-1
0.533953905106	-1
0.533953905106	-1
0.533953905106	-1
0.533953905106	-1
0.533953905106	-1
0.534385919571	-1
0.534385919571	-1
0.534385919571	-1
0.534385919571	-1
0.534385919571	-1
0.534385919571	-1
0.534385919571	-1
0.534958839417	-1
0.534958839417	-1
0.534958839417	-1
0.534958839417	-1
0.534958839417	-1
0.534958839417	-1
0.534958839417	-1
0.534958839417	-1
0.536584854126	-1
0.536584854126	-1
0.536584854126	-1
0.536584854126	-1
0.536584854126	-1
0.536584854126	-1
0.536584854126	-1
0.536584854126	-1
0.536803007126	-1
0.536803007126	-1
0.536803007126	-1
0.536803007126	-1
0.536803007126	-1
0.536803007126	-1
0.536803007126	-1
0.536803007126	-1
0.536947965622	1
0.536947965622	1
0.573405981064	-1
0.573405981064	-1
0.573405981064	-1
0.573405981064	-1
0.573405981064	-1
0.573405981064	-1
0.573405981064	-1
0.573405981064	-1
0.573745965958	-1
0.573745965958	-1
0.573745965958	-1
0.573745965958	-1
0.573745965958	-1
0.573745965958	-1
0.573745965958	-1
0.573745965958	-1
0.637599945068	-1
0.637599945068	-1
0.637599945068	-1
0.637599945068	-1
0.637599945068	-1
0.637599945068	-1
0.637599945068	-1
0.637599945068	-1
0.638808012009	-1
0.638808012009	-1
0.638808012009	-1
0.638808012009	-1
0.638808012009	-1
0.638808012009	-1
0.638808012009	-1
0.638808012009	-1
0.653569936752	-1
0.653569936752	-1
0.653569936752	-1
0.653569936752	-1
0.653569936752	-1
0.653569936752	-1
0.653569936752	-1
0.653614997864	1
0.653878927231	-1
0.653878927231	-1
0.653878927231	-1
0.653878927231	-1
0.653878927231	-1
0.653878927231	-1
0.653878927231	-1
0.653878927231	-1
0.654268026352	-1
0.654268026352	-1
0.654268026352	-1
0.654268026352	-1
0.654268026352	-1
0.654268026352	-1
0.654268026352	-1
0.654268026352	-1
0.654636859894	-1
0.654636859894	-1
0.654636859894	-1
0.654636859894	-1
0.654636859894	-1
0.654636859894	-1
0.654636859894	-1
0.654636859894	-1
0.678719997406	-1
0.678719997406	-1
0.678719997406	-1
0.678719997406	-1
0.678719997406	-1
0.678719997406	-1
0.678719997406	-1
0.678719997406	-1
0.679231882095	-1
0.679231882095	-1
0.679231882095	-1
0.679231882095	-1
0.679231882095	-1
0.679231882095	-1
0.679231882095	-1
0.679231882095	-1
0.680016040802	-1
0.680016040802	-1
0.680016040802	-1
0.680016040802	-1
0.680016040802	-1
0.680016040802	-1
0.680016040802	-1
0.680016040802	-1
0.747359037399	-1
0.747359037399	-1
0.747359037399	-1
0.747359037399	-1
0.747359037399	-1
0.747359037399	-1
0.747359037399	-1
0.747359037399	-1
0.758074998856	-1
0.758074998856	-1
0.758074998856	-1
0.758074998856	-1
0.758074998856	-1
0.758074998856	-1
0.758074998856	-1
0.758095026016	1
0.758095026016	1
0.758316040039	-1
0.758316040039	-1
0.758316040039	-1
0.758316040039	-1
0.758316040039	-1
0.758316040039	-1
0.758316040039	-1
0.758316040039	-1
0.758683919907	-1
0.758683919907	-1
0.758683919907	-1
0.758683919907	-1
0.758683919907	-1
0.758683919907	-1
0.758683919907	-1
0.758683919907	-1
0.759176015854	-1
0.759176015854	-1
0.759176015854	-1
0.759176015854	-1
0.759176015854	-1
0.759176015854	-1
0.759176015854	-1
0.759176015854	-1
0.770177841187	-1
0.770177841187	-1
0.770177841187	-1
0.770177841187	-1
0.770177841187	-1
0.770177841187	-1
0.770177841187	-1
0.770177841187	-1
0.770586013794	-1
0.770586013794	-1
0.770586013794	-1
0.770586013794	-1
0.770586013794	-1
0.770586013794	-1
0.770586013794	-1
0.770586013794	-1
0.771013021469	-1
0.771013021469	-1
0.771013021469	-1
0.771013021469	-1
0.771013021469	-1
0.771013021469	-1
0.771013021469	-1
0.771013021469	-1
0.783673048019	-1
0.783673048019	-1
0.783673048019	-1
0.783673048019	-1
0.783673048019	-1
0.783673048019	-1
0.783673048019	-1
0.783673048019	-1
0.801261901855	-1
0.801261901855	-1
0.801261901855	-1
0.801261901855	-1
0.801261901855	-1
0.801261901855	-1
0.801261901855	-1
0.801652908325	-1
0.801652908325	-1
0.801652908325	-1
0.801652908325	-1
0.801652908325	-1
0.801652908325	-1
0.801652908325	-1
0.801652908325	-1
0.826349973679	-1
0.826349973679	-1
0.826349973679	-1
0.826349973679	-1
0.826349973679	-1
0.826349973679	-1
0.826349973679	-1
0.826349973679	-1
0.82751584053	1
0.82751584053	1
0.82751584053	1
0.857171058655	-1
0.857171058655	-1
0.857171058655	-1
0.857171058655	-1
0.857171058655	-1
0.857171058655	-1
0.857171058655	-1
0.857171058655	-1
0.858316898346	-1
0.858316898346	-1
0.858316898346	-1
0.858316898346	-1
0.858316898346	-1
0.858316898346	-1
0.858316898346	-1
0.858316898346	-1
0.860795974731	-1
0.860795974731	-1
0.860795974731	-1
0.860795974731	-1
0.860795974731	-1
0.860795974731	-1
0.860795974731	-1
0.860795974731	-1
0.867879867554	-1
0.867879867554	-1
0.867879867554	-1
0.867879867554	-1
0.867879867554	-1
0.867879867554	-1
0.867879867554	-1
0.867879867554	-1
0.868186950684	-1
0.868186950684	-1
0.868186950684	-1
0.868186950684	-1
0.868186950684	-1
0.868186950684	-1
0.868186950684	-1
0.868186950684	-1
0.88471198082	-1
0.88471198082	-1
0.88471198082	-1
0.88471198082	-1
0.88471198082	-1
0.88471198082	-1
0.88471198082	-1
0.884958982468	-1
0.884958982468	-1
0.884958982468	-1
0.884958982468	-1
0.884958982468	-1
0.884958982468	-1
0.884958982468	-1
0.884958982468	-1
0.885349035263	-1
0.885349035263	-1
0.885349035263	-1
0.885349035263	-1
0.885349035263	-1
0.885349035263	-1
0.885349035263	-1
0.885349035263	-1
0.885717868805	-1
0.885717868805	-1
0.885717868805	-1
0.885717868805	-1
0.885717868805	-1
0.885717868805	-1
0.885717868805	-1
0.885717868805	-1
0.896960020065	-1
0.896960020065	-1
0.896960020065	-1
0.896960020065	-1
0.896960020065	-1
0.896960020065	-1
0.896960020065	-1
0.896960020065	-1
0.897307872772	-1
0.897307872772	-1
0.897307872772	-1
0.897307872772	-1
0.897307872772	-1
0.897307872772	-1
0.897307872772	-1
0.897307872772	-1
0.906501054764	-1
0.906501054764	-1
0.906501054764	-1
0.906501054764	-1
0.906501054764	-1
0.906501054764	-1
0.906501054764	-1
0.906501054764	-1
0.907892942429	-1
0.907892942429	-1
0.907892942429	-1
0.907892942429	-1
0.907892942429	-1
0.907892942429	-1
0.907892942429	-1
0.907892942429	-1
0.9081158638	1
0.9081158638	1
0.9081158638	1
0.927202939987	-1
0.927202939987	-1
0.927202939987	-1
0.927202939987	-1
0.927202939987	-1
0.927202939987	-1
0.927202939987	-1
0.927636861801	-1
0.927636861801	-1
0.927636861801	-1
0.927636861801	-1
0.927636861801	-1
0.927636861801	-1
0.927636861801	-1
0.927636861801	-1
0.931217908859	-1
0.931217908859	-1
0.931217908859	-1
0.931217908859	-1
0.931217908859	-1
0.931217908859	-1
0.931217908859	-1
0.931217908859	-1
0.964870929718	-1
0.964870929718	-1
0.964870929718	-1
0.964870929718	-1
0.964870929718	-1
0.964870929718	-1
0.964870929718	-1
0.964870929718	-1
0.965662956238	-1
0.965662956238	-1
0.965662956238	-1
0.965662956238	-1
0.965662956238	-1
0.965662956238	-1
0.965662956238	-1
0.965662956238	-1
0.966095924377	-1
0.966095924377	-1
0.966095924377	-1
0.966095924377	-1
0.966095924377	-1
0.966095924377	-1
0.966095924377	-1
0.966095924377	-1
0.969228029251	-1
0.969228029251	-1
0.969228029251	-1
0.969228029251	-1
0.969228029251	-1
0.969228029251	-1
0.969228029251	-1
0.969228029251	-1
0.969433069229	-1
0.969433069229	-1
0.969433069229	-1
0.969433069229	-1
0.969433069229	-1
0.969433069229	-1
0.969433069229	-1
0.969433069229	-1
0.975707054138	1
0.978157043457	-1
0.978157043457	-1
0.978157043457	-1
0.978157043457	-1
0.978157043457	-1
0.978157043457	-1
0.978157043457	-1
0.978569030762	-1
0.978569030762	-1
0.978569030762	-1
0.978569030762	-1
0.978569030762	-1
0.978569030762	-1
0.978569030762	-1
0.978569030762	-1
0.978937864304	-1
0.978937864304	-1
0.978937864304	-1
0.978937864304	-1
0.978937864304	-1
0.978937864304	-1
0.978937864304	-1
0.978937864304	-1
0.991808891296	-1
0.991808891296	-1
0.991808891296	-1
0.991808891296	-1
0.991808891296	-1
0.991808891296	-1
0.991808891296	-1
0.991808891296	-1
1.00817894936	-1
1.00817894936	-1
1.00817894936	-1
1.00817894936	-1
1.00817894936	-1
1.00817894936	-1
1.00817894936	-1
1.00817894936	-1
1.00831699371	-1
1.00831699371	-1
1.00831699371	-1
1.00831699371	-1
1.00831699371	-1
1.00831699371	-1
1.00831699371	-1
1.00831699371	-1
1.00879406929	-1
1.00879406929	-1
1.00879406929	-1
1.00879406929	-1
1.00879406929	-1
1.00879406929	-1
1.00879406929	-1
1.00879406929	-1
1.00916290283	-1
1.00916290283	-1
1.00916290283	-1
1.00916290283	-1
1.00916290283	-1
1.00916290283	-1
1.00916290283	-1
1.00916290283	-1
1.01575398445	-1
1.01575398445	-1
1.01575398445	-1
1.01575398445	-1
1.01575398445	-1
1.01575398445	-1
1.01575398445	-1
1.01612687111	-1
1.01612687111	-1
1.01612687111	-1
1.01612687111	-1
1.01612687111	-1
1.01612687111	-1
1.01612687111	-1
1.01612687111	-1
1.01716804504	1
1.01716804504	1
1.01716804504	1
1.01896190643	-1
1.01896190643	-1
1.01896190643	-1
1.01896190643	-1
1.01896190643	-1
1.01896190643	-1
1.01896190643	-1
1.01896190643	-1
1.01920199394	-1
1.01920199394	-1
1.01920199394	-1
1.01920199394	-1
1.01920199394	-1
1.01920199394	-1
1.01920199394	-1
1.01920199394	-1
1.03815698624	-1
1.03815698624	-1
1.03815698624	-1
1.03815698624	-1
1.03815698624	-1
1.03815698624	-1
1.03815698624	-1
1.03815698624	-1
1.03854990005	-1
1.03854990005	-1
1.03854990005	-1
1.03854990005	-1
1.03854990005	-1
1.03854990005	-1
1.03854990005	-1
1.03854990005	-1
1.03891801834	-1
1.03891801834	-1
1.03891801834	-1
1.03891801834	-1
1.03891801834	-1
1.03891801834	-1
1.03891801834	-1
1.03891801834	-1
1.03942990303	-1
1.03942990303	-1
1.03942990303	-1
1.03942990303	-1
1.03942990303	-1
1.03942990303	-1
1.03942990303	-1
1.03942990303	-1
1.04072785378	1
1.04072785378	1
1.05009698868	-1
1.05009698868	-1
1.05009698868	-1
1.05009698868	-1
1.05009698868	-1
1.05009698868	-1
1.05009698868	-1
1.06992387772	-1
1.06992387772	-1
1.06992387772	-1
1.06992387772	-1
1.06992387772	-1
1.06992387772	-1
1.06992387772	-1
1.06992387772	-1
1.07118606567	-1
1.07118606567	-1
1.07118606567	-1
1.07118606567	-1
1.07118606567	-1
1.07118606567	-1
1.07118606567	-1
1.07118606567	-1
1.07166790962	-1
1.07166790962	-1
1.07166790962	-1
1.07166790962	-1
1.07166790962	-1
1.07166790962	-1
1.07166790962	-1
1.07166790962	-1
1.07244300842	-1
1.07244300842	-1
1.07244300842	-1
1.07244300842	-1
1.07244300842	-1
1.07244300842	-1
1.07244300842	-1
1.07244300842	-1
1.0734899044	-1
1.0734899044	-1
1.0734899044	-1
1.0734899044	-1
1.0734899044	-1
1.0734899044	-1
1.0734899044	-1
1.0734899044	-1
1.07637906075	-1
1.07637906075	-1
1.07637906075	-1
1.07637906075	-1
1.07637906075	-1
1.07637906075	-1
1.07637906075	-1
1.07637906075	-1
1.08200407028	1
1.08202600479	-1
1.08202600479	-1
1.08202600479	-1
1.08202600479	-1
1.08202600479	-1
1.08202600479	-1
1.08202600479	-1
1.08202600479	-1
1.09521484375	-1
1.09521484375	-1
1.09521484375	-1
1.09521484375	-1
1.09521484375	-1
1.09521484375	-1
1.09521484375	-1
1.09557700157	-1
1.09557700157	-1
1.09557700157	-1
1.09557700157	-1
1.09557700157	-1
1.09557700157	-1
1.09557700157	-1
1.09557700157	-1
1.09582304955	-1
1.09582304955	-1
1.09582304955	-1
1.09582304955	-1
1.09582304955	-1
1.09582304955	-1
