0.0	1
0.250690937042	1
0.502247095108	-1
0.503097057343	1
0.774736881256	-1
0.775568962097	1
0.778856992722	1
0.778856992722	1
0.778856992722	1
0.882370948792	1
0.882370948792	1
0.882370948792	1
1.3565568924	-1
1.35816788673	1
1.43275499344	-1
1.43275499344	-1
1.43275499344	-1
1.47319793701	1
1.47319793701	1
1.62515187263	1
1.90872001648	-1
1.95236492157	-1
1.95236492157	-1
1.95236492157	-1
1.95236492157	-1
1.95236492157	-1
1.95236492157	-1
1.95236492157	-1
2.02610301971	-1
2.03891086578	1
2.05985593796	-1
2.05985593796	-1
2.05985593796	-1
2.06908392906	-1
2.06908392906	-1
2.06908392906	-1
2.06908392906	-1
2.06908392906	-1
2.06908392906	-1
2.06908392906	-1
2.09998488426	-1
2.09998488426	-1
2.09998488426	-1
2.09998488426	-1
2.09998488426	-1
2.09998488426	-1
2.09998488426	-1
2.09998488426	-1
2.11997294426	-1
2.11997294426	-1
2.15415406227	-1
2.15415406227	-1
2.15415406227	-1
2.15415406227	-1
2.15415406227	-1
2.15415406227	-1
2.15415406227	-1
2.15415406227	-1
2.1541929245	1
2.1541929245	1
2.18691587448	-1
2.30920886993	1
2.40659499168	-1
2.42413687706	1
2.66888189316	-1
2.8219408989	-1
2.93690991402	-1
2.94442105293	1
2.9638979435	-1
2.9638979435	-1
2.9638979435	-1
2.9638979435	-1
2.9638979435	-1
3.07516288757	1
3.08021688461	1
3.08021688461	1
3.08021688461	1
3.08262109756	1
3.08262109756	1
3.34299898148	-1
3.38295197487	-1
3.38295197487	-1
3.38295197487	-1
3.38295197487	-1
3.38295197487	-1
3.43355488777	-1
3.47431087494	-1
3.47431087494	-1
3.49306607246	-1
3.49306607246	-1
3.49306607246	-1
3.49971604347	1
3.50194907188	1
3.50194907188	1
3.50194907188	1
3.60899686813	-1
3.60899686813	-1
3.71882200241	-1
3.71882200241	-1
3.71882200241	-1
3.71882200241	-1
3.71882200241	-1
3.71882200241	-1
3.71882200241	-1
3.71882200241	-1
3.76999902725	-1
3.76999902725	-1
3.76999902725	-1
3.76999902725	-1
3.76999902725	-1
3.76999902725	-1
3.804240942	-1
3.804240942	-1
3.8058359623	1
3.85192108154	-1
3.85192108154	-1
3.85192108154	-1
3.85941004753	-1
3.85941004753	-1
3.85941004753	-1
3.85941004753	-1
3.85941004753	-1
3.85941004753	-1
3.93028593063	-1
3.93028593063	-1
3.93028593063	-1
3.9303278923	1
3.9303278923	1
4.07797598839	-1
4.07797598839	-1
4.07797598839	-1
4.07800889015	1
4.13426709175	-1
4.13426709175	-1
4.17158293724	-1
4.17158293724	-1
4.17158293724	-1
4.17158293724	-1
4.17158293724	-1
4.17158293724	-1
4.17158293724	-1
4.17158293724	-1
4.18189001083	-1
4.21418499947	-1
4.21418499947	-1
4.214220047	1
4.22208690643	-1
4.22208690643	-1
4.22208690643	-1
4.22208690643	-1
4.22208690643	-1
4.22208690643	-1
4.22208690643	-1
4.22859787941	-1
4.26898908615	-1
4.26898908615	-1
4.26898908615	-1
4.26898908615	-1
4.28675794601	-1
4.28675794601	-1
4.28675794601	-1
4.28675794601	-1
4.28675794601	-1
4.28675794601	-1
4.3850069046	1
4.4924249649	-1
4.4924249649	-1
4.4924249649	-1
4.4924249649	-1
4.4924249649	-1
4.4924249649	-1
4.4924249649	-1
4.50778889656	1
4.50778889656	1
4.50778889656	1
4.51561689377	-1
4.51561689377	-1
4.51561689377	-1
4.51561689377	-1
4.51561689377	-1
4.52672696114	-1
4.56188607216	-1
4.56188607216	-1
4.56188607216	-1
4.56188607216	-1
4.56188607216	-1
4.56188607216	-1
4.56188607216	-1
4.56188607216	-1
4.57252502441	-1
4.57252502441	-1
4.57252502441	-1
4.57252502441	-1
4.57252502441	-1
4.57252502441	-1
4.71961092949	-1
4.71961092949	-1
4.71961092949	-1
4.75754404068	1
4.75812196732	-1
4.75812196732	-1
4.75812196732	-1
4.75812196732	-1
4.75812196732	-1
4.7608859539	1
4.7608859539	1
4.7608859539	1
4.7608859539	1
4.7608859539	1
4.7608859539	1
4.7608859539	1
4.7608859539	1
4.77402496338	-1
4.79135799408	-1
4.79135799408	-1
4.79135799408	-1
4.88327789307	-1
4.88327789307	-1
4.88327789307	-1
4.88327789307	-1
4.88327789307	-1
4.88327789307	-1
4.88327789307	-1
4.88327789307	-1
4.88327789307	-1
4.90693306923	-1
4.92030692101	-1
4.92030692101	-1
4.92030692101	-1
4.92030692101	-1
4.92030692101	-1
4.92030692101	-1
4.93961691856	-1
4.93961691856	-1
4.93961691856	-1
4.93961691856	-1
4.93961691856	-1
4.93961691856	-1
4.93961691856	-1
4.93961691856	-1
4.95928692818	-1
4.95928692818	-1
4.95928692818	-1
4.96896290779	-1
4.96896290779	-1
4.96896290779	-1
4.96896290779	-1
4.96896290779	-1
4.96896290779	-1
4.96896290779	-1
4.99804401398	-1
4.99804401398	-1
5.16281509399	-1
5.16281509399	-1
5.16281509399	-1
5.16281509399	-1
5.16281509399	-1
5.16281509399	-1
5.16281509399	-1
5.16281509399	-1
5.18930196762	-1
5.18930196762	-1
5.18930196762	-1
5.18930196762	-1
5.18930196762	-1
5.18930196762	-1
5.18930196762	-1
5.18930196762	-1
5.18930196762	-1
5.21410989761	-1
5.22754502296	-1
5.22754502296	-1
5.22754502296	-1
5.22754502296	-1
5.22754502296	-1
5.22754502296	-1
5.22754502296	-1
5.22754502296	-1
5.23608398438	-1
5.23725390434	1
5.24659109116	-1
5.24659109116	-1
5.24659109116	-1
5.24659109116	-1
5.24659109116	-1
5.27805495262	-1
5.27805495262	-1
5.27805495262	-1
5.27805495262	-1
5.27805495262	-1
5.27805495262	-1
5.27805495262	-1
5.27805495262	-1
5.30448698997	-1
5.30448698997	-1
5.30448698997	-1
5.30448698997	-1
5.30448698997	-1
5.30448698997	-1
5.30448698997	-1
5.30448698997	-1
5.30448698997	-1
5.38912892342	1
5.48600697517	-1
5.52815198898	-1
5.52815198898	-1
5.52815198898	-1
5.52815198898	-1
5.52815198898	-1
5.52815198898	-1
5.52815198898	-1
5.52815198898	-1
5.53883600235	-1
5.53883600235	-1
5.53883600235	-1
5.53883600235	-1
5.53883600235	-1
5.53883600235	-1
5.55669593811	-1
5.55669593811	-1
5.55669593811	-1
5.55669593811	-1
5.55669593811	-1
5.55669593811	-1
5.55669593811	-1
5.55669593811	-1
5.58254003525	-1
5.58254003525	-1
5.58254003525	-1
5.58254003525	-1
5.60026502609	-1
5.61103606224	-1
5.61103606224	-1
5.61103606224	-1
5.61103606224	-1
5.61103606224	-1
5.61103606224	-1
5.61103606224	-1
5.63530397415	-1
5.63530397415	-1
5.63530397415	-1
5.63541603088	-1
5.64558291435	-1
5.64558291435	-1
5.64558291435	-1
5.64558291435	-1
5.64558291435	-1
5.64558291435	-1
5.64558291435	-1
5.66473007202	-1
5.66473007202	-1
5.67330408096	-1
5.67330408096	-1
5.67330408096	-1
5.67330408096	-1
5.68457102776	-1
5.69409990311	-1
5.69409990311	-1
5.69409990311	-1
5.69409990311	-1
5.69409990311	-1
5.69409990311	-1
5.69409990311	-1
5.70776796341	-1
5.72834801674	-1
5.72834801674	-1
5.72834801674	-1
5.72834801674	-1
5.72834801674	-1
5.72834801674	-1
5.72834801674	-1
5.72834801674	-1
5.739579916	-1
5.75756001472	-1
5.75756001472	-1
5.75865101814	1
5.87224507332	-1
5.87224507332	-1
5.87224507332	-1
5.87224507332	-1
5.87224507332	-1
5.87224507332	-1
5.89015388489	-1
5.89015388489	-1
5.89015388489	-1
5.89015388489	-1
5.89015388489	-1
5.89127206802	1
5.91637086868	-1
5.91637086868	-1
5.91637086868	-1
5.92466497421	-1
5.92466497421	-1
5.92466497421	-1
5.94090509415	-1
5.94090509415	-1
5.96021008492	-1
5.96021008492	-1
5.96021008492	-1
5.96021008492	-1
5.96021008492	-1
5.96021008492	-1
5.96021008492	-1
5.96021008492	-1
5.96866703033	-1
5.96866703033	-1
5.96866703033	-1
5.96866703033	-1
5.96866703033	-1
5.96866703033	-1
5.96866703033	-1
5.98156690598	-1
6.00397396088	-1
6.00397396088	-1
6.00397396088	-1
6.01378393173	-1
6.01378393173	-1
6.01378393173	-1
6.01378393173	-1
6.01378393173	-1
6.01381707191	1
6.01381707191	1
6.03485608101	-1
6.03485608101	-1
6.03485608101	-1
6.03485608101	-1
6.03485608101	-1
6.03485608101	-1
6.03485608101	-1
6.0554599762	-1
6.0554599762	-1
6.0554599762	-1
6.0554599762	-1
6.0554599762	-1
6.0554599762	-1
6.0554599762	-1
6.0554599762	-1
6.09723997116	-1
6.09723997116	-1
6.16507005692	1
6.16507005692	1
6.31183409691	-1
6.3500919342	-1
6.3500919342	-1
6.3500919342	-1
6.3500919342	-1
6.3500919342	-1
6.3500919342	-1
6.3500919342	-1
6.3500919342	-1
6.3500919342	-1
6.35043287277	-1
6.35043287277	-1
6.35043287277	-1
6.37915301323	-1
6.37915301323	-1
6.37915301323	-1
6.37915301323	-1
6.37915301323	-1
6.37915301323	-1
6.37915301323	-1
6.37915301323	-1
6.40853095055	-1
6.40853095055	-1
6.41608691216	-1
6.41608691216	-1
6.41608691216	-1
6.41608691216	-1
6.41608691216	-1
6.41608691216	-1
6.41608691216	-1
6.42730903625	-1
6.43578290939	1
6.46160888672	-1
6.46160888672	-1
6.46160888672	-1
6.46160888672	-1
6.46160888672	-1
6.46160888672	-1
6.5890519619	1
6.6181268692	-1
6.6181268692	-1
6.63810110092	-1
6.63810110092	-1
6.63810110092	-1
6.63810110092	-1
6.63810110092	-1
6.63810110092	-1
6.63810110092	-1
6.63810110092	-1
6.66602897644	-1
6.67527604103	-1
6.67527604103	-1
6.67527604103	-1
6.67527604103	-1
6.67527604103	-1
6.67527604103	-1
6.67527604103	-1
6.70076203346	-1
6.71785902977	-1
6.71785902977	-1
6.71785902977	-1
6.71785902977	-1
6.71785902977	-1
6.71785902977	-1
6.71785902977	-1
6.71785902977	-1
6.71789288521	1
6.71789288521	1
6.72765398026	-1
6.72765398026	-1
6.72765398026	-1
6.72765398026	-1
6.72765398026	-1
6.74573588371	-1
6.74573588371	-1
6.74573588371	-1
6.74573588371	-1
6.74573588371	-1
6.74573588371	-1
6.74573588371	-1
6.74573588371	-1
6.75596809387	-1
6.77669501305	-1
6.77669501305	-1
6.77669501305	-1
6.77669501305	-1
6.77669501305	-1
6.77669501305	-1
6.77669501305	-1
6.77669501305	-1
6.8320479393	-1
6.8320479393	-1
6.8320479393	-1
6.8320479393	-1
6.8320479393	-1
6.84515309334	-1
6.84515309334	-1
6.84515309334	-1
6.84518504143	1
6.95846390724	-1
6.95846390724	-1
6.95846390724	-1
6.99700188637	1
7.10406804085	-1
7.10406804085	-1
7.10406804085	-1
7.10406804085	-1
7.10406804085	-1
7.10406804085	-1
7.21929907799	-1
7.21929907799	-1
7.21929907799	-1
7.21929907799	-1
7.21929907799	-1
7.21929907799	-1
7.21929907799	-1
7.21929907799	-1
7.21952605247	-1
7.21952605247	-1
7.21952605247	-1
7.21952605247	-1
7.21952605247	-1
7.21977210045	-1
7.33447504044	-1
7.33447504044	-1
7.33447504044	-1
7.33447504044	-1
7.33447504044	-1
7.33447504044	-1
7.33447504044	-1
7.33469986916	-1
7.33488202095	-1
7.33488202095	-1
7.33488202095	-1
7.42842793465	-1
7.42842793465	-1
7.42842793465	-1
7.42842793465	-1
7.42842793465	-1
7.42842793465	-1
7.43554496765	1
7.44971609116	-1
7.44971609116	-1
7.44971609116	-1
7.44971609116	-1
7.44971609116	-1
7.44971609116	-1
7.44971609116	-1
7.50659608841	-1
7.50659608841	-1
7.50659608841	-1
7.50982809067	-1
7.50982809067	-1
7.50982809067	-1
7.50982809067	-1
7.54198002815	-1
7.54583001137	-1
7.54583001137	-1
7.54583001137	-1
7.54583001137	-1
7.55036997795	1
7.55036997795	1
7.57693505287	-1
7.57693505287	-1
7.57693505287	-1
7.57693505287	-1
7.57693505287	-1
7.5960829258	-1
7.61572408676	-1
7.61572408676	-1
7.61572408676	-1
7.61572408676	-1
7.61572408676	-1
7.61572408676	-1
7.77379703522	-1
7.77379703522	-1
7.77379703522	-1
7.77379703522	-1
7.77379703522	-1
7.77379703522	-1
7.77379703522	-1
7.77379703522	-1
7.79949808121	-1
7.80390501022	-1
7.80390501022	-1
7.80390501022	-1
7.80390501022	-1
7.80390501022	-1
7.80390501022	-1
7.83614206314	1
8.4634950161	-1
8.61807394028	-1
8.61807394028	-1
8.64534592628	1
8.73000693321	1
8.73000693321	1
8.73000693321	1
8.73000693321	1
8.73000693321	1
8.73105788231	1
8.73153209686	1
8.73153209686	1
8.73153209686	1
8.73153209686	1
8.73153209686	1
8.76082992554	1
8.76082992554	1
8.8933570385	1
9.00832891464	1
9.37789487839	-1
9.37930488586	1
9.46315598488	-1
9.46315598488	-1
9.46315598488	-1
9.46525502205	1
9.46525502205	1
9.46525502205	1
9.46525502205	1
9.46525502205	1
9.49445295334	-1
9.51743102074	-1
9.51743102074	-1
9.51743102074	-1
9.53190994263	-1
9.53190994263	-1
9.53954792023	-1
9.53954792023	-1
9.53954792023	-1
9.72462487221	-1
9.94439291954	-1
10.0251889229	-1
10.0251889229	-1
10.0251889229	-1
10.0596680641	-1
10.0612399578	1
10.1746959686	-1
10.1746959686	-1
10.189414978	1
10.189414978	1
10.189414978	1
10.2288799286	1
10.2329099178	-1
10.2329099178	-1
10.2329099178	-1
10.2585749626	-1
10.2585749626	-1
10.3734269142	1
10.4361670017	1
10.4361670017	1
10.4361670017	1
10.5851819515	-1
10.7207610607	-1
10.7207610607	-1
10.7207610607	-1
10.7391200066	1
10.8528308868	-1
10.9610180855	-1
10.9610180855	-1
10.9610180855	-1
11.4414029121	-1
13.1469919682	-1
13.14782691	1
13.2624049187	-1
13.8182799816	-1
13.9332489967	-1
13.9332489967	-1
13.941519022	1
14.1921920776	1
14.4363460541	1
15.0074770451	-1
15.0082080364	1
15.1231980324	-1
15.4346699715	1
15.6733949184	-1
15.6747140884	1
15.7788228989	1
15.7788228989	1
15.7788228989	1
15.7788228989	1
15.7788228989	1
15.7788228989	1
15.7788228989	1
15.7788228989	1
15.7788228989	1
15.7789640427	1
15.7789640427	1
15.7882599831	-1
15.7896940708	1
15.7896940708	1
