0.0	-1
0.0	-1
0.00102615356445	1
0.142832040787	1
0.246333122253	-1
0.247089147568	1
0.351123094559	-1
0.351174116135	1
0.465991020203	-1
0.466948986053	-1
0.466948986053	-1
0.466948986053	-1
0.466948986053	-1
0.466948986053	-1
0.466948986053	-1
0.466948986053	-1
0.466948986053	-1
0.467482089996	-1
0.467482089996	-1
0.467482089996	-1
0.467482089996	-1
0.467482089996	-1
0.467482089996	-1
0.467482089996	-1
0.467482089996	-1
0.467913150787	-1
0.467913150787	-1
0.467913150787	-1
0.467913150787	-1
0.467913150787	-1
0.467913150787	-1
0.467913150787	-1
0.467913150787	-1
0.57063794136	-1
0.57063794136	-1
0.57063794136	-1
0.57063794136	-1
0.57063794136	-1
0.57063794136	-1
0.57063794136	-1
0.57063794136	-1
0.571433067322	-1
0.571433067322	-1
0.571433067322	-1
0.571433067322	-1
0.571433067322	-1
0.571433067322	-1
0.571433067322	-1
0.571676969528	-1
0.571676969528	-1
0.571676969528	-1
0.571676969528	-1
0.571676969528	-1
0.571676969528	-1
0.571676969528	-1
0.571676969528	-1
0.572966098785	-1
0.572966098785	-1
0.572966098785	-1
0.572966098785	-1
0.572966098785	-1
0.572966098785	-1
0.572966098785	-1
0.572966098785	-1
0.57349896431	-1
0.57349896431	-1
0.57349896431	-1
0.57349896431	-1
0.57349896431	-1
0.57349896431	-1
0.57349896431	-1
0.57349896431	-1
0.574366092682	1
0.675390005112	-1
0.675390005112	-1
0.675390005112	-1
0.675390005112	-1
0.675390005112	-1
0.675390005112	-1
0.675390005112	-1
0.675390005112	-1
0.67573094368	-1
0.67573094368	-1
0.67573094368	-1
0.67573094368	-1
0.67573094368	-1
0.67573094368	-1
0.67573094368	-1
0.67573094368	-1
0.676201105118	-1
0.676201105118	-1
0.676201105118	-1
0.676201105118	-1
0.676201105118	-1
0.676201105118	-1
0.676201105118	-1
0.676201105118	-1
0.676473140717	-1
0.676473140717	-1
0.676473140717	-1
0.676473140717	-1
0.676473140717	-1
0.676473140717	-1
0.676473140717	-1
0.676473140717	-1
0.676937103271	-1
0.676937103271	-1
0.676937103271	-1
0.676937103271	-1
0.676937103271	-1
0.676937103271	-1
0.676937103271	-1
0.677346944809	-1
0.677346944809	-1
0.677346944809	-1
0.677346944809	-1
0.677346944809	-1
0.677346944809	-1
0.677346944809	-1
0.677346944809	-1
0.677634000778	-1
0.677634000778	-1
0.677634000778	-1
0.677634000778	-1
0.677634000778	-1
0.677634000778	-1
0.677634000778	-1
0.677634000778	-1
0.713228940964	-1
0.713228940964	-1
0.713228940964	-1
0.713228940964	-1
0.713228940964	-1
0.713228940964	-1
0.713228940964	-1
0.713228940964	-1
0.713282108307	1
0.713282108307	1
0.779680013657	-1
0.779680013657	-1
0.779680013657	-1
0.779680013657	-1
0.779680013657	-1
0.779680013657	-1
0.779680013657	-1
0.779680013657	-1
0.780068159103	-1
0.780068159103	-1
0.780068159103	-1
0.780068159103	-1
0.780068159103	-1
0.780068159103	-1
0.780068159103	-1
0.780068159103	-1
0.780436038971	-1
0.780436038971	-1
0.780436038971	-1
0.780436038971	-1
0.780436038971	-1
0.780436038971	-1
0.780436038971	-1
0.780436038971	-1
0.780888080597	-1
0.780888080597	-1
0.780888080597	-1
0.780888080597	-1
0.780888080597	-1
0.780888080597	-1
0.780888080597	-1
0.780888080597	-1
0.781337022781	-1
0.781337022781	-1
0.781337022781	-1
0.781337022781	-1
0.781337022781	-1
0.781337022781	-1
0.781337022781	-1
0.781707048416	-1
0.781707048416	-1
0.781707048416	-1
0.781707048416	-1
0.781707048416	-1
0.781707048416	-1
0.781707048416	-1
0.781707048416	-1
0.78195309639	-1
0.78195309639	-1
0.78195309639	-1
0.78195309639	-1
0.78195309639	-1
0.78195309639	-1
0.78195309639	-1
0.78195309639	-1
0.782320022583	-1
0.782320022583	-1
0.782320022583	-1
0.782320022583	-1
0.782320022583	-1
0.782320022583	-1
0.782320022583	-1
0.782320022583	-1
0.782689094543	-1
0.782689094543	-1
0.782689094543	-1
0.782689094543	-1
0.782689094543	-1
0.782689094543	-1
0.782689094543	-1
0.782689094543	-1
0.817114114761	1
0.817422151566	-1
0.817422151566	-1
0.817422151566	-1
0.817422151566	-1
0.817422151566	-1
0.817422151566	-1
0.817422151566	-1
0.817422151566	-1
0.817790031433	-1
0.817790031433	-1
0.817790031433	-1
0.817790031433	-1
0.817790031433	-1
0.817790031433	-1
0.817790031433	-1
0.817790031433	-1
0.883618116379	-1
0.883618116379	-1
0.883618116379	-1
0.883618116379	-1
0.883618116379	-1
0.883618116379	-1
0.883618116379	-1
0.883618116379	-1
0.884814023972	-1
0.884814023972	-1
0.884814023972	-1
0.884814023972	-1
0.884814023972	-1
0.884814023972	-1
0.884814023972	-1
0.885370016098	-1
0.885370016098	-1
0.885370016098	-1
0.885370016098	-1
0.885370016098	-1
0.885370016098	-1
0.885370016098	-1
0.885370016098	-1
0.885739088058	-1
0.885739088058	-1
0.885739088058	-1
0.885739088058	-1
0.885739088058	-1
0.885739088058	-1
0.885739088058	-1
0.885739088058	-1
0.885982990265	-1
0.885982990265	-1
0.885982990265	-1
0.885982990265	-1
0.885982990265	-1
0.885982990265	-1
0.885982990265	-1
0.885982990265	-1
0.886598110199	-1
0.886598110199	-1
0.886598110199	-1
0.886598110199	-1
0.886598110199	-1
0.886598110199	-1
0.886598110199	-1
0.886598110199	-1
0.886844158173	-1
0.886844158173	-1
0.886844158173	-1
0.886844158173	-1
0.886844158173	-1
0.886844158173	-1
0.886844158173	-1
0.886844158173	-1
0.887212991714	-1
0.887212991714	-1
0.887212991714	-1
0.887212991714	-1
0.887212991714	-1
0.887212991714	-1
0.887212991714	-1
0.887212991714	-1
0.887581110001	-1
0.887581110001	-1
0.887581110001	-1
0.887581110001	-1
0.887581110001	-1
0.887581110001	-1
0.887581110001	-1
0.887581110001	-1
0.887809991837	1
0.887809991837	1
0.887809991837	1
0.920880079269	-1
0.920880079269	-1
0.920880079269	-1
0.920880079269	-1
0.920880079269	-1
0.920880079269	-1
0.920880079269	-1
0.921229124069	-1
0.921229124069	-1
0.921229124069	-1
0.921229124069	-1
0.921229124069	-1
0.921229124069	-1
0.921229124069	-1
0.921229124069	-1
0.921658039093	-1
0.921658039093	-1
0.921658039093	-1
0.921658039093	-1
0.921658039093	-1
0.921658039093	-1
0.921658039093	-1
0.921658039093	-1
0.922024965286	-1
0.922024965286	-1
0.922024965286	-1
0.922024965286	-1
0.922024965286	-1
0.922024965286	-1
0.922024965286	-1
0.922024965286	-1
0.92242193222	-1
0.92242193222	-1
0.92242193222	-1
0.92242193222	-1
0.92242193222	-1
0.92242193222	-1
0.92242193222	-1
0.92242193222	-1
0.922852039337	-1
0.922852039337	-1
0.922852039337	-1
0.922852039337	-1
0.922852039337	-1
0.922852039337	-1
0.922852039337	-1
0.922852039337	-1
0.961280107498	-1
0.961280107498	-1
0.961280107498	-1
0.961280107498	-1
0.961280107498	-1
0.961280107498	-1
0.961280107498	-1
0.961280107498	-1
0.961878061295	-1
0.961878061295	-1
0.961878061295	-1
0.961878061295	-1
0.961878061295	-1
0.961878061295	-1
0.961878061295	-1
0.961878061295	-1
0.990097045898	-1
0.990097045898	-1
0.990097045898	-1
0.990097045898	-1
0.990097045898	-1
0.990097045898	-1
0.990097045898	-1
0.990505933762	-1
0.990505933762	-1
0.990505933762	-1
0.990505933762	-1
0.990505933762	-1
0.990505933762	-1
0.990505933762	-1
0.990505933762	-1
0.99077796936	-1
0.99077796936	-1
0.99077796936	-1
0.99077796936	-1
0.99077796936	-1
0.99077796936	-1
0.99077796936	-1
0.99077796936	-1
0.990927934647	1
0.990927934647	1
0.990927934647	1
0.991147041321	-1
0.991147041321	-1
0.991147041321	-1
0.991147041321	-1
0.991147041321	-1
0.991147041321	-1
0.991147041321	-1
0.991147041321	-1
0.991611003876	-1
0.991611003876	-1
0.991611003876	-1
0.991611003876	-1
0.991611003876	-1
0.991611003876	-1
0.991611003876	-1
0.991611003876	-1
0.991925954819	-1
0.991925954819	-1
0.991925954819	-1
0.991925954819	-1
0.991925954819	-1
0.991925954819	-1
0.991925954819	-1
0.991925954819	-1
1.02472496033	-1
1.02472496033	-1
1.02472496033	-1
1.02472496033	-1
1.02472496033	-1
1.02472496033	-1
1.02472496033	-1
1.02472496033	-1
1.02517700195	-1
1.02517700195	-1
1.02517700195	-1
1.02517700195	-1
1.02517700195	-1
1.02517700195	-1
1.02517700195	-1
1.02517700195	-1
1.02551603317	-1
1.02551603317	-1
1.02551603317	-1
1.02551603317	-1
1.02551603317	-1
1.02551603317	-1
1.02551603317	-1
1.02593493462	-1
1.02593493462	-1
1.02593493462	-1
1.02593493462	-1
1.02593493462	-1
1.02593493462	-1
1.02593493462	-1
1.02593493462	-1
1.0263030529	-1
1.0263030529	-1
1.0263030529	-1
1.0263030529	-1
1.0263030529	-1
1.0263030529	-1
1.0263030529	-1
1.0263030529	-1
1.02667593956	-1
1.02667593956	-1
1.02667593956	-1
1.02667593956	-1
1.02667593956	-1
1.02667593956	-1
1.02667593956	-1
1.02667593956	-1
1.02704000473	-1
1.02704000473	-1
1.02704000473	-1
1.02704000473	-1
1.02704000473	-1
1.02704000473	-1
1.02704000473	-1
1.02704000473	-1
1.02740907669	-1
1.02740907669	-1
1.02740907669	-1
1.02740907669	-1
1.02740907669	-1
1.02740907669	-1
1.02740907669	-1
1.02740907669	-1
1.02771615982	-1
1.02771615982	-1
1.02771615982	-1
1.02771615982	-1
1.02771615982	-1
1.02771615982	-1
1.02771615982	-1
1.02771615982	-1
1.02843403816	-1
1.02843403816	-1
1.02843403816	-1
1.02843403816	-1
1.02843403816	-1
1.02843403816	-1
1.02843403816	-1
1.02843403816	-1
1.02879810333	-1
1.02879810333	-1
1.02879810333	-1
1.02879810333	-1
1.02879810333	-1
1.02879810333	-1
1.02879810333	-1
1.02987003326	1
1.02987003326	1
1.02987003326	1
1.06515192986	-1
1.06515192986	-1
1.06515192986	-1
1.06515192986	-1
1.06515192986	-1
1.06515192986	-1
1.06515192986	-1
1.06515192986	-1
1.06551909447	-1
1.06551909447	-1
1.06551909447	-1
1.06551909447	-1
1.06551909447	-1
1.06551909447	-1
1.06551909447	-1
1.06551909447	-1
1.06581401825	-1
1.06581401825	-1
1.06581401825	-1
1.06581401825	-1
1.06581401825	-1
1.06581401825	-1
1.06581401825	-1
1.06581401825	-1
1.06707501411	1
1.06707501411	1
1.09370613098	-1
1.09370613098	-1
1.09370613098	-1
1.09370613098	-1
1.09370613098	-1
1.09370613098	-1
1.09370613098	-1
1.09370613098	-1
1.09437513351	-1
1.09437513351	-1
1.09437513351	-1
1.09437513351	-1
1.09437513351	-1
1.09437513351	-1
1.09437513351	-1
1.09437513351	-1
1.09474301338	-1
1.09474301338	-1
1.09474301338	-1
1.09474301338	-1
1.09474301338	-1
1.09474301338	-1
1.09474301338	-1
1.09474301338	-1
1.09501504898	-1
1.09501504898	-1
1.09501504898	-1
1.09501504898	-1
1.09501504898	-1
1.09501504898	-1
1.09501504898	-1
1.09501504898	-1
1.09547996521	-1
1.09547996521	-1
1.09547996521	-1
1.09547996521	-1
1.09547996521	-1
1.09547996521	-1
1.09547996521	-1
1.09572505951	-1
1.09572505951	-1
1.09572505951	-1
1.09572505951	-1
1.09572505951	-1
1.09572505951	-1
1.09572505951	-1
1.09572505951	-1
1.09599804878	-1
1.09599804878	-1
1.09599804878	-1
1.09599804878	-1
1.09599804878	-1
1.09599804878	-1
1.09599804878	-1
1.09599804878	-1
1.09646296501	-1
1.09646296501	-1
1.09646296501	-1
1.09646296501	-1
1.09646296501	-1
1.09646296501	-1
1.09646296501	-1
1.09646296501	-1
1.12841105461	1
1.12871909142	-1
1.12871909142	-1
1.12871909142	-1
1.12871909142	-1
1.12871909142	-1
1.12871909142	-1
1.12871909142	-1
1.12871909142	-1
1.12910699844	-1
1.12910699844	-1
1.12910699844	-1
1.12910699844	-1
1.12910699844	-1
1.12910699844	-1
1.12910699844	-1
1.12910699844	-1
1.12947511673	-1
1.12947511673	-1
1.12947511673	-1
1.12947511673	-1
1.12947511673	-1
1.12947511673	-1
1.12947511673	-1
1.12947511673	-1
1.1298429966	-1
1.1298429966	-1
1.1298429966	-1
1.1298429966	-1
1.1298429966	-1
1.1298429966	-1
1.1298429966	-1
1.1298429966	-1
1.13011407852	-1
1.13011407852	-1
1.13011407852	-1
1.13011407852	-1
1.13011407852	-1
1.13011407852	-1
1.13011407852	-1
1.13057994843	-1
1.13057994843	-1
1.13057994843	-1
1.13057994843	-1
1.13057994843	-1
1.13057994843	-1
1.13057994843	-1
1.13057994843	-1
1.1308259964	-1
1.1308259964	-1
1.1308259964	-1
1.1308259964	-1
1.1308259964	-1
1.1308259964	-1
1.1308259964	-1
1.1308259964	-1
1.13113093376	-1
1.13113093376	-1
1.13113093376	-1
1.13113093376	-1
1.13113093376	-1
1.13113093376	-1
1.13113093376	-1
1.13113093376	-1
1.13158416748	-1
1.13158416748	-1
1.13158416748	-1
1.13158416748	-1
1.13158416748	-1
1.13158416748	-1
1.13158416748	-1
1.13158416748	-1
1.13189697266	-1
1.13189697266	-1
1.13189697266	-1
1.13189697266	-1
1.13189697266	-1
1.13189697266	-1
1.13189697266	-1
1.13189697266	-1
1.1686270237	-1
1.1686270237	-1
1.1686270237	-1
1.1686270237	-1
1.1686270237	-1
1.1686270237	-1
1.1686270237	-1
1.1686270237	-1
1.16920399666	-1
1.16920399666	-1
1.16920399666	-1
1.16920399666	-1
1.16920399666	-1
1.16920399666	-1
1.16920399666	-1
1.16920399666	-1
1.16957211494	-1
1.16957211494	-1
1.16957211494	-1
1.16957211494	-1
1.16957211494	-1
1.16957211494	-1
1.16957211494	-1
1.16993403435	1
1.16993403435	1
1.16993403435	1
1.1699450016	-1
1.1699450016	-1
1.1699450016	-1
1.1699450016	-1
1.1699450016	-1
1.1699450016	-1
1.1699450016	-1
1.1699450016	-1
1.17037510872	-1
1.17037510872	-1
1.17037510872	-1
1.17037510872	-1
