0.0	1
0.112948894501	1
0.329135894775	-1
0.487414836884	-1
0.507668972015	-1
0.507668972015	-1
0.507668972015	-1
0.507668972015	-1
0.508710861206	-1
0.508710861206	-1
0.508710861206	-1
0.508710861206	-1
0.664636850357	-1
0.664636850357	-1
0.664636850357	-1
0.721383810043	1
1.03106594086	-1
1.03223800659	1
1.61451983452	-1
1.61599183083	-1
1.61599183083	-1
1.61599183083	-1
1.61630296707	-1
1.61630296707	-1
1.61630296707	-1
1.61630296707	-1
1.61630296707	-1
1.61630296707	-1
1.61630296707	-1
1.61649799347	-1
1.61683487892	-1
1.61683487892	-1
1.61683487892	-1
1.61683487892	-1
1.7589468956	1
1.87195897102	1
1.87195897102	1
2.08128094673	-1
2.08164095879	-1
2.08164095879	-1
2.08164095879	-1
2.09362888336	-1
2.09362888336	-1
2.09362888336	-1
2.09362888336	-1
2.09362888336	-1
2.09362888336	-1
2.09362888336	-1
2.09362888336	-1
2.09834694862	-1
2.09834694862	-1
2.09834694862	-1
2.09834694862	-1
2.09834694862	-1
2.09834694862	-1
2.09834694862	-1
2.09834694862	-1
2.09834694862	-1
2.09869790077	-1
2.09869790077	-1
2.09869790077	-1
2.09869790077	-1
2.09869790077	-1
2.09869790077	-1
2.19493579865	-1
2.19493579865	-1
2.19493579865	-1
2.19622993469	1
2.23215484619	-1
2.23215484619	-1
2.23215484619	-1
2.23215484619	-1
2.23215484619	-1
2.23215484619	-1
2.23215484619	-1
2.23215484619	-1
2.23215484619	-1
2.23250699043	-1
2.23250699043	-1
2.23250699043	-1
2.23250699043	-1
2.23250699043	-1
2.23250699043	-1
2.23250699043	-1
2.2491338253	-1
2.24938082695	-1
2.24938082695	-1
2.24938082695	-1
2.24938082695	-1
2.24938082695	-1
2.24966692924	-1
2.24966692924	-1
2.24966692924	-1
2.25312280655	-1
2.25312280655	-1
2.25312280655	-1
2.25312280655	-1
2.25312280655	-1
2.25312280655	-1
2.25312280655	-1
2.25312280655	-1
2.25312280655	-1
2.30834889412	-1
2.30834889412	-1
2.30854296684	-1
2.30854296684	-1
2.30854296684	-1
2.30854296684	-1
2.30854296684	-1
2.30854296684	-1
2.34625101089	1
2.3877518177	-1
2.3877518177	-1
2.3877518177	-1
2.38789796829	-1
2.38789796829	-1
2.38789796829	-1
2.38789796829	-1
2.38789796829	-1
2.38789796829	-1
2.38789796829	-1
2.38789796829	-1
2.38864898682	-1
2.38864898682	-1
2.38864898682	-1
2.38864898682	-1
2.38864898682	-1
2.38864898682	-1
2.38864898682	-1
2.38864898682	-1
2.40517687798	-1
2.40517687798	-1
2.40517687798	-1
2.40517687798	-1
2.40517687798	-1
2.40517687798	-1
2.40517687798	-1
2.40826201439	-1
2.40868496895	-1
2.40868496895	-1
2.40868496895	-1
2.40868496895	-1
2.40868496895	-1
2.40868496895	-1
2.40868496895	-1
2.40868496895	-1
2.40883588791	-1
2.40883588791	-1
2.40883588791	-1
2.40883588791	-1
2.40883588791	-1
2.42145395279	-1
2.42145395279	-1
2.42145395279	-1
2.42145395279	-1
2.42145395279	-1
2.42167282104	-1
2.42167282104	-1
2.42167282104	-1
2.42189097404	-1
2.42201495171	-1
2.42201495171	-1
2.42201495171	-1
2.42201495171	-1
2.42201495171	-1
2.42201495171	-1
2.42201495171	-1
2.42201495171	-1
2.45865082741	-1
2.45865082741	-1
2.45865082741	-1
2.45865082741	-1
2.45865082741	-1
2.45865082741	-1
2.45865082741	-1
2.49908995628	1
2.49908995628	1
2.50096201897	-1
2.50096201897	-1
2.50118494034	-1
2.50118494034	-1
2.50118494034	-1
2.50118494034	-1
2.50118494034	-1
2.50118494034	-1
2.55176496506	-1
2.55176496506	-1
2.55176496506	-1
2.55176496506	-1
2.55176496506	-1
2.55176496506	-1
2.55264902115	-1
2.55264902115	-1
2.55264902115	-1
2.55264902115	-1
2.55264902115	-1
2.55264902115	-1
2.55264902115	-1
2.55264902115	-1
2.55311799049	-1
2.55311799049	-1
2.55311799049	-1
2.55311799049	-1
2.55311799049	-1
2.55311799049	-1
2.55311799049	-1
2.55363202095	-1
2.55393886566	-1
2.55393886566	-1
2.55393886566	-1
2.55393886566	-1
2.55393886566	-1
2.55393886566	-1
2.55393886566	-1
2.56337499619	-1
2.56356501579	-1
2.56356501579	-1
2.56356501579	-1
2.56356501579	-1
2.56356501579	-1
2.56356501579	-1
2.56356501579	-1
2.56356501579	-1
2.56380796432	-1
2.56426000595	-1
2.56426000595	-1
2.56426000595	-1
2.56426000595	-1
2.56426000595	-1
2.56426000595	-1
2.56426000595	-1
2.56426000595	-1
2.57171082497	-1
2.57171082497	-1
2.57171082497	-1
2.57171082497	-1
2.57171082497	-1
2.57171082497	-1
2.57171082497	-1
2.57171082497	-1
2.57171082497	-1
2.57206082344	-1
2.57206082344	-1
2.57206082344	-1
2.57206082344	-1
2.57206082344	-1
2.57230591774	-1
2.57230591774	-1
2.57230591774	-1
2.57230591774	-1
2.57230591774	-1
2.57230591774	-1
2.57230591774	-1
2.57230591774	-1
2.61471986771	1
2.61471986771	1
2.61486387253	-1
2.61486387253	-1
2.61677789688	1
2.61677789688	1
2.61677789688	1
2.61677789688	1
2.61677789688	1
2.61677789688	1
2.61677789688	1
2.61712193489	1
2.72975182533	1
2.9311299324	-1
2.93197894096	-1
2.93197894096	-1
2.93197894096	-1
2.93197894096	-1
2.93197894096	-1
2.93197894096	-1
2.93197894096	-1
2.93197894096	-1
2.93225693703	-1
2.93225693703	-1
2.93225693703	-1
2.93225693703	-1
2.93225693703	-1
2.93225693703	-1
2.93225693703	-1
2.93260097504	1
2.94839501381	-1
2.94839501381	-1
2.94866490364	-1
2.94866490364	-1
2.94866490364	-1
2.94866490364	-1
2.94866490364	-1
2.94866490364	-1
2.94866490364	-1
2.94866490364	-1
2.94866490364	-1
2.9494228363	-1
2.9494228363	-1
2.9494228363	-1
2.9494228363	-1
3.04501199722	-1
3.19457387924	-1
3.21816587448	-1
3.21816587448	-1
3.21816587448	-1
3.21816587448	-1
3.21816587448	-1
3.21816587448	-1
3.21816587448	-1
3.21816587448	-1
3.21816587448	-1
3.218531847	-1
3.218531847	-1
3.218531847	-1
3.218531847	-1
3.218531847	-1
3.218531847	-1
3.218531847	-1
3.21877789497	-1
3.21896290779	-1
3.21896290779	-1
3.21896290779	-1
3.21896290779	-1
3.21896290779	-1
3.21896290779	-1
3.21896290779	-1
3.24093699455	-1
3.24103784561	-1
3.24103784561	-1
3.24103784561	-1
3.24103784561	-1
3.24103784561	-1
3.24103784561	-1
3.24103784561	-1
3.24148893356	-1
3.24163198471	-1
3.24163198471	-1
3.24163198471	-1
3.24163198471	-1
3.24163198471	-1
3.24163198471	-1
3.24163198471	-1
3.24178981781	-1
3.24178981781	-1
3.2421298027	1
3.24216890335	-1
3.24216890335	-1
3.24236893654	-1
3.24236893654	-1
3.24236893654	-1
3.24236893654	-1
3.24236893654	-1
3.24236893654	-1
3.24236893654	-1
3.24261403084	-1
3.24261403084	-1
3.24261403084	-1
3.24261403084	-1
3.24261403084	-1
3.24261403084	-1
3.24261403084	-1
3.24293589592	-1
3.24293589592	-1
3.24293589592	-1
3.24293589592	-1
3.24293589592	-1
3.24293589592	-1
3.24293589592	-1
3.24293589592	-1
3.25980901718	-1
3.25980901718	-1
3.25980901718	-1
3.25980901718	-1
3.25980901718	-1
3.25980901718	-1
3.25980901718	-1
3.25980901718	-1
3.25980901718	-1
3.27665090561	-1
3.27665090561	-1
3.27710080147	-1
3.27710080147	-1
3.27710080147	-1
3.27710080147	-1
3.27710080147	-1
3.27710080147	-1
3.27710080147	-1
3.27710080147	-1
3.27710080147	-1
3.30784797668	-1
3.30784797668	-1
3.30784797668	-1
3.30784797668	-1
3.30784797668	-1
3.30784797668	-1
3.30784797668	-1
3.33143782616	-1
3.33161497116	-1
3.33161497116	-1
3.33161497116	-1
3.33161497116	-1
3.33161497116	-1
3.33161497116	-1
3.33161497116	-1
3.33186101913	-1
3.3319838047	-1
3.3319838047	-1
3.3319838047	-1
3.3319838047	-1
3.37312483788	-1
3.37312483788	-1
3.37312483788	-1
3.37315988541	1
3.37315988541	1
3.37365794182	-1
3.37365794182	-1
3.37379980087	-1
3.37379980087	-1
3.37379980087	-1
3.37379980087	-1
3.37379980087	-1
3.37379980087	-1
3.37379980087	-1
3.37379980087	-1
3.37404584885	-1
3.37404584885	-1
3.37404584885	-1
3.37404584885	-1
3.37404584885	-1
3.37429285049	-1
3.37432193756	-1
3.37432193756	-1
3.37432193756	-1
3.37432193756	-1
3.37432193756	-1
3.37432193756	-1
3.37432193756	-1
3.37689900398	-1
3.37704491615	-1
3.37704491615	-1
3.37704491615	-1
3.37704491615	-1
3.37704491615	-1
3.37704491615	-1
3.37704491615	-1
3.37704491615	-1
3.37728881836	-1
3.38363480568	1
3.38363480568	1
3.38363480568	1
3.40798091888	-1
3.40798091888	-1
3.40808200836	-1
3.40808200836	-1
3.40808200836	-1
3.40808200836	-1
3.40808200836	-1
3.44307589531	1
3.44307589531	1
3.77647781372	-1
3.77813386917	1
3.77829194069	1
3.77829194069	1
3.77829194069	1
3.77829194069	1
3.77829194069	1
3.89121985435	-1
4.009567976	-1
4.11661982536	-1
4.11661982536	-1
4.11661982536	-1
4.11661982536	-1
4.11661982536	-1
4.11661982536	-1
4.11661982536	-1
4.11661982536	-1
4.16888189316	-1
4.28208184242	-1
4.28208184242	-1
4.28208184242	-1
4.28260397911	-1
4.28260397911	-1
4.28278779984	-1
4.28278779984	-1
4.28278779984	-1
4.28278779984	-1
4.28291082382	-1
4.28291082382	-1
4.28291082382	-1
4.28291082382	-1
4.28294301033	-1
4.2831568718	-1
4.2831568718	-1
4.29349684715	1
4.30299687386	-1
4.30299687386	-1
4.30299687386	-1
4.30304503441	-1
4.30304503441	-1
4.30304503441	-1
4.30304503441	-1
4.30304503441	-1
4.30304503441	-1
4.34051084518	-1
4.34051084518	-1
4.34470701218	-1
4.34470701218	-1
4.34470701218	-1
4.34476399422	-1
4.34476399422	-1
4.34476399422	-1
4.43881082535	-1
4.43881082535	-1
4.43881082535	-1
4.43881082535	-1
4.43881082535	-1
4.43881082535	-1
4.43881082535	-1
4.43881082535	-1
4.43881082535	-1
4.45723485947	-1
4.45723485947	-1
4.45723485947	-1
4.45723485947	-1
4.45723485947	-1
4.45723485947	-1
4.45723485947	-1
4.45723485947	-1
4.45750689507	-1
4.45750689507	-1
4.45750689507	-1
4.45750689507	-1
4.45750689507	-1
4.45750689507	-1
4.45750689507	-1
4.45774793625	-1
4.45834302902	1
4.46010303497	-1
4.46010303497	-1
4.46010303497	-1
4.46010303497	-1
4.46010303497	-1
4.46010303497	-1
4.46010303497	-1
4.46010303497	-1
4.46045994759	-1
4.46045994759	-1
4.46045994759	-1
4.46045994759	-1
4.46045994759	-1
4.48539280891	-1
4.5081949234	-1
4.5081949234	-1
4.5082449913	-1
4.5082449913	-1
4.5082449913	-1
4.59374094009	-1
4.59374094009	-1
4.59374094009	-1
4.59374094009	-1
4.59374094009	-1
4.59374094009	-1
4.59374094009	-1
4.59374094009	-1
4.59374094009	-1
4.59374094009	-1
4.59375286102	1
4.59409880638	-1
4.59409880638	-1
4.60326099396	-1
4.60326099396	-1
4.60345697403	-1
4.60345697403	-1
4.60345697403	-1
4.60345697403	-1
4.60345697403	-1
4.60345697403	-1
4.60345697403	-1
4.60370182991	-1
4.60370182991	-1
4.60370182991	-1
4.60370182991	-1
4.60370182991	-1
4.60370182991	-1
4.60370182991	-1
4.61269402504	-1
4.61269402504	-1
4.61269402504	-1
4.61269402504	-1
4.61269402504	-1
4.61269402504	-1
4.61269402504	-1
4.61269402504	-1
4.61269402504	-1
4.61304688454	-1
4.61304688454	-1
4.61514496803	-1
4.61514496803	-1
4.61546397209	-1
4.61546397209	-1
4.61546397209	-1
4.61546397209	-1
4.61546397209	-1
4.61546397209	-1
4.61546397209	-1
4.61560893059	-1
4.61560893059	-1
4.61560893059	-1
4.61560893059	-1
4.61560893059	-1
4.61560893059	-1
4.61560893059	-1
4.62154388428	-1
4.62154388428	-1
4.62154388428	-1
4.62154388428	-1
4.62154388428	-1
4.64243602753	-1
4.64243602753	-1
4.64272093773	-1
4.64272093773	-1
4.64272093773	-1
4.64272093773	-1
4.64272093773	-1
4.64272093773	-1
4.64272093773	-1
4.64272093773	-1
4.64430689812	1
4.64430689812	1
4.64430689812	1
4.70700788498	-1
4.707228899	-1
4.707228899	-1
4.707228899	-1
4.707228899	-1
4.707228899	-1
4.707228899	-1
4.707228899	-1
4.70737600327	-1
4.75500202179	-1
4.75500202179	-1
4.75523090363	-1
4.75523090363	-1
4.75523090363	-1
4.75523090363	-1
4.75523090363	-1
4.75523090363	-1
4.75523090363	-1
4.75547790527	-1
4.75547790527	-1
4.75547790527	-1
4.75547790527	-1
4.75547790527	-1
4.75547790527	-1
4.75547790527	-1
4.77265691757	-1
4.77265691757	-1
4.77265691757	-1
4.77265691757	-1
4.77265691757	-1
4.77265691757	-1
4.77265691757	-1
4.77265691757	-1
4.7727868557	-1
4.77509403229	-1
4.77509403229	-1
4.77509403229	-1
4.77509403229	-1
4.86028599739	1
4.86028599739	1
5.39467787743	-1
5.41588902473	-1
5.41588902473	-1
5.41588902473	-1
5.41588902473	-1
5.5226290226	1
5.6207408905	-1
5.63548898697	1
5.63548898697	1
5.74865102768	-1
5.75048398972	1
5.86927390099	-1
5.86932301521	1
6.02881884575	-1
6.05003285408	-1
6.05003285408	-1
6.05003285408	-1
6.05003285408	-1
6.05003285408	-1
6.05003285408	-1
6.05003285408	-1
6.05003285408	-1
6.09264802933	-1
6.23732280731	-1
6.23732280731	-1
6.23732280731	-1
6.24191594124	-1
6.24191594124	-1
6.25019598007	1
6.25829195976	-1
6.25829195976	-1
6.25829195976	-1
6.25829195976	-1
6.25829195976	-1
6.25829195976	-1
6.25829195976	-1
6.42381381989	-1
6.42381381989	-1
6.42381381989	-1
6.53932785988	-1
6.53932785988	-1
6.54816579819	1
6.65277385712	-1
6.74147081375	1
6.74147081375	1
6.87617993355	-1
6.87721395493	1
7.22938394547	-1
7.31769180298	-1
7.31769180298	-1
7.31769180298	-1
7.31769180298	-1
7.31769180298	-1
7.31769180298	-1
7.31769180298	-1
7.31769180298	-1
8.22938895226	-1
8.27137494087	-1
8.27137494087	-1
8.27137494087	-1
10.0011329651	1
10.114027977	1
10.1713190079	-1
