0.0	1
0.153257131577	1
0.579604148865	-1
0.75949716568	-1
0.908960103989	-1
1.03334999084	-1
1.03340506554	-1
1.03340506554	-1
1.03340506554	-1
1.03340506554	-1
1.03340506554	-1
1.03340506554	-1
1.03340506554	-1
1.25800299644	-1
1.25800299644	-1
1.26761317253	1
1.84887695312	-1
1.85011196136	1
3.17437314987	-1
3.3042280674	-1
3.3042280674	-1
3.3042280674	-1
3.3042280674	-1
3.3042280674	-1
3.3042280674	-1
3.3042280674	-1
3.32189297676	-1
3.42654895782	-1
3.42654895782	-1
3.42654895782	-1
3.42654895782	-1
3.42654895782	-1
3.42654895782	-1
3.42654895782	-1
3.47320795059	1
3.58520007133	1
3.58520007133	1
4.07408905029	-1
4.2278110981	-1
4.27147603035	-1
4.27147603035	-1
4.27147603035	-1
4.27147603035	-1
4.27147603035	-1
4.27152514458	-1
4.35316610336	-1
4.35316610336	-1
4.35316610336	-1
4.35316610336	-1
4.35316610336	-1
4.35316610336	-1
4.4018239975	-1
4.4018239975	-1
4.40264511108	-1
4.40264511108	-1
4.40264511108	-1
4.40264511108	-1
4.40264511108	-1
4.40264511108	-1
4.40264511108	-1
4.43533015251	-1
4.43533015251	-1
4.43533015251	-1
4.43533015251	-1
4.43533015251	-1
4.43533015251	-1
4.43533015251	-1
4.43533015251	-1
4.43643212318	1
4.45657396317	-1
4.45657396317	-1
4.45657396317	-1
4.45657396317	-1
4.45657396317	-1
4.45657396317	-1
4.45657396317	-1
4.45657396317	-1
4.45681095123	-1
4.51079201698	-1
4.51079201698	-1
4.51079201698	-1
4.51079201698	-1
4.51079201698	-1
4.51079201698	-1
4.51079201698	-1
4.5117931366	-1
4.5117931366	-1
4.5117931366	-1
4.5117931366	-1
4.5117931366	-1
4.5117931366	-1
4.5117931366	-1
4.51551914215	-1
4.51551914215	-1
4.54944300652	1
4.56010103226	-1
4.56010103226	-1
4.56010103226	-1
4.56063199043	-1
4.56063199043	-1
4.56063199043	-1
4.56063199043	-1
4.56063199043	-1
4.56063199043	-1
4.59979200363	-1
4.59979200363	-1
4.59979200363	-1
4.59993696213	-1
4.59993696213	-1
4.59993696213	-1
4.59993696213	-1
4.59993696213	-1
4.63444805145	-1
4.63444805145	-1
4.63444805145	-1
4.63444805145	-1
4.63444805145	-1
4.63444805145	-1
4.63751006126	-1
4.63751006126	-1
4.63751006126	-1
4.63751006126	-1
4.64502716064	-1
4.64584612846	-1
4.64584612846	-1
4.64584612846	-1
4.64584612846	-1
4.64832305908	-1
4.64832305908	-1
4.64832305908	-1
4.64832305908	-1
4.64832305908	-1
4.67334914207	-1
4.67334914207	-1
4.67334914207	-1
4.67334914207	-1
4.67338013649	1
4.68500113487	-1
4.68500113487	-1
4.68500113487	-1
4.68500113487	-1
4.68500113487	-1
4.68500113487	-1
4.68500113487	-1
4.79722499847	-1
4.99622297287	-1
4.99626898766	-1
4.99626898766	-1
4.99626898766	-1
4.99626898766	-1
4.99626898766	-1
4.99650597572	-1
4.99650597572	-1
4.99679303169	-1
4.99679303169	-1
4.99679303169	-1
4.99679303169	-1
4.99679303169	-1
4.99679303169	-1
4.99679303169	-1
4.99679303169	-1
4.99706816673	-1
4.99706816673	-1
4.99732613564	-1
4.99732613564	-1
4.99750900269	-1
4.99750900269	-1
4.99750900269	-1
4.99750900269	-1
4.99750900269	-1
4.99750900269	-1
4.99864196777	1
5.10844516754	-1
5.12211203575	-1
5.12211203575	-1
5.12211203575	-1
5.12214517593	1
5.14224815369	-1
5.14224815369	-1
5.14224815369	-1
5.14224815369	-1
5.14262294769	-1
5.14262294769	-1
5.14262294769	-1
5.14262294769	-1
5.14262294769	-1
5.14286613464	-1
5.14286613464	-1
5.14290213585	-1
5.14290213585	-1
5.14290213585	-1
5.14290213585	-1
5.14290213585	-1
5.14290213585	-1
5.14362716675	-1
5.14362716675	-1
5.14362716675	-1
5.14362716675	-1
5.14362716675	-1
5.14362716675	-1
5.14387011528	-1
5.14399194717	-1
5.14399194717	-1
5.14399194717	-1
5.14399194717	-1
5.14399194717	-1
5.14411497116	-1
5.23471498489	-1
5.23471498489	-1
5.23471498489	-1
5.23471498489	-1
5.23471498489	-1
5.23471498489	-1
5.23471498489	-1
5.25516915321	-1
5.25516915321	-1
5.25516915321	-1
5.25516915321	-1
5.25516915321	-1
5.25516915321	-1
5.25516915321	-1
5.25516915321	-1
5.25615811348	1
5.31532406807	-1
5.31532406807	-1
5.31544303894	-1
5.31544303894	-1
5.32544398308	-1
5.32544398308	-1
5.32544398308	-1
5.32544398308	-1
5.32544398308	-1
5.32544398308	-1
5.32544398308	-1
5.37278914452	-1
5.37278914452	-1
5.37278914452	-1
5.37278914452	-1
5.37278914452	-1
5.37278914452	-1
5.37278914452	-1
5.49333500862	-1
5.49333500862	-1
5.49333500862	-1
5.49333500862	-1
5.49333500862	-1
5.49333500862	-1
5.49333500862	-1
5.49333500862	-1
5.49347615242	-1
5.49378800392	-1
5.49378800392	-1
5.49378800392	-1
5.49378800392	-1
5.49378800392	-1
5.49378800392	-1
5.49378800392	-1
5.49409604073	-1
5.49739003181	-1
5.49739003181	-1
5.59828615189	1
5.59963798523	1
5.59963798523	1
5.59963798523	1
5.59963798523	1
5.59963798523	1
5.59963798523	1
5.59963798523	1
5.59963798523	1
5.59963798523	1
5.60136699677	1
5.60136699677	1
5.82071995735	-1
5.82399106026	1
5.97614216805	-1
5.97859811783	1
5.98055911064	1
5.98055911064	1
5.98055911064	1
5.98231101036	1
5.98231101036	1
5.98418617249	1
5.98418617249	1
5.98418617249	1
6.09063196182	1
6.21160316467	-1
6.45380496979	-1
6.65969896317	-1
6.79879713058	-1
6.79879713058	-1
6.79879713058	-1
6.79879713058	-1
6.79879713058	-1
6.79879713058	-1
6.79879713058	-1
6.79879713058	-1
6.82497406006	-1
6.84996509552	-1
6.94935917854	-1
6.94935917854	-1
6.94935917854	-1
6.95011305809	1
7.07489800453	-1
7.07489800453	-1
7.07489800453	-1
7.07494211197	1
7.12002897263	-1
7.12002897263	-1
7.12002897263	-1
7.12002897263	-1
7.12002897263	-1
7.12002897263	-1
7.12002897263	-1
7.12002897263	-1
7.13842606544	-1
7.1460981369	-1
7.1460981369	-1
7.1460981369	-1
7.1460981369	-1
7.1460981369	-1
7.1460981369	-1
7.1460981369	-1
7.166462183	-1
7.166462183	-1
7.18245410919	-1
7.18245410919	-1
7.18245410919	-1
7.22987008095	-1
7.22987008095	-1
7.23287606239	-1
7.23287606239	-1
7.23287606239	-1
7.23287606239	-1
7.23287606239	-1
7.23701000214	-1
7.23701000214	-1
7.23701000214	-1
7.25890517235	1
7.36248397827	-1
7.36248397827	-1
7.36248397827	-1
7.36248397827	-1
7.36248397827	-1
7.36248397827	-1
7.36248397827	-1
7.36248397827	-1
7.36395597458	-1
7.37118506432	-1
7.39860701561	-1
7.39860701561	-1
7.39860701561	-1
7.39949202538	-1
7.39949202538	-1
7.39949202538	-1
7.39949202538	-1
7.39949202538	-1
7.39949202538	-1
7.39949202538	-1
7.39949202538	-1
7.40004205704	-1
7.40004205704	-1
7.40004205704	-1
7.4029519558	-1
7.4029519558	-1
7.40701317787	1
7.55932402611	1
7.55932402611	1
7.63404917717	-1
7.74639511108	-1
7.74639511108	-1
7.75711917877	1
7.85939717293	-1
7.9495010376	1
8.01000809669	-1
8.1014881134	1
8.1014881134	1
8.1619451046	-1
8.29348802567	1
8.35389494896	-1
8.54124617577	1
8.54124617577	1
8.6100730896	-1
8.693349123	1
8.7620871067	-1
8.7620871067	-1
8.80569314957	1
8.87241601944	-1
8.87241601944	-1
8.87241601944	-1
8.91796398163	1
8.97008395195	-1
8.97008395195	-1
8.97008395195	-1
8.97008395195	-1
8.97008395195	-1
9.09444999695	-1
9.09444999695	-1
9.09444999695	-1
9.09444999695	-1
9.09444999695	-1
9.09444999695	-1
9.09444999695	-1
9.14419698715	1
9.25633406639	-1
9.4503030777	-1
9.4514939785	1
9.56705307961	-1
9.56709098816	1
9.64074897766	-1
9.64074897766	-1
9.64074897766	-1
9.65001106262	1
9.65001106262	1
9.65001106262	1
9.67941904068	-1
9.67941904068	-1
9.79173803329	-1
9.79177618027	1
9.82528400421	-1
9.82528400421	-1
9.82528400421	-1
9.8253929615	-1
9.8253929615	-1
9.8253929615	-1
9.8253929615	-1
9.8253929615	-1
9.85816907883	-1
9.85816907883	-1
9.85816907883	-1
9.85816907883	-1
9.85816907883	-1
9.90408301353	1
9.90408301353	1
9.99798107147	-1
9.99798107147	-1
9.99798107147	-1
9.99798107147	-1
9.99798107147	-1
9.99798107147	-1
9.99798107147	-1
9.99798107147	-1
10.0015740395	1
10.0015740395	1
10.0015740395	1
10.0166110992	1
10.1227431297	-1
10.1227431297	-1
10.1227431297	-1
10.1227431297	-1
10.1227431297	-1
10.1227431297	-1
10.1227431297	-1
10.1227431297	-1
10.1310780048	1
10.2476019859	-1
10.2742359638	-1
10.2742359638	-1
10.2742359638	-1
10.2771730423	1
10.2964060307	-1
10.2964060307	-1
10.2964060307	-1
10.2964060307	-1
10.2964060307	-1
10.2964060307	-1
10.2964060307	-1
10.2969751358	-1
10.2971191406	-1
10.2971191406	-1
10.2971191406	-1
10.2971191406	-1
10.2971191406	-1
10.2971191406	-1
10.2971191406	-1
10.3738641739	-1
10.3739750385	-1
10.3739750385	-1
10.3739750385	-1
10.3739750385	-1
10.3739750385	-1
10.3739750385	-1
10.4439270496	-1
10.4439270496	-1
10.4439270496	-1
10.4439270496	-1
10.4439270496	-1
10.4439270496	-1
10.4439270496	-1
10.4439599514	1
10.4441549778	-1
10.5164000988	-1
10.5164000988	-1
10.5164000988	-1
10.5164000988	-1
10.5164000988	-1
10.5408830643	-1
10.5725140572	-1
10.5725140572	-1
10.5725140572	-1
10.5725500584	1
10.6104669571	-1
10.6104669571	-1
10.6104669571	-1
10.6104669571	-1
10.6104669571	-1
10.6104669571	-1
10.6104669571	-1
10.6104669571	-1
10.6108090878	-1
10.6108090878	-1
10.708053112	-1
10.708053112	-1
10.708053112	-1
10.7080800533	1
10.7080800533	1
10.7225990295	-1
10.7225990295	-1
10.7225990295	-1
10.7225990295	-1
10.7558989525	-1
10.7600970268	-1
10.7600970268	-1
10.7600970268	-1
10.7919430733	-1
10.7919430733	-1
10.7919430733	-1
10.7919430733	-1
10.7919430733	-1
10.7919430733	-1
10.7919430733	-1
10.7919430733	-1
10.8086931705	-1
10.8102281094	-1
10.8102281094	-1
10.8102281094	-1
10.8102281094	-1
10.8102281094	-1
10.8102281094	-1
10.8102281094	-1
10.8717479706	-1
10.8717820644	1
10.8718149662	-1
10.8718149662	-1
10.8718149662	-1
10.8718149662	-1
10.8718149662	-1
10.8718149662	-1
10.8906190395	-1
10.9147260189	-1
10.9147260189	-1
10.9147260189	-1
10.9147260189	-1
10.9147260189	-1
10.9147260189	-1
10.9147260189	-1
10.9171130657	-1
10.9171130657	-1
10.9171130657	-1
10.9171130657	-1
10.9171130657	-1
10.9171130657	-1
10.9171130657	-1
10.9171130657	-1
11.0270600319	-1
11.0270969868	1
11.0857520103	-1
11.0857520103	-1
11.0857520103	-1
11.1474039555	1
11.2516670227	-1
11.2516670227	-1
11.2591810226	-1
11.2591810226	-1
11.2591810226	-1
11.2591810226	-1
11.2591810226	-1
11.2591810226	-1
11.2591810226	-1
11.358091116	-1
11.358091116	-1
11.4180641174	-1
11.4180641174	-1
11.4180641174	-1
11.4264400005	1
11.5788919926	1
11.5788919926	1
11.6340141296	-1
11.7465541363	-1
11.7465920448	1
11.7465920448	1
11.8173501492	-1
11.8173501492	-1
11.8173501492	-1
11.9757909775	-1
11.9757909775	-1
11.9785990715	1
12.0882179737	-1
12.1711010933	1
12.1711010933	1
12.2379491329	-1
12.3231110573	1
12.6091361046	-1
12.721861124	-1
12.721861124	-1
12.8341240883	-1
12.8341240883	-1
12.8579821587	-1
12.8579821587	-1
12.8579821587	-1
12.8579821587	-1
12.9021341801	-1
12.9021341801	-1
12.9830729961	-1
12.9830729961	-1
12.9830729961	-1
12.9830729961	-1
12.9830729961	-1
12.9830729961	-1
12.9830729961	-1
13.0421571732	-1
13.0421571732	-1
13.0455760956	-1
13.0455760956	-1
13.0455760956	-1
13.0455760956	-1
13.0455760956	-1
13.0455760956	-1
13.0455760956	-1
13.0612621307	-1
13.0612621307	-1
13.0612621307	-1
13.0612621307	-1
13.0612621307	-1
13.0612621307	-1
13.0612621307	-1
13.0612621307	-1
13.1082601547	-1
13.1083090305	-1
13.1083090305	-1
13.1083090305	-1
13.1083090305	-1
13.1083090305	-1
13.2118840218	-1
13.2118840218	-1
13.2118840218	-1
13.2133431435	-1
13.2133431435	-1
13.2140171528	-1
13.2140171528	-1
13.2140171528	-1
13.2140171528	-1
13.2140171528	-1
13.2209529877	1
13.2333230972	-1
13.2334501743	-1
13.2334501743	-1
13.2334501743	-1
13.2334501743	-1
13.4338700771	-1
13.5463860035	-1
13.5463860035	-1
13.6601030827	-1
13.6606230736	1
13.7723240852	-1
13.9949450493	-1
13.9961791039	1
14.1081531048	1
14.1607010365	-1
14.3100609779	-1
14.4622890949	-1
14.4622890949	-1
15.4486219883	-1
15.599971056	-1
15.7255730629	-1
15.7260291576	-1
15.7260291576	-1
15.7260291576	-1
15.7260291576	-1
15.7260291576	-1
15.7260291576	-1
15.8533129692	1
15.9652881622	1
15.9652881622	1
16.4305369854	-1
16.6298310757	-1
16.7334611416	-1
16.7334611416	-1
16.7334611416	-1
16.7355389595	1
16.7827870846	-1
16.7827870846	-1
16.7827870846	-1
16.7827870846	-1
16.7827870846	-1
16.7827870846	-1
16.7827870846	-1
16.8479349613	1
16.8940551281	-1
17.0066051483	-1
17.0066051483	-1
17.0144350529	1
17.313450098	-1
17.5033290386	-1
17.6159901619	-1
17.6293611526	-1
17.6293611526	-1
17.6293611526	-1
17.6293611526	-1
17.6293611526	-1
17.6293611526	-1
17.6293611526	-1
17.8409869671	-1
17.8409869671	-1
17.8425531387	1
17.9544351101	-1
17.9544351101	-1
17.9553480148	1
18.0674090385	1
18.6198451519	-1
18.8247179985	-1
18.8259470463	1
19.3890850544	-1
19.5836730003	-1
19.7089869976	-1
19.7099690437	-1
19.7099690437	-1
19.7099690437	-1
19.7099690437	-1
19.7099690437	-1
19.7099690437	-1
19.8211221695	-1
20.4029459953	-1
20.5392870903	-1
